[Grid]
nodes:100
dt_0:0.02
dt_1:0.02
dt_2:0.02
dt_3:0.02
dt_4:0.02
dt_5:0.02
dt_6:0.02
dt_7:0.02
dt_8:0.02
dt_9:0.02
dt_10:0.02
dt_11:0.02
dt_12:0.02
dt_13:0.02
dt_14:0.02
dt_15:0.02
dt_16:0.02
dt_17:0.02
dt_18:0.02
dt_19:0.02
dt_20:0.02
dt_21:0.02
dt_22:0.02
dt_23:0.02
dt_24:0.02
dt_25:0.02
dt_26:0.02
dt_27:0.02
dt_28:0.02
dt_29:0.02
dt_30:0.02
dt_31:0.02
dt_32:0.02
dt_33:0.02
dt_34:0.02
dt_35:0.02
dt_36:0.02
dt_37:0.02
dt_38:0.02
dt_39:0.02
dt_40:0.02
dt_41:0.02
dt_42:0.02
dt_43:0.02
dt_44:0.02
dt_45:0.02
dt_46:0.02
dt_47:0.02
dt_48:0.02
dt_49:0.02
dt_50:0.02
dt_51:0.02
dt_52:0.02
dt_53:0.02
dt_54:0.02
dt_55:0.02
dt_56:0.02
dt_57:0.02
dt_58:0.02
dt_59:0.02
dt_60:0.02
dt_61:0.02
dt_62:0.02
dt_63:0.02
dt_64:0.02
dt_65:0.02
dt_66:0.02
dt_67:0.02
dt_68:0.02
dt_69:0.02
dt_70:0.02
dt_71:0.02
dt_72:0.02
dt_73:0.02
dt_74:0.02
dt_75:0.02
dt_76:0.02
dt_77:0.02
dt_78:0.02
dt_79:0.02
dt_80:0.02
dt_81:0.02
dt_82:0.02
dt_83:0.02
dt_84:0.02
dt_85:0.02
dt_86:0.02
dt_87:0.02
dt_88:0.02
dt_89:0.02
dt_90:0.02
dt_91:0.02
dt_92:0.02
dt_93:0.02
dt_94:0.02
dt_95:0.02
dt_96:0.02
dt_97:0.02
dt_98:0.02
dt_99:0.02
[Control]
u_0:0
u_1:0
u_2:0
u_3:0
u_4:0.2501263012
u_5:0.6378863258
u_6:1
u_7:1
u_8:1
u_9:1
u_10:1
u_11:1
u_12:1
u_13:1
u_14:1
u_15:0.8547418146
u_16:0.6378014385
u_17:0.9705027559
u_18:0.7702553236
u_19:0.8802405652
u_20:0.5366823257
u_21:0.530875773
u_22:0.2796762297
u_23:0.3219492008
u_24:0.2488532239
u_25:0
u_26:0
u_27:0
u_28:0
u_29:0
u_30:0
u_31:0
u_32:0.1207054021
u_33:0.04303477524
u_34:0.196848239
u_35:0.1725428184
u_36:0.1911000512
u_37:0.3946945783
u_38:0.3580073226
u_39:0.6132589138
u_40:0.3294383663
u_41:0.3556015574
u_42:0.5143954307
u_43:0.4400271912
u_44:0.2343947469
u_45:0.1767475829
u_46:0
u_47:0
u_48:0
u_49:0
u_50:0.08103691711
u_51:0.1912102707
u_52:0.2351420138
u_53:0.3754451817
u_54:0.502782068
u_55:0.4678752606
u_56:0.7566907405
u_57:1
u_58:1
u_59:1
u_60:1
u_61:1
u_62:1
u_63:0.7551508421
u_64:0.8193040951
u_65:0.9002311124
u_66:0.7923182658
u_67:0.8517984123
u_68:0.9021760796
u_69:1
u_70:1
u_71:1
u_72:1
u_73:1
u_74:0.8800576769
u_75:0.6742155484
u_76:0.7992475223
u_77:0.752983941
u_78:0.6682447545
u_79:0.774312808
u_80:0.3692881886
u_81:0.4611808538
u_82:0.2092913829
u_83:0
u_84:0
u_85:0
u_86:0
u_87:0
u_88:0.01019576846
u_89:0.1695940246
u_90:0.4839237503
u_91:0.4806803856
u_92:0.6242487654
u_93:0.4024792825
u_94:0.7367953256
u_95:0.6175288998
u_96:0.6943489889
u_97:0.452515536
u_98:0.3345602359
u_99:0
[Objective]
0.01086474418
