[Grid]
nodes:100
dt_0:0.02
dt_1:0.02
dt_2:0.02
dt_3:0.02
dt_4:0.02
dt_5:0.02
dt_6:0.02
dt_7:0.02
dt_8:0.02
dt_9:0.02
dt_10:0.02
dt_11:0.02
dt_12:0.02
dt_13:0.02
dt_14:0.02
dt_15:0.02
dt_16:0.02
dt_17:0.02
dt_18:0.02
dt_19:0.02
dt_20:0.02
dt_21:0.02
dt_22:0.02
dt_23:0.02
dt_24:0.02
dt_25:0.02
dt_26:0.02
dt_27:0.02
dt_28:0.02
dt_29:0.02
dt_30:0.02
dt_31:0.02
dt_32:0.02
dt_33:0.02
dt_34:0.02
dt_35:0.02
dt_36:0.02
dt_37:0.02
dt_38:0.02
dt_39:0.02
dt_40:0.02
dt_41:0.02
dt_42:0.02
dt_43:0.02
dt_44:0.02
dt_45:0.02
dt_46:0.02
dt_47:0.02
dt_48:0.02
dt_49:0.02
dt_50:0.02
dt_51:0.02
dt_52:0.02
dt_53:0.02
dt_54:0.02
dt_55:0.02
dt_56:0.02
dt_57:0.02
dt_58:0.02
dt_59:0.02
dt_60:0.02
dt_61:0.02
dt_62:0.02
dt_63:0.02
dt_64:0.02
dt_65:0.02
dt_66:0.02
dt_67:0.02
dt_68:0.02
dt_69:0.02
dt_70:0.02
dt_71:0.02
dt_72:0.02
dt_73:0.02
dt_74:0.02
dt_75:0.02
dt_76:0.02
dt_77:0.02
dt_78:0.02
dt_79:0.02
dt_80:0.02
dt_81:0.02
dt_82:0.02
dt_83:0.02
dt_84:0.02
dt_85:0.02
dt_86:0.02
dt_87:0.02
dt_88:0.02
dt_89:0.02
dt_90:0.02
dt_91:0.02
dt_92:0.02
dt_93:0.02
dt_94:0.02
dt_95:0.02
dt_96:0.02
dt_97:0.02
dt_98:0.02
dt_99:0.02
[Control]
u_0:0
u_1:0
u_2:0
u_3:0
u_4:0.2518415629
u_5:0.6404739284
u_6:1
u_7:1
u_8:1
u_9:1
u_10:1
u_11:1
u_12:0.9701866354
u_13:0.888440034
u_14:0.8303070523
u_15:0.8245262572
u_16:0.8161956922
u_17:0.782237683
u_18:0.7507711117
u_19:0.7218033852
u_20:0.5888487747
u_21:0.4931220565
u_22:0.5053880128
u_23:0.3202597999
u_24:0.2836202801
u_25:0
u_26:0
u_27:0
u_28:0.08888468851
u_29:0.2395274289
u_30:0.2045897679
u_31:0.2058475755
u_32:0.1110209576
u_33:0
u_34:0.2323773247
u_35:0.2167633446
u_36:0.03390104829
u_37:0.2679776183
u_38:0.1695493938
u_39:0.2682017954
u_40:0.1646460776
u_41:0.2013255798
u_42:0.1802919482
u_43:0.1796664846
u_44:0.1840037863
u_45:0.06777282758
u_46:0.1689359684
u_47:0.1254738619
u_48:0.1802627647
u_49:0.1800977376
u_50:0.3257057464
u_51:0.192620424
u_52:0.4107397821
u_53:0.4752121241
u_54:0.4909203493
u_55:0.694323008
u_56:0.8149169624
u_57:0.9281363743
u_58:0.9508648971
u_59:0.8904982939
u_60:0.8656508604
u_61:0.6916191275
u_62:1
u_63:1
u_64:1
u_65:1
u_66:1
u_67:1
u_68:1
u_69:1
u_70:1
u_71:0.6755403457
u_72:0.9841115248
u_73:0.8120865249
u_74:0.8966918653
u_75:0.7994096178
u_76:0.8662313063
u_77:0.7877554434
u_78:0.5942303845
u_79:0.4328904656
u_80:0.2385617928
u_81:0.2244998655
u_82:0.3874092158
u_83:0.3903636346
u_84:0.3472827886
u_85:0.3471425409
u_86:0.3069872044
u_87:0.2573973359
u_88:0.1591804533
u_89:0.08989253213
u_90:0.003711280428
u_91:0.2123246257
u_92:0.2451666636
u_93:0.2621217971
u_94:0.3257830902
u_95:0.4138592174
u_96:0.3657196642
u_97:0.1509107003
u_98:0.166692997
u_99:0
[Objective]
0.01114924122
