[Grid]
nodes:100
dt_0:0.02
dt_1:0.02
dt_2:0.02
dt_3:0.02
dt_4:0.02
dt_5:0.02
dt_6:0.02
dt_7:0.02
dt_8:0.02
dt_9:0.02
dt_10:0.02
dt_11:0.02
dt_12:0.02
dt_13:0.02
dt_14:0.02
dt_15:0.02
dt_16:0.02
dt_17:0.02
dt_18:0.02
dt_19:0.02
dt_20:0.02
dt_21:0.02
dt_22:0.02
dt_23:0.02
dt_24:0.02
dt_25:0.02
dt_26:0.02
dt_27:0.02
dt_28:0.02
dt_29:0.02
dt_30:0.02
dt_31:0.02
dt_32:0.02
dt_33:0.02
dt_34:0.02
dt_35:0.02
dt_36:0.02
dt_37:0.02
dt_38:0.02
dt_39:0.02
dt_40:0.02
dt_41:0.02
dt_42:0.02
dt_43:0.02
dt_44:0.02
dt_45:0.02
dt_46:0.02
dt_47:0.02
dt_48:0.02
dt_49:0.02
dt_50:0.02
dt_51:0.02
dt_52:0.02
dt_53:0.02
dt_54:0.02
dt_55:0.02
dt_56:0.02
dt_57:0.02
dt_58:0.02
dt_59:0.02
dt_60:0.02
dt_61:0.02
dt_62:0.02
dt_63:0.02
dt_64:0.02
dt_65:0.02
dt_66:0.02
dt_67:0.02
dt_68:0.02
dt_69:0.02
dt_70:0.02
dt_71:0.02
dt_72:0.02
dt_73:0.02
dt_74:0.02
dt_75:0.02
dt_76:0.02
dt_77:0.02
dt_78:0.02
dt_79:0.02
dt_80:0.02
dt_81:0.02
dt_82:0.02
dt_83:0.02
dt_84:0.02
dt_85:0.02
dt_86:0.02
dt_87:0.02
dt_88:0.02
dt_89:0.02
dt_90:0.02
dt_91:0.02
dt_92:0.02
dt_93:0.02
dt_94:0.02
dt_95:0.02
dt_96:0.02
dt_97:0.02
dt_98:0.02
dt_99:0.02
[Control]
u_0:0
u_1:0
u_2:0
u_3:0
u_4:0.2521999371
u_5:0.6410143915
u_6:1
u_7:1
u_8:1
u_9:1
u_10:1
u_11:1
u_12:0.9628475132
u_13:0.8286587694
u_14:0.858249978
u_15:0.73775923
u_16:0.8988722158
u_17:0.8303654815
u_18:0.6785835998
u_19:0.7553498222
u_20:0.6090531296
u_21:0.5287042267
u_22:0.3250394695
u_23:0.4519736256
u_24:0.2928430827
u_25:0
u_26:0
u_27:0.1399048188
u_28:0.1566726045
u_29:0.1680600715
u_30:0.1848616695
u_31:0.1508345314
u_32:0.1224337432
u_33:0.08362668141
u_34:0.07159679492
u_35:0.2496404817
u_36:0.1702197435
u_37:0.1907960603
u_38:0.1552212727
u_39:0.1839970771
u_40:0.212267002
u_41:0.1642160747
u_42:0.2094756368
u_43:0.156887494
u_44:0.1637546615
u_45:0.226782107
u_46:0.1236207969
u_47:0.1291544124
u_48:0.1520524734
u_49:0.2199432859
u_50:0.2859050524
u_51:0.3513901019
u_52:0.3854153197
u_53:0.503099383
u_54:0.5573096238
u_55:0.7213698977
u_56:0.8106651745
u_57:0.7638975883
u_58:0.6633865222
u_59:0.9065267466
u_60:0.824313409
u_61:1
u_62:1
u_63:1
u_64:1
u_65:1
u_66:1
u_67:1
u_68:1
u_69:1
u_70:0.8672546695
u_71:0.8752585426
u_72:0.8007776683
u_73:0.8365186314
u_74:0.9560434107
u_75:0.7648636155
u_76:0.7464503723
u_77:0.7101302947
u_78:0.6901784065
u_79:0.4962714211
u_80:0.2129592224
u_81:0.3857726164
u_82:0.438589281
u_83:0.3962633499
u_84:0.2839168373
u_85:0.3887930802
u_86:0.2734904437
u_87:0.2879935274
u_88:0.0595483241
u_89:0.1578984255
u_90:0.1879200259
u_91:0.1332643978
u_92:0.1896492977
u_93:0.3160607654
u_94:0.2663448669
u_95:0.3807256309
u_96:0.1409689286
u_97:0.2751564759
u_98:0.09367803636
u_99:0
[Objective]
0.01117788749
