[Grid]
nodes:100
dt_0:0.02
dt_1:0.02
dt_2:0.02
dt_3:0.02
dt_4:0.02
dt_5:0.02
dt_6:0.02
dt_7:0.02
dt_8:0.02
dt_9:0.02
dt_10:0.02
dt_11:0.02
dt_12:0.02
dt_13:0.02
dt_14:0.02
dt_15:0.02
dt_16:0.02
dt_17:0.02
dt_18:0.02
dt_19:0.02
dt_20:0.02
dt_21:0.02
dt_22:0.02
dt_23:0.02
dt_24:0.02
dt_25:0.02
dt_26:0.02
dt_27:0.02
dt_28:0.02
dt_29:0.02
dt_30:0.02
dt_31:0.02
dt_32:0.02
dt_33:0.02
dt_34:0.02
dt_35:0.02
dt_36:0.02
dt_37:0.02
dt_38:0.02
dt_39:0.02
dt_40:0.02
dt_41:0.02
dt_42:0.02
dt_43:0.02
dt_44:0.02
dt_45:0.02
dt_46:0.02
dt_47:0.02
dt_48:0.02
dt_49:0.02
dt_50:0.02
dt_51:0.02
dt_52:0.02
dt_53:0.02
dt_54:0.02
dt_55:0.02
dt_56:0.02
dt_57:0.02
dt_58:0.02
dt_59:0.02
dt_60:0.02
dt_61:0.02
dt_62:0.02
dt_63:0.02
dt_64:0.02
dt_65:0.02
dt_66:0.02
dt_67:0.02
dt_68:0.02
dt_69:0.02
dt_70:0.02
dt_71:0.02
dt_72:0.02
dt_73:0.02
dt_74:0.02
dt_75:0.02
dt_76:0.02
dt_77:0.02
dt_78:0.02
dt_79:0.02
dt_80:0.02
dt_81:0.02
dt_82:0.02
dt_83:0.02
dt_84:0.02
dt_85:0.02
dt_86:0.02
dt_87:0.02
dt_88:0.02
dt_89:0.02
dt_90:0.02
dt_91:0.02
dt_92:0.02
dt_93:0.02
dt_94:0.02
dt_95:0.02
dt_96:0.02
dt_97:0.02
dt_98:0.02
dt_99:0.02
[Control]
u_0:0
u_1:0
u_2:0
u_3:0
u_4:0.2543603918
u_5:0.6442741348
u_6:1
u_7:1
u_8:1
u_9:1
u_10:1
u_11:0.8352259319
u_12:0.8304919223
u_13:0.9124871477
u_14:0.9473108734
u_15:0.9183531771
u_16:0.7351676343
u_17:0.7490638165
u_18:0.7024683429
u_19:0.5926123631
u_20:0.6731520116
u_21:0.5494264752
u_22:0.4993434598
u_23:0.351940344
u_24:0.1944189151
u_25:0.004899064658
u_26:0
u_27:0
u_28:0.1784700919
u_29:0.1768733727
u_30:0.182741864
u_31:0.07459747497
u_32:0.175984156
u_33:0.1109099045
u_34:0.1632279707
u_35:0.1134765124
u_36:0.1306750053
u_37:0.1869770931
u_38:0.1548223064
u_39:0.2013683243
u_40:0.2083893162
u_41:0.1706725722
u_42:0.04814472705
u_43:0.2550127419
u_44:0.2078941739
u_45:0.2878726207
u_46:0.2003307589
u_47:0.2319756241
u_48:0.2227072279
u_49:0.2324340257
u_50:0.2985422394
u_51:0.377053673
u_52:0.4406690604
u_53:0.456728725
u_54:0.5347351247
u_55:0.5229387573
u_56:0.6245018563
u_57:0.6992815329
u_58:0.7656997434
u_59:0.9473753493
u_60:0.9012455459
u_61:1
u_62:1
u_63:1
u_64:1
u_65:1
u_66:1
u_67:0.9001535784
u_68:0.8564573969
u_69:0.9769538381
u_70:0.9193308433
u_71:0.895353372
u_72:0.8653461505
u_73:0.7596227734
u_74:0.7675167061
u_75:0.7630365713
u_76:0.7514005263
u_77:0.6752794008
u_78:0.6434797609
u_79:0.6245423593
u_80:0.5614161706
u_81:0.3572715495
u_82:0.3552416026
u_83:0.3631106672
u_84:0.382396622
u_85:0.2634883679
u_86:0.2848255388
u_87:0.2910410477
u_88:0.158721266
u_89:0.2387038999
u_90:0.2160524884
u_91:0.1562365931
u_92:0.1817221765
u_93:0.2539943207
u_94:0.1066207868
u_95:0.1372033034
u_96:0.2123580373
u_97:0.2030092421
u_98:0.1082910312
u_99:0
[Objective]
0.01121697376
