[Grid]
nodes:100
dt_0:0.02
dt_1:0.02
dt_2:0.02
dt_3:0.02
dt_4:0.02
dt_5:0.02
dt_6:0.02
dt_7:0.02
dt_8:0.02
dt_9:0.02
dt_10:0.02
dt_11:0.02
dt_12:0.02
dt_13:0.02
dt_14:0.02
dt_15:0.02
dt_16:0.02
dt_17:0.02
dt_18:0.02
dt_19:0.02
dt_20:0.02
dt_21:0.02
dt_22:0.02
dt_23:0.02
dt_24:0.02
dt_25:0.02
dt_26:0.02
dt_27:0.02
dt_28:0.02
dt_29:0.02
dt_30:0.02
dt_31:0.02
dt_32:0.02
dt_33:0.02
dt_34:0.02
dt_35:0.02
dt_36:0.02
dt_37:0.02
dt_38:0.02
dt_39:0.02
dt_40:0.02
dt_41:0.02
dt_42:0.02
dt_43:0.02
dt_44:0.02
dt_45:0.02
dt_46:0.02
dt_47:0.02
dt_48:0.02
dt_49:0.02
dt_50:0.02
dt_51:0.02
dt_52:0.02
dt_53:0.02
dt_54:0.02
dt_55:0.02
dt_56:0.02
dt_57:0.02
dt_58:0.02
dt_59:0.02
dt_60:0.02
dt_61:0.02
dt_62:0.02
dt_63:0.02
dt_64:0.02
dt_65:0.02
dt_66:0.02
dt_67:0.02
dt_68:0.02
dt_69:0.02
dt_70:0.02
dt_71:0.02
dt_72:0.02
dt_73:0.02
dt_74:0.02
dt_75:0.02
dt_76:0.02
dt_77:0.02
dt_78:0.02
dt_79:0.02
dt_80:0.02
dt_81:0.02
dt_82:0.02
dt_83:0.02
dt_84:0.02
dt_85:0.02
dt_86:0.02
dt_87:0.02
dt_88:0.02
dt_89:0.02
dt_90:0.02
dt_91:0.02
dt_92:0.02
dt_93:0.02
dt_94:0.02
dt_95:0.02
dt_96:0.02
dt_97:0.02
dt_98:0.02
dt_99:0.02
[Control]
u_0:0
u_1:0
u_2:0
u_3:0
u_4:0.2530213787
u_5:0.6422539014
u_6:1
u_7:1
u_8:1
u_9:1
u_10:1
u_11:0.9004268293
u_12:1
u_13:0.8620923444
u_14:0.8206256445
u_15:0.7851796709
u_16:0.8289293025
u_17:0.8256600072
u_18:0.7273606369
u_19:0.6845935908
u_20:0.608259297
u_21:0.5580378998
u_22:0.416233029
u_23:0.3887599329
u_24:0.2434823922
u_25:0
u_26:0
u_27:0.2102227094
u_28:0.1752764448
u_29:0.1311390179
u_30:0.1590795035
u_31:0.1351634794
u_32:0.05608720894
u_33:0.1729976827
u_34:0.1751799461
u_35:0.1516491583
u_36:0.143002746
u_37:0.2308184296
u_38:0.2087734649
u_39:0.0940725522
u_40:0.1594968967
u_41:0.1913344407
u_42:0.1346175574
u_43:0.2146413857
u_44:0.2144232321
u_45:0.1987151965
u_46:0.1681667671
u_47:0.1812886478
u_48:0.2401324827
u_49:0.1846542279
u_50:0.3253761028
u_51:0.3820920028
u_52:0.3540024828
u_53:0.5360913341
u_54:0.5654657255
u_55:0.6784229829
u_56:0.6346321737
u_57:0.7040794228
u_58:0.7874415227
u_59:0.7788327536
u_60:0.9378514987
u_61:1
u_62:1
u_63:1
u_64:1
u_65:0.9999495444
u_66:1
u_67:1
u_68:1
u_69:0.9617351995
u_70:0.9011254551
u_71:0.7570441183
u_72:0.8910669146
u_73:0.8547002141
u_74:0.7734865016
u_75:0.7194742592
u_76:0.6958610176
u_77:0.7721633363
u_78:0.6925630786
u_79:0.4966384814
u_80:0.4945013189
u_81:0.3230051085
u_82:0.4032933919
u_83:0.3402926876
u_84:0.346429266
u_85:0.3791726642
u_86:0.3101304918
u_87:0.1933160634
u_88:0.1974149647
u_89:0.1641360274
u_90:0.2448281291
u_91:0.1100149389
u_92:0.1751912752
u_93:0.2249729136
u_94:0.273989634
u_95:0.196900674
u_96:0.2553801082
u_97:0.1913839209
u_98:0.05479703168
u_99:0
[Objective]
0.01119993183
