[Grid]
nodes:100
dt_0:0.02
dt_1:0.02
dt_2:0.02
dt_3:0.02
dt_4:0.02
dt_5:0.02
dt_6:0.02
dt_7:0.02
dt_8:0.02
dt_9:0.02
dt_10:0.02
dt_11:0.02
dt_12:0.02
dt_13:0.02
dt_14:0.02
dt_15:0.02
dt_16:0.02
dt_17:0.02
dt_18:0.02
dt_19:0.02
dt_20:0.02
dt_21:0.02
dt_22:0.02
dt_23:0.02
dt_24:0.02
dt_25:0.02
dt_26:0.02
dt_27:0.02
dt_28:0.02
dt_29:0.02
dt_30:0.02
dt_31:0.02
dt_32:0.02
dt_33:0.02
dt_34:0.02
dt_35:0.02
dt_36:0.02
dt_37:0.02
dt_38:0.02
dt_39:0.02
dt_40:0.02
dt_41:0.02
dt_42:0.02
dt_43:0.02
dt_44:0.02
dt_45:0.02
dt_46:0.02
dt_47:0.02
dt_48:0.02
dt_49:0.02
dt_50:0.02
dt_51:0.02
dt_52:0.02
dt_53:0.02
dt_54:0.02
dt_55:0.02
dt_56:0.02
dt_57:0.02
dt_58:0.02
dt_59:0.02
dt_60:0.02
dt_61:0.02
dt_62:0.02
dt_63:0.02
dt_64:0.02
dt_65:0.02
dt_66:0.02
dt_67:0.02
dt_68:0.02
dt_69:0.02
dt_70:0.02
dt_71:0.02
dt_72:0.02
dt_73:0.02
dt_74:0.02
dt_75:0.02
dt_76:0.02
dt_77:0.02
dt_78:0.02
dt_79:0.02
dt_80:0.02
dt_81:0.02
dt_82:0.02
dt_83:0.02
dt_84:0.02
dt_85:0.02
dt_86:0.02
dt_87:0.02
dt_88:0.02
dt_89:0.02
dt_90:0.02
dt_91:0.02
dt_92:0.02
dt_93:0.02
dt_94:0.02
dt_95:0.02
dt_96:0.02
dt_97:0.02
dt_98:0.02
dt_99:0.02
[Control]
u_0:0
u_1:0
u_2:0
u_3:0
u_4:0.2496110341
u_5:0.6371090045
u_6:1
u_7:1
u_8:1
u_9:1
u_10:1
u_11:1
u_12:1
u_13:1
u_14:1
u_15:1
u_16:0.8622157703
u_17:0.619285881
u_18:0.9057282042
u_19:0.6868293815
u_20:0.7386185443
u_21:0.5076057545
u_22:0.3676885211
u_23:0.2941672688
u_24:0.2118727899
u_25:0.005572335602
u_26:0.03355765459
u_27:0
u_28:0
u_29:0
u_30:0
u_31:0
u_32:0
u_33:0.1954924013
u_34:0.1884700414
u_35:0
u_36:0.344485977
u_37:0.1778665413
u_38:0.241265298
u_39:0.4269639863
u_40:0.6426311064
u_41:0.6506367503
u_42:0.7023765069
u_43:0.3077008905
u_44:0.5091114512
u_45:0.2179134118
u_46:0
u_47:0
u_48:0
u_49:0
u_50:0.1650073605
u_51:0.07745568702
u_52:0.1451260009
u_53:0.2461933184
u_54:0.479767193
u_55:0.5549741534
u_56:0.8528467894
u_57:0.9525908084
u_58:1
u_59:1
u_60:1
u_61:1
u_62:1
u_63:1
u_64:0.5408384396
u_65:0.8090125266
u_66:0.6950634619
u_67:0.8018058968
u_68:0.7480051766
u_69:0.8398520701
u_70:1
u_71:1
u_72:1
u_73:1
u_74:1
u_75:0.8958307016
u_76:0.6498190774
u_77:0.7202094257
u_78:0.6823658595
u_79:0.7034014005
u_80:0.6487900726
u_81:0.2829140925
u_82:0.1898057529
u_83:0.08445345566
u_84:0
u_85:0
u_86:0
u_87:0
u_88:0
u_89:0
u_90:0
u_91:0.3376887604
u_92:0.5642183497
u_93:0.8805722351
u_94:1
u_95:0.7439934064
u_96:0.6108049414
u_97:0.7942972329
u_98:0.3134911041
u_99:0
[Objective]
0.01076965443
