[Grid]
nodes:100
dt_0:0.02
dt_1:0.02
dt_2:0.02
dt_3:0.02
dt_4:0.02
dt_5:0.02
dt_6:0.02
dt_7:0.02
dt_8:0.02
dt_9:0.02
dt_10:0.02
dt_11:0.02
dt_12:0.02
dt_13:0.02
dt_14:0.02
dt_15:0.02
dt_16:0.02
dt_17:0.02
dt_18:0.02
dt_19:0.02
dt_20:0.02
dt_21:0.02
dt_22:0.02
dt_23:0.02
dt_24:0.02
dt_25:0.02
dt_26:0.02
dt_27:0.02
dt_28:0.02
dt_29:0.02
dt_30:0.02
dt_31:0.02
dt_32:0.02
dt_33:0.02
dt_34:0.02
dt_35:0.02
dt_36:0.02
dt_37:0.02
dt_38:0.02
dt_39:0.02
dt_40:0.02
dt_41:0.02
dt_42:0.02
dt_43:0.02
dt_44:0.02
dt_45:0.02
dt_46:0.02
dt_47:0.02
dt_48:0.02
dt_49:0.02
dt_50:0.02
dt_51:0.02
dt_52:0.02
dt_53:0.02
dt_54:0.02
dt_55:0.02
dt_56:0.02
dt_57:0.02
dt_58:0.02
dt_59:0.02
dt_60:0.02
dt_61:0.02
dt_62:0.02
dt_63:0.02
dt_64:0.02
dt_65:0.02
dt_66:0.02
dt_67:0.02
dt_68:0.02
dt_69:0.02
dt_70:0.02
dt_71:0.02
dt_72:0.02
dt_73:0.02
dt_74:0.02
dt_75:0.02
dt_76:0.02
dt_77:0.02
dt_78:0.02
dt_79:0.02
dt_80:0.02
dt_81:0.02
dt_82:0.02
dt_83:0.02
dt_84:0.02
dt_85:0.02
dt_86:0.02
dt_87:0.02
dt_88:0.02
dt_89:0.02
dt_90:0.02
dt_91:0.02
dt_92:0.02
dt_93:0.02
dt_94:0.02
dt_95:0.02
dt_96:0.02
dt_97:0.02
dt_98:0.02
dt_99:0.02
[Control]
u_0:0
u_1:0
u_2:0
u_3:0
u_4:0.2539414485
u_5:0.6436428242
u_6:1
u_7:1
u_8:1
u_9:1
u_10:0.914790659
u_11:1
u_12:0.9617706335
u_13:0.8202042572
u_14:0.8233926703
u_15:0.8375771283
u_16:0.8384409024
u_17:0.7494159215
u_18:0.6139863115
u_19:0.604260308
u_20:0.595441289
u_21:0.5507887845
u_22:0.4959084848
u_23:0.318777321
u_24:0.2159213308
u_25:0.09308788328
u_26:0.202396084
u_27:0.0889270956
u_28:0
u_29:0.1869948062
u_30:0.2212014041
u_31:0.1480374987
u_32:0.1501874859
u_33:0.04906481233
u_34:0.09702249502
u_35:0.1793518416
u_36:0.0956811442
u_37:0.1534348677
u_38:0.1642493165
u_39:0.1652302577
u_40:0.1383983344
u_41:0.1792787066
u_42:0.1166229492
u_43:0.2279873653
u_44:0.2975956388
u_45:0.2476836017
u_46:0.3025545606
u_47:0.2921543833
u_48:0.270659452
u_49:0.3261592871
u_50:0.2812146425
u_51:0.364977085
u_52:0.3924988483
u_53:0.461107748
u_54:0.5141629533
u_55:0.5023237146
u_56:0.5540076257
u_57:0.6991976426
u_58:0.8036464067
u_59:0.8027712686
u_60:0.932125745
u_61:1
u_62:1
u_63:1
u_64:1
u_65:1
u_66:1
u_67:0.9557933383
u_68:0.8257378603
u_69:0.8303290836
u_70:0.8548330004
u_71:0.91929848
u_72:0.7994005794
u_73:0.9272377772
u_74:0.7550235801
u_75:0.7537337997
u_76:0.7368185196
u_77:0.6930103142
u_78:0.6032158172
u_79:0.6356534295
u_80:0.5060895348
u_81:0.465790048
u_82:0.5138319078
u_83:0.3989445063
u_84:0.3561736178
u_85:0.2828273438
u_86:0.3382390727
u_87:0.1982348255
u_88:0.1800030556
u_89:0.2298034141
u_90:0.2128460952
u_91:0.1273516149
u_92:0.1676244308
u_93:0.2707362865
u_94:0.1338801074
u_95:0.1225785764
u_96:0.06550336905
u_97:0.03004282076
u_98:0.0270451379
u_99:0
[Objective]
0.01124222541
