[Grid]
nodes:100
dt_0:0.02
dt_1:0.02
dt_2:0.02
dt_3:0.02
dt_4:0.02
dt_5:0.02
dt_6:0.02
dt_7:0.02
dt_8:0.02
dt_9:0.02
dt_10:0.02
dt_11:0.02
dt_12:0.02
dt_13:0.02
dt_14:0.02
dt_15:0.02
dt_16:0.02
dt_17:0.02
dt_18:0.02
dt_19:0.02
dt_20:0.02
dt_21:0.02
dt_22:0.02
dt_23:0.02
dt_24:0.02
dt_25:0.02
dt_26:0.02
dt_27:0.02
dt_28:0.02
dt_29:0.02
dt_30:0.02
dt_31:0.02
dt_32:0.02
dt_33:0.02
dt_34:0.02
dt_35:0.02
dt_36:0.02
dt_37:0.02
dt_38:0.02
dt_39:0.02
dt_40:0.02
dt_41:0.02
dt_42:0.02
dt_43:0.02
dt_44:0.02
dt_45:0.02
dt_46:0.02
dt_47:0.02
dt_48:0.02
dt_49:0.02
dt_50:0.02
dt_51:0.02
dt_52:0.02
dt_53:0.02
dt_54:0.02
dt_55:0.02
dt_56:0.02
dt_57:0.02
dt_58:0.02
dt_59:0.02
dt_60:0.02
dt_61:0.02
dt_62:0.02
dt_63:0.02
dt_64:0.02
dt_65:0.02
dt_66:0.02
dt_67:0.02
dt_68:0.02
dt_69:0.02
dt_70:0.02
dt_71:0.02
dt_72:0.02
dt_73:0.02
dt_74:0.02
dt_75:0.02
dt_76:0.02
dt_77:0.02
dt_78:0.02
dt_79:0.02
dt_80:0.02
dt_81:0.02
dt_82:0.02
dt_83:0.02
dt_84:0.02
dt_85:0.02
dt_86:0.02
dt_87:0.02
dt_88:0.02
dt_89:0.02
dt_90:0.02
dt_91:0.02
dt_92:0.02
dt_93:0.02
dt_94:0.02
dt_95:0.02
dt_96:0.02
dt_97:0.02
dt_98:0.02
dt_99:0.02
[Control]
u_0:0
u_1:0
u_2:0
u_3:0
u_4:0.2503673156
u_5:0.6382498824
u_6:1
u_7:1
u_8:1
u_9:1
u_10:1
u_11:1
u_12:1
u_13:1
u_14:0.7931112548
u_15:0.9277011442
u_16:0.9381619368
u_17:1
u_18:0.6875068508
u_19:0.5527912734
u_20:0.5555352019
u_21:0.5018629267
u_22:0.5579616223
u_23:0.4020547961
u_24:0.09697067856
u_25:0
u_26:0
u_27:0
u_28:0
u_29:0
u_30:0
u_31:0.09206304949
u_32:0.1727077528
u_33:0
u_34:0.05782826158
u_35:0.1468929718
u_36:0.2898044128
u_37:0.5336907871
u_38:0.4472184225
u_39:0.3805375857
u_40:0.3499863688
u_41:0.3292199758
u_42:0.3444440084
u_43:0.1435291392
u_44:0.2961076768
u_45:0.1540609207
u_46:0
u_47:0
u_48:0
u_49:0.2665708084
u_50:0.1827374964
u_51:0.1148858729
u_52:0.1784060476
u_53:0.4214065734
u_54:0.3738689094
u_55:0.6273949417
u_56:0.8286593344
u_57:1
u_58:1
u_59:1
u_60:1
u_61:1
u_62:0.8498685495
u_63:0.8997901521
u_64:0.8881992124
u_65:0.9153601223
u_66:1
u_67:0.9224698907
u_68:1
u_69:0.9509651994
u_70:1
u_71:1
u_72:1
u_73:0.8022129833
u_74:0.8039622426
u_75:0.9475716952
u_76:0.7676398818
u_77:0.7895294747
u_78:0.6980339647
u_79:0.5569415343
u_80:0.5550499918
u_81:0.3764405168
u_82:0.1208756678
u_83:0
u_84:0
u_85:0
u_86:0
u_87:0.1278339016
u_88:0.1337130741
u_89:0.3636349518
u_90:0.4135813892
u_91:0.2582067009
u_92:0.4553019681
u_93:0.6468512019
u_94:0.5370657866
u_95:0.4846613814
u_96:0.4463085912
u_97:0.4358756127
u_98:0.3701478664
u_99:0
[Objective]
0.01094271529
