[Grid]
nodes:100
dt_0:0.02
dt_1:0.02
dt_2:0.02
dt_3:0.02
dt_4:0.02
dt_5:0.02
dt_6:0.02
dt_7:0.02
dt_8:0.02
dt_9:0.02
dt_10:0.02
dt_11:0.02
dt_12:0.02
dt_13:0.02
dt_14:0.02
dt_15:0.02
dt_16:0.02
dt_17:0.02
dt_18:0.02
dt_19:0.02
dt_20:0.02
dt_21:0.02
dt_22:0.02
dt_23:0.02
dt_24:0.02
dt_25:0.02
dt_26:0.02
dt_27:0.02
dt_28:0.02
dt_29:0.02
dt_30:0.02
dt_31:0.02
dt_32:0.02
dt_33:0.02
dt_34:0.02
dt_35:0.02
dt_36:0.02
dt_37:0.02
dt_38:0.02
dt_39:0.02
dt_40:0.02
dt_41:0.02
dt_42:0.02
dt_43:0.02
dt_44:0.02
dt_45:0.02
dt_46:0.02
dt_47:0.02
dt_48:0.02
dt_49:0.02
dt_50:0.02
dt_51:0.02
dt_52:0.02
dt_53:0.02
dt_54:0.02
dt_55:0.02
dt_56:0.02
dt_57:0.02
dt_58:0.02
dt_59:0.02
dt_60:0.02
dt_61:0.02
dt_62:0.02
dt_63:0.02
dt_64:0.02
dt_65:0.02
dt_66:0.02
dt_67:0.02
dt_68:0.02
dt_69:0.02
dt_70:0.02
dt_71:0.02
dt_72:0.02
dt_73:0.02
dt_74:0.02
dt_75:0.02
dt_76:0.02
dt_77:0.02
dt_78:0.02
dt_79:0.02
dt_80:0.02
dt_81:0.02
dt_82:0.02
dt_83:0.02
dt_84:0.02
dt_85:0.02
dt_86:0.02
dt_87:0.02
dt_88:0.02
dt_89:0.02
dt_90:0.02
dt_91:0.02
dt_92:0.02
dt_93:0.02
dt_94:0.02
dt_95:0.02
dt_96:0.02
dt_97:0.02
dt_98:0.02
dt_99:0.02
[Control]
u_0:0
u_1:0
u_2:0
u_3:0
u_4:0.2500369151
u_5:0.637751476
u_6:1
u_7:1
u_8:1
u_9:1
u_10:1
u_11:1
u_12:1
u_13:1
u_14:0.9295236722
u_15:0.8284955705
u_16:0.9916427623
u_17:0.9314314892
u_18:0.6370651666
u_19:0.6854294577
u_20:0.5431109538
u_21:0.5297955802
u_22:0.4905554415
u_23:0.3615881791
u_24:0.1595766654
u_25:0
u_26:0
u_27:0
u_28:0
u_29:0
u_30:0
u_31:0
u_32:0.261019232
u_33:0
u_34:0.1946157946
u_35:0.0175865555
u_36:0.3975345997
u_37:0.3693894469
u_38:0.5293540968
u_39:0.3332114249
u_40:0.3760432655
u_41:0.4206550853
u_42:0.252189035
u_43:0.2925810211
u_44:0.2830575377
u_45:0.145876849
u_46:0
u_47:0
u_48:0
u_49:0.3608617045
u_50:0.02383677703
u_51:0.148232614
u_52:0.3062647909
u_53:0.2927959995
u_54:0.4037999516
u_55:0.7183394705
u_56:0.7143503911
u_57:1
u_58:1
u_59:1
u_60:1
u_61:1
u_62:0.8398481918
u_63:1
u_64:0.7187396201
u_65:1
u_66:0.9223995921
u_67:0.9388610301
u_68:0.9527942561
u_69:0.9832038573
u_70:1
u_71:1
u_72:1
u_73:0.9359253419
u_74:0.8623599994
u_75:0.7717233286
u_76:0.7937970665
u_77:0.7428012732
u_78:0.7767350105
u_79:0.5777055542
u_80:0.5587525459
u_81:0.2205116048
u_82:0.2751522569
u_83:0
u_84:0
u_85:0
u_86:0
u_87:0.01146252157
u_88:0.2671222966
u_89:0.1986598963
u_90:0.409458172
u_91:0.4560108768
u_92:0.3575110722
u_93:0.5909063608
u_94:0.6070293885
u_95:0.6478051952
u_96:0.3932599245
u_97:0.3396681978
u_98:0.4845529884
u_99:0
[Objective]
0.01092197606
