[Grid]
nodes:100
dt_0:0.02
dt_1:0.02
dt_2:0.02
dt_3:0.02
dt_4:0.02
dt_5:0.02
dt_6:0.02
dt_7:0.02
dt_8:0.02
dt_9:0.02
dt_10:0.02
dt_11:0.02
dt_12:0.02
dt_13:0.02
dt_14:0.02
dt_15:0.02
dt_16:0.02
dt_17:0.02
dt_18:0.02
dt_19:0.02
dt_20:0.02
dt_21:0.02
dt_22:0.02
dt_23:0.02
dt_24:0.02
dt_25:0.02
dt_26:0.02
dt_27:0.02
dt_28:0.02
dt_29:0.02
dt_30:0.02
dt_31:0.02
dt_32:0.02
dt_33:0.02
dt_34:0.02
dt_35:0.02
dt_36:0.02
dt_37:0.02
dt_38:0.02
dt_39:0.02
dt_40:0.02
dt_41:0.02
dt_42:0.02
dt_43:0.02
dt_44:0.02
dt_45:0.02
dt_46:0.02
dt_47:0.02
dt_48:0.02
dt_49:0.02
dt_50:0.02
dt_51:0.02
dt_52:0.02
dt_53:0.02
dt_54:0.02
dt_55:0.02
dt_56:0.02
dt_57:0.02
dt_58:0.02
dt_59:0.02
dt_60:0.02
dt_61:0.02
dt_62:0.02
dt_63:0.02
dt_64:0.02
dt_65:0.02
dt_66:0.02
dt_67:0.02
dt_68:0.02
dt_69:0.02
dt_70:0.02
dt_71:0.02
dt_72:0.02
dt_73:0.02
dt_74:0.02
dt_75:0.02
dt_76:0.02
dt_77:0.02
dt_78:0.02
dt_79:0.02
dt_80:0.02
dt_81:0.02
dt_82:0.02
dt_83:0.02
dt_84:0.02
dt_85:0.02
dt_86:0.02
dt_87:0.02
dt_88:0.02
dt_89:0.02
dt_90:0.02
dt_91:0.02
dt_92:0.02
dt_93:0.02
dt_94:0.02
dt_95:0.02
dt_96:0.02
dt_97:0.02
dt_98:0.02
dt_99:0.02
[Control]
u_0:0
u_1:0
u_2:0
u_3:0
u_4:0.251938534
u_5:0.6406202116
u_6:1
u_7:1
u_8:1
u_9:1
u_10:1
u_11:1
u_12:0.9807228559
u_13:0.8743985659
u_14:0.7811551219
u_15:0.8472521735
u_16:0.8389834546
u_17:0.8080689901
u_18:0.6610654741
u_19:0.7823417008
u_20:0.5668770737
u_21:0.580678666
u_22:0.4010961822
u_23:0.3631257038
u_24:0.288502196
u_25:0
u_26:0
u_27:0
u_28:0.1864699805
u_29:0.08084196935
u_30:0.3067623396
u_31:0.1471801315
u_32:0.04091049105
u_33:0.1285398686
u_34:0.1541919685
u_35:0.1463743893
u_36:0.1926802468
u_37:0.2216063419
u_38:0.1378027141
u_39:0.2543824212
u_40:0.2143529953
u_41:0.1260978946
u_42:0.2518230809
u_43:0.1240006961
u_44:0.1427440212
u_45:0.2331303468
u_46:0.04634046384
u_47:0.2135722915
u_48:0.0663825218
u_49:0.2788640083
u_50:0.2394124146
u_51:0.3038686067
u_52:0.4450297551
u_53:0.4395064127
u_54:0.5086980506
u_55:0.7133824229
u_56:0.8286692541
u_57:0.9027340817
u_58:0.7212627642
u_59:0.8926171831
u_60:0.9233796988
u_61:0.8497520316
u_62:0.9995009765
u_63:1
u_64:1
u_65:1
u_66:1
u_67:1
u_68:1
u_69:0.96483542
u_70:1
u_71:0.7696155607
u_72:0.9102549656
u_73:0.8539603423
u_74:0.8340619863
u_75:0.8792930428
u_76:0.7627173063
u_77:0.7197459014
u_78:0.6651138455
u_79:0.4569160602
u_80:0.1941916694
u_81:0.3539594018
u_82:0.4404322239
u_83:0.3084216517
u_84:0.3428038244
u_85:0.304463832
u_86:0.3302672947
u_87:0.2885252488
u_88:0.1284282638
u_89:0.06967275694
u_90:0.1123070412
u_91:0.221138595
u_92:0.2180324873
u_93:0.3436972509
u_94:0.282154814
u_95:0.2761169377
u_96:0.3298659307
u_97:0.2527662326
u_98:0.09279448996
u_99:0
[Objective]
0.01116425369
