[Grid]
nodes:100
dt_0:0.02
dt_1:0.02
dt_2:0.02
dt_3:0.02
dt_4:0.02
dt_5:0.02
dt_6:0.02
dt_7:0.02
dt_8:0.02
dt_9:0.02
dt_10:0.02
dt_11:0.02
dt_12:0.02
dt_13:0.02
dt_14:0.02
dt_15:0.02
dt_16:0.02
dt_17:0.02
dt_18:0.02
dt_19:0.02
dt_20:0.02
dt_21:0.02
dt_22:0.02
dt_23:0.02
dt_24:0.02
dt_25:0.02
dt_26:0.02
dt_27:0.02
dt_28:0.02
dt_29:0.02
dt_30:0.02
dt_31:0.02
dt_32:0.02
dt_33:0.02
dt_34:0.02
dt_35:0.02
dt_36:0.02
dt_37:0.02
dt_38:0.02
dt_39:0.02
dt_40:0.02
dt_41:0.02
dt_42:0.02
dt_43:0.02
dt_44:0.02
dt_45:0.02
dt_46:0.02
dt_47:0.02
dt_48:0.02
dt_49:0.02
dt_50:0.02
dt_51:0.02
dt_52:0.02
dt_53:0.02
dt_54:0.02
dt_55:0.02
dt_56:0.02
dt_57:0.02
dt_58:0.02
dt_59:0.02
dt_60:0.02
dt_61:0.02
dt_62:0.02
dt_63:0.02
dt_64:0.02
dt_65:0.02
dt_66:0.02
dt_67:0.02
dt_68:0.02
dt_69:0.02
dt_70:0.02
dt_71:0.02
dt_72:0.02
dt_73:0.02
dt_74:0.02
dt_75:0.02
dt_76:0.02
dt_77:0.02
dt_78:0.02
dt_79:0.02
dt_80:0.02
dt_81:0.02
dt_82:0.02
dt_83:0.02
dt_84:0.02
dt_85:0.02
dt_86:0.02
dt_87:0.02
dt_88:0.02
dt_89:0.02
dt_90:0.02
dt_91:0.02
dt_92:0.02
dt_93:0.02
dt_94:0.02
dt_95:0.02
dt_96:0.02
dt_97:0.02
dt_98:0.02
dt_99:0.02
[Control]
u_0:0
u_1:0
u_2:0
u_3:0
u_4:0.2480206072
u_5:0.6347092027
u_6:1
u_7:1
u_8:1
u_9:1
u_10:1
u_11:1
u_12:1
u_13:1
u_14:1
u_15:1
u_16:1
u_17:1
u_18:1
u_19:1
u_20:0.8929304926
u_21:0.7372038471
u_22:0.5860381398
u_23:0.436910636
u_24:0.2879690398
u_25:0.1372004264
u_26:0
u_27:0
u_28:0
u_29:0
u_30:0
u_31:0
u_32:0
u_33:0
u_34:0
u_35:0
u_36:0
u_37:1
u_38:0.9711224709
u_39:0
u_40:0
u_41:0.107573536
u_42:1
u_43:1
u_44:1
u_45:0.7894686744
u_46:0
u_47:0
u_48:0
u_49:0
u_50:0
u_51:0
u_52:0
u_53:0
u_54:0.1122328251
u_55:0.3527180634
u_56:0.5897323758
u_57:0.8262317294
u_58:1
u_59:1
u_60:1
u_61:1
u_62:1
u_63:1
u_64:1
u_65:1
u_66:1
u_67:0.1863755691
u_68:0
u_69:0.1622807212
u_70:1
u_71:1
u_72:1
u_73:1
u_74:1
u_75:1
u_76:1
u_77:1
u_78:1
u_79:0.8730482918
u_80:0.6949488248
u_81:0.5218415671
u_82:0.3514705926
u_83:0.1822022834
u_84:0.01203697988
u_85:0
u_86:0
u_87:0
u_88:0
u_89:0
u_90:0
u_91:0
u_92:0
u_93:0.1536570333
u_94:1
u_95:1
u_96:1
u_97:1
u_98:0.7962494217
u_99:0.5772478908
[Objective]
0.0101971935
