[Grid]
nodes:100
dt_0:0.02
dt_1:0.02
dt_2:0.02
dt_3:0.02
dt_4:0.02
dt_5:0.02
dt_6:0.02
dt_7:0.02
dt_8:0.02
dt_9:0.02
dt_10:0.02
dt_11:0.02
dt_12:0.02
dt_13:0.02
dt_14:0.02
dt_15:0.02
dt_16:0.02
dt_17:0.02
dt_18:0.02
dt_19:0.02
dt_20:0.02
dt_21:0.02
dt_22:0.02
dt_23:0.02
dt_24:0.02
dt_25:0.02
dt_26:0.02
dt_27:0.02
dt_28:0.02
dt_29:0.02
dt_30:0.02
dt_31:0.02
dt_32:0.02
dt_33:0.02
dt_34:0.02
dt_35:0.02
dt_36:0.02
dt_37:0.02
dt_38:0.02
dt_39:0.02
dt_40:0.02
dt_41:0.02
dt_42:0.02
dt_43:0.02
dt_44:0.02
dt_45:0.02
dt_46:0.02
dt_47:0.02
dt_48:0.02
dt_49:0.02
dt_50:0.02
dt_51:0.02
dt_52:0.02
dt_53:0.02
dt_54:0.02
dt_55:0.02
dt_56:0.02
dt_57:0.02
dt_58:0.02
dt_59:0.02
dt_60:0.02
dt_61:0.02
dt_62:0.02
dt_63:0.02
dt_64:0.02
dt_65:0.02
dt_66:0.02
dt_67:0.02
dt_68:0.02
dt_69:0.02
dt_70:0.02
dt_71:0.02
dt_72:0.02
dt_73:0.02
dt_74:0.02
dt_75:0.02
dt_76:0.02
dt_77:0.02
dt_78:0.02
dt_79:0.02
dt_80:0.02
dt_81:0.02
dt_82:0.02
dt_83:0.02
dt_84:0.02
dt_85:0.02
dt_86:0.02
dt_87:0.02
dt_88:0.02
dt_89:0.02
dt_90:0.02
dt_91:0.02
dt_92:0.02
dt_93:0.02
dt_94:0.02
dt_95:0.02
dt_96:0.02
dt_97:0.02
dt_98:0.02
dt_99:0.02
[Control]
u_0:0
u_1:0
u_2:0
u_3:0
u_4:0.2514090803
u_5:0.6398214504
u_6:1
u_7:1
u_8:1
u_9:1
u_10:1
u_11:1
u_12:1
u_13:0.8046462786
u_14:0.9027984995
u_15:0.9641233026
u_16:0.8243963673
u_17:0.8457793795
u_18:0.576746983
u_19:0.7430516503
u_20:0.4939067143
u_21:0.6634733266
u_22:0.530084382
u_23:0.3449028557
u_24:0.1639460283
u_25:0
u_26:0
u_27:0
u_28:0
u_29:0
u_30:0.2399462399
u_31:0.1000078024
u_32:0.1136304085
u_33:0.119655226
u_34:0.2205402334
u_35:0.01815367709
u_36:0.1901605389
u_37:0.3128842019
u_38:0.4410634744
u_39:0.2497362515
u_40:0.381211336
u_41:0.04853977813
u_42:0.301964145
u_43:0.3132795569
u_44:0.2172362221
u_45:0
u_46:0
u_47:0
u_48:0.2346230587
u_49:0.1310759063
u_50:0.2738705626
u_51:0.1209528582
u_52:0.3458675402
u_53:0.360387975
u_54:0.4533899326
u_55:0.7770521676
u_56:0.8406253206
u_57:0.9856515981
u_58:1
u_59:1
u_60:0.9575062052
u_61:0.7069040799
u_62:0.8454757424
u_63:0.9997213019
u_64:1
u_65:0.7247634021
u_66:1
u_67:1
u_68:1
u_69:1
u_70:1
u_71:1
u_72:0.7654893171
u_73:0.9354736425
u_74:0.8861143001
u_75:0.7421462937
u_76:0.8367257929
u_77:0.8512858478
u_78:0.4804527664
u_79:0.5609686805
u_80:0.401870551
u_81:0.386694181
u_82:0.1704192353
u_83:0
u_84:0.06549573998
u_85:0.1375793835
u_86:0.2292176379
u_87:0.4514098298
u_88:0.05858441902
u_89:0.2964428725
u_90:0.4136077068
u_91:0.2433678406
u_92:0
u_93:0.3392206227
u_94:0.4559975375
u_95:0.5558035842
u_96:0.4650558687
u_97:0.1781350093
u_98:0.386640451
u_99:0
[Objective]
0.01105128057
