[Grid]
nodes:100
dt_0:0.02
dt_1:0.02
dt_2:0.02
dt_3:0.02
dt_4:0.02
dt_5:0.02
dt_6:0.02
dt_7:0.02
dt_8:0.02
dt_9:0.02
dt_10:0.02
dt_11:0.02
dt_12:0.02
dt_13:0.02
dt_14:0.02
dt_15:0.02
dt_16:0.02
dt_17:0.02
dt_18:0.02
dt_19:0.02
dt_20:0.02
dt_21:0.02
dt_22:0.02
dt_23:0.02
dt_24:0.02
dt_25:0.02
dt_26:0.02
dt_27:0.02
dt_28:0.02
dt_29:0.02
dt_30:0.02
dt_31:0.02
dt_32:0.02
dt_33:0.02
dt_34:0.02
dt_35:0.02
dt_36:0.02
dt_37:0.02
dt_38:0.02
dt_39:0.02
dt_40:0.02
dt_41:0.02
dt_42:0.02
dt_43:0.02
dt_44:0.02
dt_45:0.02
dt_46:0.02
dt_47:0.02
dt_48:0.02
dt_49:0.02
dt_50:0.02
dt_51:0.02
dt_52:0.02
dt_53:0.02
dt_54:0.02
dt_55:0.02
dt_56:0.02
dt_57:0.02
dt_58:0.02
dt_59:0.02
dt_60:0.02
dt_61:0.02
dt_62:0.02
dt_63:0.02
dt_64:0.02
dt_65:0.02
dt_66:0.02
dt_67:0.02
dt_68:0.02
dt_69:0.02
dt_70:0.02
dt_71:0.02
dt_72:0.02
dt_73:0.02
dt_74:0.02
dt_75:0.02
dt_76:0.02
dt_77:0.02
dt_78:0.02
dt_79:0.02
dt_80:0.02
dt_81:0.02
dt_82:0.02
dt_83:0.02
dt_84:0.02
dt_85:0.02
dt_86:0.02
dt_87:0.02
dt_88:0.02
dt_89:0.02
dt_90:0.02
dt_91:0.02
dt_92:0.02
dt_93:0.02
dt_94:0.02
dt_95:0.02
dt_96:0.02
dt_97:0.02
dt_98:0.02
dt_99:0.02
[Control]
u_0:0
u_1:0
u_2:0
u_3:0
u_4:0.2501217055
u_5:0.6378793701
u_6:1
u_7:1
u_8:1
u_9:1
u_10:1
u_11:1
u_12:1
u_13:1
u_14:0.9040867823
u_15:1
u_16:0.86911663
u_17:0.7458682305
u_18:0.7229310654
u_19:0.6021329122
u_20:0.5825491456
u_21:0.5764384579
u_22:0.3655922471
u_23:0.5124412884
u_24:0.1114817632
u_25:0
u_26:0
u_27:0
u_28:0
u_29:0
u_30:0
u_31:0.2851957985
u_32:0.09071754544
u_33:0
u_34:0.07471218831
u_35:0.0983588953
u_36:0.2243620532
u_37:0.4332619302
u_38:0.470590569
u_39:0.275990616
u_40:0.3677005271
u_41:0.3615384236
u_42:0.3068222757
u_43:0.1547856127
u_44:0.0963716532
u_45:0.1222299691
u_46:0
u_47:0
u_48:0.3694617042
u_49:0.1188111452
u_50:0.02431341471
u_51:0.274064919
u_52:0.191565896
u_53:0.3447512949
u_54:0.4382907975
u_55:0.7422554046
u_56:0.8450413101
u_57:1
u_58:1
u_59:1
u_60:1
u_61:0.7792580736
u_62:0.880104973
u_63:0.7797599798
u_64:1
u_65:1
u_66:0.9755969409
u_67:0.8215249516
u_68:1
u_69:1
u_70:1
u_71:1
u_72:1
u_73:0.9131592854
u_74:0.8301477624
u_75:0.8417749475
u_76:0.8519578168
u_77:0.6708791368
u_78:0.5124376371
u_79:0.6251374033
u_80:0.5500023154
u_81:0.4128824774
u_82:0.1073373171
u_83:0
u_84:0
u_85:0.04500102194
u_86:0.2742843949
u_87:0.1603101799
u_88:0.4170051309
u_89:0.1868398703
u_90:0.2604306564
u_91:0.41544422
u_92:0.194783502
u_93:0.4448300482
u_94:0.3343457426
u_95:0.5489345206
u_96:0.412516649
u_97:0.5117963043
u_98:0.3423477766
u_99:0
[Objective]
0.01100048464
