[Grid]
nodes:100
dt_0:0.02
dt_1:0.02
dt_2:0.02
dt_3:0.02
dt_4:0.02
dt_5:0.02
dt_6:0.02
dt_7:0.02
dt_8:0.02
dt_9:0.02
dt_10:0.02
dt_11:0.02
dt_12:0.02
dt_13:0.02
dt_14:0.02
dt_15:0.02
dt_16:0.02
dt_17:0.02
dt_18:0.02
dt_19:0.02
dt_20:0.02
dt_21:0.02
dt_22:0.02
dt_23:0.02
dt_24:0.02
dt_25:0.02
dt_26:0.02
dt_27:0.02
dt_28:0.02
dt_29:0.02
dt_30:0.02
dt_31:0.02
dt_32:0.02
dt_33:0.02
dt_34:0.02
dt_35:0.02
dt_36:0.02
dt_37:0.02
dt_38:0.02
dt_39:0.02
dt_40:0.02
dt_41:0.02
dt_42:0.02
dt_43:0.02
dt_44:0.02
dt_45:0.02
dt_46:0.02
dt_47:0.02
dt_48:0.02
dt_49:0.02
dt_50:0.02
dt_51:0.02
dt_52:0.02
dt_53:0.02
dt_54:0.02
dt_55:0.02
dt_56:0.02
dt_57:0.02
dt_58:0.02
dt_59:0.02
dt_60:0.02
dt_61:0.02
dt_62:0.02
dt_63:0.02
dt_64:0.02
dt_65:0.02
dt_66:0.02
dt_67:0.02
dt_68:0.02
dt_69:0.02
dt_70:0.02
dt_71:0.02
dt_72:0.02
dt_73:0.02
dt_74:0.02
dt_75:0.02
dt_76:0.02
dt_77:0.02
dt_78:0.02
dt_79:0.02
dt_80:0.02
dt_81:0.02
dt_82:0.02
dt_83:0.02
dt_84:0.02
dt_85:0.02
dt_86:0.02
dt_87:0.02
dt_88:0.02
dt_89:0.02
dt_90:0.02
dt_91:0.02
dt_92:0.02
dt_93:0.02
dt_94:0.02
dt_95:0.02
dt_96:0.02
dt_97:0.02
dt_98:0.02
dt_99:0.02
[Control]
u_0:0
u_1:0
u_2:0
u_3:0
u_4:0.2515308938
u_5:0.6400052305
u_6:1
u_7:1
u_8:1
u_9:1
u_10:1
u_11:1
u_12:1
u_13:0.8582891656
u_14:0.9171914865
u_15:0.7545158568
u_16:0.9363660357
u_17:0.6582846715
u_18:0.7504706651
u_19:0.6212117829
u_20:0.7766110487
u_21:0.508298239
u_22:0.4454161988
u_23:0.396913202
u_24:0.1649779003
u_25:0
u_26:0
u_27:0
u_28:0
u_29:0.2675437651
u_30:0.13114523
u_31:0.2568387044
u_32:0.1109170452
u_33:0.134291532
u_34:0.133103652
u_35:0.06246722623
u_36:0.2101804913
u_37:0.2726443257
u_38:0.2282077406
u_39:0.2595759002
u_40:0.2644835733
u_41:0.08957546078
u_42:0.355295311
u_43:0.2389505809
u_44:0.1535133795
u_45:0
u_46:0
u_47:0.2719015677
u_48:0.05487848769
u_49:0.2490297669
u_50:0.129529329
u_51:0.3508682996
u_52:0.3001100127
u_53:0.3902109755
u_54:0.5226194779
u_55:0.7458849132
u_56:0.8844980546
u_57:0.9009089423
u_58:1
u_59:0.9833789323
u_60:0.6546549655
u_61:0.7253678918
u_62:0.9881371243
u_63:1
u_64:1
u_65:0.9932299743
u_66:0.9945483864
u_67:1
u_68:1
u_69:1
u_70:1
u_71:1
u_72:0.8166547368
u_73:0.7876917689
u_74:0.8870229855
u_75:0.7733786514
u_76:1
u_77:0.7043345071
u_78:0.574677061
u_79:0.3778579711
u_80:0.3697968176
u_81:0.3136190246
u_82:0.2203046495
u_83:0.02757590894
u_84:0.3874031533
u_85:0.2448407167
u_86:0.3388403354
u_87:0.2099030823
u_88:0.211039695
u_89:0.2352802405
u_90:0.226281534
u_91:0.1508493907
u_92:0.02982520852
u_93:0.3237716305
u_94:0.3871641291
u_95:0.4134240206
u_96:0.5322418392
u_97:0.2781053011
u_98:0.1339110881
u_99:0
[Objective]
0.01110342078
