[Grid]
nodes:100
dt_0:0.02
dt_1:0.02
dt_2:0.02
dt_3:0.02
dt_4:0.02
dt_5:0.02
dt_6:0.02
dt_7:0.02
dt_8:0.02
dt_9:0.02
dt_10:0.02
dt_11:0.02
dt_12:0.02
dt_13:0.02
dt_14:0.02
dt_15:0.02
dt_16:0.02
dt_17:0.02
dt_18:0.02
dt_19:0.02
dt_20:0.02
dt_21:0.02
dt_22:0.02
dt_23:0.02
dt_24:0.02
dt_25:0.02
dt_26:0.02
dt_27:0.02
dt_28:0.02
dt_29:0.02
dt_30:0.02
dt_31:0.02
dt_32:0.02
dt_33:0.02
dt_34:0.02
dt_35:0.02
dt_36:0.02
dt_37:0.02
dt_38:0.02
dt_39:0.02
dt_40:0.02
dt_41:0.02
dt_42:0.02
dt_43:0.02
dt_44:0.02
dt_45:0.02
dt_46:0.02
dt_47:0.02
dt_48:0.02
dt_49:0.02
dt_50:0.02
dt_51:0.02
dt_52:0.02
dt_53:0.02
dt_54:0.02
dt_55:0.02
dt_56:0.02
dt_57:0.02
dt_58:0.02
dt_59:0.02
dt_60:0.02
dt_61:0.02
dt_62:0.02
dt_63:0.02
dt_64:0.02
dt_65:0.02
dt_66:0.02
dt_67:0.02
dt_68:0.02
dt_69:0.02
dt_70:0.02
dt_71:0.02
dt_72:0.02
dt_73:0.02
dt_74:0.02
dt_75:0.02
dt_76:0.02
dt_77:0.02
dt_78:0.02
dt_79:0.02
dt_80:0.02
dt_81:0.02
dt_82:0.02
dt_83:0.02
dt_84:0.02
dt_85:0.02
dt_86:0.02
dt_87:0.02
dt_88:0.02
dt_89:0.02
dt_90:0.02
dt_91:0.02
dt_92:0.02
dt_93:0.02
dt_94:0.02
dt_95:0.02
dt_96:0.02
dt_97:0.02
dt_98:0.02
dt_99:0.02
[Control]
u_0:0
u_1:0
u_2:0
u_3:0
u_4:0.2522503173
u_5:0.6410905124
u_6:1
u_7:1
u_8:1
u_9:1
u_10:1
u_11:1
u_12:0.9798491504
u_13:0.8347661857
u_14:0.7804471407
u_15:0.8254386904
u_16:0.7650929403
u_17:0.888173259
u_18:0.766258539
u_19:0.6635090456
u_20:0.6070342583
u_21:0.5364511226
u_22:0.4035800187
u_23:0.3912259824
u_24:0.2733824077
u_25:0
u_26:0
u_27:0.2508650573
u_28:0.1758891075
u_29:0.1587657089
u_30:0.08789703712
u_31:0.1374222438
u_32:0.1442995111
u_33:0.07402575571
u_34:0.1519885263
u_35:0.1587052258
u_36:0.2402736657
u_37:0.1795415786
u_38:0.216243168
u_39:0.139585794
u_40:0.1233398288
u_41:0.1933161325
u_42:0.1624033756
u_43:0.2239668618
u_44:0.1743051242
u_45:0.1529111921
u_46:0.2276072562
u_47:0.1258279972
u_48:0.201562633
u_49:0.2176645497
u_50:0.3087225074
u_51:0.3245522753
u_52:0.4153133577
u_53:0.5149845704
u_54:0.6037731974
u_55:0.7086412451
u_56:0.7067281964
u_57:0.7031094672
u_58:0.6965266813
u_59:0.8023312787
u_60:0.9149786106
u_61:1
u_62:0.9912689926
u_63:1
u_64:1
u_65:0.9720666174
u_66:1
u_67:0.9725678581
u_68:1
u_69:0.9859360755
u_70:0.8314777274
u_71:0.8396971805
u_72:0.8010561555
u_73:0.8616373871
u_74:0.8709179432
u_75:0.7575115073
u_76:0.697668849
u_77:0.6890391338
u_78:0.7542692141
u_79:0.4716534703
u_80:0.3480497945
u_81:0.4354398751
u_82:0.3366794993
u_83:0.3677588631
u_84:0.4211838816
u_85:0.2929070246
u_86:0.4094713178
u_87:0.1637171538
u_88:0.118197523
u_89:0.1993959243
u_90:0.1663106767
u_91:0.2041691935
u_92:0.09448777546
u_93:0.2715509704
u_94:0.3119141659
u_95:0.266574808
u_96:0.2294209362
u_97:0.2014608778
u_98:0.02769746461
u_99:0
[Objective]
0.01119075016
