[Grid]
nodes:100
dt_0:0.02
dt_1:0.02
dt_2:0.02
dt_3:0.02
dt_4:0.02
dt_5:0.02
dt_6:0.02
dt_7:0.02
dt_8:0.02
dt_9:0.02
dt_10:0.02
dt_11:0.02
dt_12:0.02
dt_13:0.02
dt_14:0.02
dt_15:0.02
dt_16:0.02
dt_17:0.02
dt_18:0.02
dt_19:0.02
dt_20:0.02
dt_21:0.02
dt_22:0.02
dt_23:0.02
dt_24:0.02
dt_25:0.02
dt_26:0.02
dt_27:0.02
dt_28:0.02
dt_29:0.02
dt_30:0.02
dt_31:0.02
dt_32:0.02
dt_33:0.02
dt_34:0.02
dt_35:0.02
dt_36:0.02
dt_37:0.02
dt_38:0.02
dt_39:0.02
dt_40:0.02
dt_41:0.02
dt_42:0.02
dt_43:0.02
dt_44:0.02
dt_45:0.02
dt_46:0.02
dt_47:0.02
dt_48:0.02
dt_49:0.02
dt_50:0.02
dt_51:0.02
dt_52:0.02
dt_53:0.02
dt_54:0.02
dt_55:0.02
dt_56:0.02
dt_57:0.02
dt_58:0.02
dt_59:0.02
dt_60:0.02
dt_61:0.02
dt_62:0.02
dt_63:0.02
dt_64:0.02
dt_65:0.02
dt_66:0.02
dt_67:0.02
dt_68:0.02
dt_69:0.02
dt_70:0.02
dt_71:0.02
dt_72:0.02
dt_73:0.02
dt_74:0.02
dt_75:0.02
dt_76:0.02
dt_77:0.02
dt_78:0.02
dt_79:0.02
dt_80:0.02
dt_81:0.02
dt_82:0.02
dt_83:0.02
dt_84:0.02
dt_85:0.02
dt_86:0.02
dt_87:0.02
dt_88:0.02
dt_89:0.02
dt_90:0.02
dt_91:0.02
dt_92:0.02
dt_93:0.02
dt_94:0.02
dt_95:0.02
dt_96:0.02
dt_97:0.02
dt_98:0.02
dt_99:0.02
[Control]
u_0:0
u_1:0
u_2:0
u_3:0
u_4:0.2489724303
u_5:0.6361456354
u_6:1
u_7:1
u_8:1
u_9:1
u_10:1
u_11:1
u_12:1
u_13:1
u_14:1
u_15:1
u_16:1
u_17:1
u_18:0.6856239867
u_19:0.5823442275
u_20:0.356113985
u_21:0.8284089459
u_22:0.6430184502
u_23:0.4728112744
u_24:0.3109443668
u_25:0.152431892
u_26:0
u_27:0
u_28:0
u_29:0
u_30:0
u_31:0
u_32:0
u_33:0
u_34:0
u_35:0.002806536837
u_36:0.4381761634
u_37:0.5896058321
u_38:0.3459070134
u_39:0.163550393
u_40:0.6038197298
u_41:0.09890045703
u_42:1
u_43:1
u_44:0.3685508706
u_45:0.8351011108
u_46:0
u_47:0
u_48:0
u_49:0
u_50:0
u_51:0
u_52:0.1909394416
u_53:0.363146982
u_54:0.6639221585
u_55:0.2705077066
u_56:0.5379336238
u_57:0.7928635559
u_58:1
u_59:1
u_60:1
u_61:1
u_62:1
u_63:1
u_64:1
u_65:1
u_66:0
u_67:0.8127057209
u_68:0.218865746
u_69:0.7395313923
u_70:1
u_71:1
u_72:1
u_73:1
u_74:1
u_75:1
u_76:1
u_77:0.701144547
u_78:0.5786582273
u_79:0.3319911089
u_80:0.7831107451
u_81:0.5762829793
u_82:0.3847660159
u_83:0.2019240339
u_84:0.0226384859
u_85:0
u_86:0
u_87:0
u_88:0
u_89:0
u_90:0
u_91:0.03545771884
u_92:0.1273618774
u_93:0.7480892146
u_94:1
u_95:1
u_96:0.9787377894
u_97:0.6322113395
u_98:0.1927530056
u_99:0.6035826039
[Objective]
0.01049046891
