[Grid]
nodes:100
dt_0:0.02
dt_1:0.02
dt_2:0.02
dt_3:0.02
dt_4:0.02
dt_5:0.02
dt_6:0.02
dt_7:0.02
dt_8:0.02
dt_9:0.02
dt_10:0.02
dt_11:0.02
dt_12:0.02
dt_13:0.02
dt_14:0.02
dt_15:0.02
dt_16:0.02
dt_17:0.02
dt_18:0.02
dt_19:0.02
dt_20:0.02
dt_21:0.02
dt_22:0.02
dt_23:0.02
dt_24:0.02
dt_25:0.02
dt_26:0.02
dt_27:0.02
dt_28:0.02
dt_29:0.02
dt_30:0.02
dt_31:0.02
dt_32:0.02
dt_33:0.02
dt_34:0.02
dt_35:0.02
dt_36:0.02
dt_37:0.02
dt_38:0.02
dt_39:0.02
dt_40:0.02
dt_41:0.02
dt_42:0.02
dt_43:0.02
dt_44:0.02
dt_45:0.02
dt_46:0.02
dt_47:0.02
dt_48:0.02
dt_49:0.02
dt_50:0.02
dt_51:0.02
dt_52:0.02
dt_53:0.02
dt_54:0.02
dt_55:0.02
dt_56:0.02
dt_57:0.02
dt_58:0.02
dt_59:0.02
dt_60:0.02
dt_61:0.02
dt_62:0.02
dt_63:0.02
dt_64:0.02
dt_65:0.02
dt_66:0.02
dt_67:0.02
dt_68:0.02
dt_69:0.02
dt_70:0.02
dt_71:0.02
dt_72:0.02
dt_73:0.02
dt_74:0.02
dt_75:0.02
dt_76:0.02
dt_77:0.02
dt_78:0.02
dt_79:0.02
dt_80:0.02
dt_81:0.02
dt_82:0.02
dt_83:0.02
dt_84:0.02
dt_85:0.02
dt_86:0.02
dt_87:0.02
dt_88:0.02
dt_89:0.02
dt_90:0.02
dt_91:0.02
dt_92:0.02
dt_93:0.02
dt_94:0.02
dt_95:0.02
dt_96:0.02
dt_97:0.02
dt_98:0.02
dt_99:0.02
[Control]
u_0:0
u_1:0
u_2:0
u_3:0
u_4:0.249417184
u_5:0.6368165721
u_6:1
u_7:1
u_8:1
u_9:1
u_10:1
u_11:1
u_12:1
u_13:1
u_14:1
u_15:1
u_16:1
u_17:0.7318487133
u_18:0.6984934719
u_19:0.6298835406
u_20:0.6214475057
u_21:0.4482872568
u_22:0.5198507869
u_23:0.3013958972
u_24:0.3459914634
u_25:0.1747433343
u_26:0.007182908261
u_27:0
u_28:0
u_29:0
u_30:0
u_31:0
u_32:0
u_33:0
u_34:0.2449025907
u_35:0.210568967
u_36:0.04715267861
u_37:0.212688726
u_38:0.3779436719
u_39:0.3444056432
u_40:0.7740361778
u_41:0.7085707578
u_42:0.4995964984
u_43:0.7329378833
u_44:0.4718628365
u_45:0.297703413
u_46:0
u_47:0
u_48:0
u_49:0
u_50:0
u_51:0.3266781877
u_52:0.159058361
u_53:0.155337145
u_54:0.414386206
u_55:0.6594613682
u_56:0.665020124
u_57:0.9641603229
u_58:1
u_59:1
u_60:1
u_61:1
u_62:1
u_63:1
u_64:1
u_65:0.5337237407
u_66:0.3825593835
u_67:0.5753782718
u_68:0.7496833423
u_69:0.8809271636
u_70:1
u_71:1
u_72:1
u_73:1
u_74:1
u_75:1
u_76:0.7553867022
u_77:0.708029376
u_78:0.6223666282
u_79:0.5947738919
u_80:0.4011429756
u_81:0.451559678
u_82:0.2117372635
u_83:0.2349390902
u_84:0.04204421802
u_85:0
u_86:0
u_87:0
u_88:0
u_89:0
u_90:0.08275679092
u_91:0.01292579056
u_92:0.4620864302
u_93:0.9137214848
u_94:1
u_95:0.6883963424
u_96:0.784822195
u_97:0.8689346594
u_98:0.3788141101
u_99:0
[Objective]
0.01069120975
