[Grid]
nodes:100
dt_0:0.02
dt_1:0.02
dt_2:0.02
dt_3:0.02
dt_4:0.02
dt_5:0.02
dt_6:0.02
dt_7:0.02
dt_8:0.02
dt_9:0.02
dt_10:0.02
dt_11:0.02
dt_12:0.02
dt_13:0.02
dt_14:0.02
dt_15:0.02
dt_16:0.02
dt_17:0.02
dt_18:0.02
dt_19:0.02
dt_20:0.02
dt_21:0.02
dt_22:0.02
dt_23:0.02
dt_24:0.02
dt_25:0.02
dt_26:0.02
dt_27:0.02
dt_28:0.02
dt_29:0.02
dt_30:0.02
dt_31:0.02
dt_32:0.02
dt_33:0.02
dt_34:0.02
dt_35:0.02
dt_36:0.02
dt_37:0.02
dt_38:0.02
dt_39:0.02
dt_40:0.02
dt_41:0.02
dt_42:0.02
dt_43:0.02
dt_44:0.02
dt_45:0.02
dt_46:0.02
dt_47:0.02
dt_48:0.02
dt_49:0.02
dt_50:0.02
dt_51:0.02
dt_52:0.02
dt_53:0.02
dt_54:0.02
dt_55:0.02
dt_56:0.02
dt_57:0.02
dt_58:0.02
dt_59:0.02
dt_60:0.02
dt_61:0.02
dt_62:0.02
dt_63:0.02
dt_64:0.02
dt_65:0.02
dt_66:0.02
dt_67:0.02
dt_68:0.02
dt_69:0.02
dt_70:0.02
dt_71:0.02
dt_72:0.02
dt_73:0.02
dt_74:0.02
dt_75:0.02
dt_76:0.02
dt_77:0.02
dt_78:0.02
dt_79:0.02
dt_80:0.02
dt_81:0.02
dt_82:0.02
dt_83:0.02
dt_84:0.02
dt_85:0.02
dt_86:0.02
dt_87:0.02
dt_88:0.02
dt_89:0.02
dt_90:0.02
dt_91:0.02
dt_92:0.02
dt_93:0.02
dt_94:0.02
dt_95:0.02
dt_96:0.02
dt_97:0.02
dt_98:0.02
dt_99:0.02
[Control]
u_0:0
u_1:0
u_2:0
u_3:0
u_4:0.250015658
u_5:0.6377193833
u_6:1
u_7:1
u_8:1
u_9:1
u_10:1
u_11:1
u_12:1
u_13:1
u_14:1
u_15:0.7991021986
u_16:0.8115460693
u_17:0.8001713227
u_18:0.9263427777
u_19:0.8533755078
u_20:0.566726574
u_21:0.5149969563
u_22:0.3201993822
u_23:0.3031175284
u_24:0.08223177597
u_25:0.1730878442
u_26:0
u_27:0
u_28:0
u_29:0
u_30:0
u_31:0
u_32:0
u_33:0.08294184864
u_34:0.1592621337
u_35:0.2867525286
u_36:0.233878895
u_37:0.2037395777
u_38:0.5163263531
u_39:0.3794369882
u_40:0.3999817505
u_41:0.5495957483
u_42:0.5267135778
u_43:0.4544301694
u_44:0.2483339619
u_45:0.1957925164
u_46:0
u_47:0
u_48:0
u_49:0
u_50:0.2542237218
u_51:0.002456751658
u_52:0.3484393789
u_53:0.2318873889
u_54:0.484046725
u_55:0.4842901343
u_56:0.7781344517
u_57:1
u_58:1
u_59:1
u_60:1
u_61:1
u_62:1
u_63:0.913334194
u_64:0.7736429429
u_65:0.7465609989
u_66:0.7979773315
u_67:0.8084069451
u_68:0.9231464609
u_69:0.9441197333
u_70:1
u_71:1
u_72:1
u_73:1
u_74:0.8240491004
u_75:0.8454689053
u_76:0.8376168696
u_77:0.5406176149
u_78:0.8509822431
u_79:0.7374218527
u_80:0.4382393703
u_81:0.4360834817
u_82:0.1890577672
u_83:0
u_84:0
u_85:0
u_86:0
u_87:0
u_88:0
u_89:0.1206501548
u_90:0.3839634877
u_91:0.4517139239
u_92:0.6206917438
u_93:0.6432920032
u_94:0.5608281782
u_95:0.6767635457
u_96:0.8833170189
u_97:0.4551776168
u_98:0.328135323
u_99:0
[Objective]
0.01083958732
