[Grid]
nodes:100
dt_0:0.02
dt_1:0.02
dt_2:0.02
dt_3:0.02
dt_4:0.02
dt_5:0.02
dt_6:0.02
dt_7:0.02
dt_8:0.02
dt_9:0.02
dt_10:0.02
dt_11:0.02
dt_12:0.02
dt_13:0.02
dt_14:0.02
dt_15:0.02
dt_16:0.02
dt_17:0.02
dt_18:0.02
dt_19:0.02
dt_20:0.02
dt_21:0.02
dt_22:0.02
dt_23:0.02
dt_24:0.02
dt_25:0.02
dt_26:0.02
dt_27:0.02
dt_28:0.02
dt_29:0.02
dt_30:0.02
dt_31:0.02
dt_32:0.02
dt_33:0.02
dt_34:0.02
dt_35:0.02
dt_36:0.02
dt_37:0.02
dt_38:0.02
dt_39:0.02
dt_40:0.02
dt_41:0.02
dt_42:0.02
dt_43:0.02
dt_44:0.02
dt_45:0.02
dt_46:0.02
dt_47:0.02
dt_48:0.02
dt_49:0.02
dt_50:0.02
dt_51:0.02
dt_52:0.02
dt_53:0.02
dt_54:0.02
dt_55:0.02
dt_56:0.02
dt_57:0.02
dt_58:0.02
dt_59:0.02
dt_60:0.02
dt_61:0.02
dt_62:0.02
dt_63:0.02
dt_64:0.02
dt_65:0.02
dt_66:0.02
dt_67:0.02
dt_68:0.02
dt_69:0.02
dt_70:0.02
dt_71:0.02
dt_72:0.02
dt_73:0.02
dt_74:0.02
dt_75:0.02
dt_76:0.02
dt_77:0.02
dt_78:0.02
dt_79:0.02
dt_80:0.02
dt_81:0.02
dt_82:0.02
dt_83:0.02
dt_84:0.02
dt_85:0.02
dt_86:0.02
dt_87:0.02
dt_88:0.02
dt_89:0.02
dt_90:0.02
dt_91:0.02
dt_92:0.02
dt_93:0.02
dt_94:0.02
dt_95:0.02
dt_96:0.02
dt_97:0.02
dt_98:0.02
dt_99:0.02
[Control]
u_0:0
u_1:0
u_2:0
u_3:0
u_4:0.2545265126
u_5:0.6445249671
u_6:1
u_7:1
u_8:1
u_9:1
u_10:1
u_11:0.8231582471
u_12:0.8366943811
u_13:0.9096559247
u_14:0.9230158387
u_15:0.9322995498
u_16:0.8119149759
u_17:0.7150461505
u_18:0.6072855632
u_19:0.638673826
u_20:0.5479865835
u_21:0.5688311413
u_22:0.5974650487
u_23:0.300422354
u_24:0.1685375272
u_25:0.1062602233
u_26:0.008107033682
u_27:0
u_28:0.02930445292
u_29:0.3142783789
u_30:0.1264806682
u_31:0.1089983264
u_32:0.1418296329
u_33:0.1658264187
u_34:0.04709506256
u_35:0.160524225
u_36:0.1339491395
u_37:0.1606243952
u_38:0.1384086653
u_39:0.2261102813
u_40:0.2146912191
u_41:0.08948271411
u_42:0.09684033853
u_43:0.2585971585
u_44:0.2578827563
u_45:0.2608594393
u_46:0.2777292164
u_47:0.20767875
u_48:0.3117355162
u_49:0.205902523
u_50:0.3313667381
u_51:0.3272188838
u_52:0.4961178528
u_53:0.4194822948
u_54:0.4829383766
u_55:0.5352152222
u_56:0.6029527406
u_57:0.6786796346
u_58:0.759183399
u_59:0.9216437257
u_60:0.8874672139
u_61:1
u_62:1
u_63:1
u_64:1
u_65:1
u_66:1
u_67:0.8451700251
u_68:0.8876086845
u_69:0.8597663662
u_70:0.8593744462
u_71:0.9895785831
u_72:0.8475820651
u_73:0.7739570576
u_74:0.7548204288
u_75:0.7807138057
u_76:0.7893448041
u_77:0.6300308467
u_78:0.6094548242
u_79:0.6532503659
u_80:0.534146644
u_81:0.3997122823
u_82:0.4975440904
u_83:0.3022660882
u_84:0.3954761265
u_85:0.3290294724
u_86:0.2631840823
u_87:0.190778975
u_88:0.2272813528
u_89:0.15184661
u_90:0.247242996
u_91:0.2135513259
u_92:0.1832185637
u_93:0.1918800364
u_94:0.2248943303
u_95:0.05115476045
u_96:0.1136957166
u_97:0.1723140908
u_98:0.06231049177
u_99:0
[Objective]
0.01122667166
