[Grid]
nodes:100
dt_0:0.02
dt_1:0.02
dt_2:0.02
dt_3:0.02
dt_4:0.02
dt_5:0.02
dt_6:0.02
dt_7:0.02
dt_8:0.02
dt_9:0.02
dt_10:0.02
dt_11:0.02
dt_12:0.02
dt_13:0.02
dt_14:0.02
dt_15:0.02
dt_16:0.02
dt_17:0.02
dt_18:0.02
dt_19:0.02
dt_20:0.02
dt_21:0.02
dt_22:0.02
dt_23:0.02
dt_24:0.02
dt_25:0.02
dt_26:0.02
dt_27:0.02
dt_28:0.02
dt_29:0.02
dt_30:0.02
dt_31:0.02
dt_32:0.02
dt_33:0.02
dt_34:0.02
dt_35:0.02
dt_36:0.02
dt_37:0.02
dt_38:0.02
dt_39:0.02
dt_40:0.02
dt_41:0.02
dt_42:0.02
dt_43:0.02
dt_44:0.02
dt_45:0.02
dt_46:0.02
dt_47:0.02
dt_48:0.02
dt_49:0.02
dt_50:0.02
dt_51:0.02
dt_52:0.02
dt_53:0.02
dt_54:0.02
dt_55:0.02
dt_56:0.02
dt_57:0.02
dt_58:0.02
dt_59:0.02
dt_60:0.02
dt_61:0.02
dt_62:0.02
dt_63:0.02
dt_64:0.02
dt_65:0.02
dt_66:0.02
dt_67:0.02
dt_68:0.02
dt_69:0.02
dt_70:0.02
dt_71:0.02
dt_72:0.02
dt_73:0.02
dt_74:0.02
dt_75:0.02
dt_76:0.02
dt_77:0.02
dt_78:0.02
dt_79:0.02
dt_80:0.02
dt_81:0.02
dt_82:0.02
dt_83:0.02
dt_84:0.02
dt_85:0.02
dt_86:0.02
dt_87:0.02
dt_88:0.02
dt_89:0.02
dt_90:0.02
dt_91:0.02
dt_92:0.02
dt_93:0.02
dt_94:0.02
dt_95:0.02
dt_96:0.02
dt_97:0.02
dt_98:0.02
dt_99:0.02
[Control]
u_0:0
u_1:0
u_2:0
u_3:0
u_4:0.2503311706
u_5:0.6381954009
u_6:1
u_7:1
u_8:1
u_9:1
u_10:1
u_11:1
u_12:1
u_13:1
u_14:0.7630630856
u_15:1
u_16:1
u_17:0.8411320447
u_18:0.7091478546
u_19:0.6387389571
u_20:0.429637713
u_21:0.6143649258
u_22:0.4798408642
u_23:0.4127747312
u_24:0.1503185318
u_25:0
u_26:0
u_27:0
u_28:0
u_29:0
u_30:0
u_31:0.3104212971
u_32:0
u_33:0.1386622328
u_34:0
u_35:0.07585365459
u_36:0.3704284763
u_37:0.3699068568
u_38:0.4343306176
u_39:0.4610740434
u_40:0.226005158
u_41:0.4838124971
u_42:0.2110065744
u_43:0.2459865488
u_44:0.2035313099
u_45:0.1299800573
u_46:0
u_47:0
u_48:0
u_49:0.1296218625
u_50:0.1392900675
u_51:0.3543510149
u_52:0.09168631792
u_53:0.2905448801
u_54:0.4733751255
u_55:0.6522584885
u_56:0.8890309612
u_57:1
u_58:1
u_59:1
u_60:1
u_61:1
u_62:0.9039411414
u_63:0.6787062384
u_64:1
u_65:0.9083400697
u_66:0.997462109
u_67:1
u_68:0.9080642853
u_69:1
u_70:1
u_71:1
u_72:1
u_73:0.7771194692
u_74:0.8128293559
u_75:0.8718047551
u_76:0.9565925374
u_77:0.6758181355
u_78:0.623378692
u_79:0.5893790748
u_80:0.5338071997
u_81:0.4534165545
u_82:0.05207961183
u_83:0
u_84:0
u_85:0
u_86:0.08317340523
u_87:0.2670720701
u_88:0.1716561205
u_89:0.3407197483
u_90:0.2535033262
u_91:0.3285680022
u_92:0.4367863439
u_93:0.4211681381
u_94:0.5345488933
u_95:0.5121350374
u_96:0.4055454225
u_97:0.3988112775
u_98:0.4785517169
u_99:0
[Objective]
0.01096614425
