[Grid]
nodes:100
dt_0:0.02
dt_1:0.02
dt_2:0.02
dt_3:0.02
dt_4:0.02
dt_5:0.02
dt_6:0.02
dt_7:0.02
dt_8:0.02
dt_9:0.02
dt_10:0.02
dt_11:0.02
dt_12:0.02
dt_13:0.02
dt_14:0.02
dt_15:0.02
dt_16:0.02
dt_17:0.02
dt_18:0.02
dt_19:0.02
dt_20:0.02
dt_21:0.02
dt_22:0.02
dt_23:0.02
dt_24:0.02
dt_25:0.02
dt_26:0.02
dt_27:0.02
dt_28:0.02
dt_29:0.02
dt_30:0.02
dt_31:0.02
dt_32:0.02
dt_33:0.02
dt_34:0.02
dt_35:0.02
dt_36:0.02
dt_37:0.02
dt_38:0.02
dt_39:0.02
dt_40:0.02
dt_41:0.02
dt_42:0.02
dt_43:0.02
dt_44:0.02
dt_45:0.02
dt_46:0.02
dt_47:0.02
dt_48:0.02
dt_49:0.02
dt_50:0.02
dt_51:0.02
dt_52:0.02
dt_53:0.02
dt_54:0.02
dt_55:0.02
dt_56:0.02
dt_57:0.02
dt_58:0.02
dt_59:0.02
dt_60:0.02
dt_61:0.02
dt_62:0.02
dt_63:0.02
dt_64:0.02
dt_65:0.02
dt_66:0.02
dt_67:0.02
dt_68:0.02
dt_69:0.02
dt_70:0.02
dt_71:0.02
dt_72:0.02
dt_73:0.02
dt_74:0.02
dt_75:0.02
dt_76:0.02
dt_77:0.02
dt_78:0.02
dt_79:0.02
dt_80:0.02
dt_81:0.02
dt_82:0.02
dt_83:0.02
dt_84:0.02
dt_85:0.02
dt_86:0.02
dt_87:0.02
dt_88:0.02
dt_89:0.02
dt_90:0.02
dt_91:0.02
dt_92:0.02
dt_93:0.02
dt_94:0.02
dt_95:0.02
dt_96:0.02
dt_97:0.02
dt_98:0.02
dt_99:0.02
[Control]
u_0:0
u_1:0
u_2:0
u_3:0
u_4:0.2500407307
u_5:0.6377572374
u_6:1
u_7:1
u_8:1
u_9:1
u_10:1
u_11:1
u_12:1
u_13:1
u_14:1
u_15:0.8438203714
u_16:0.7398864564
u_17:0.8832556688
u_18:0.890546573
u_19:0.724130459
u_20:0.5347598242
u_21:0.525991548
u_22:0.432697926
u_23:0.164680935
u_24:0.32771266
u_25:0
u_26:0
u_27:0
u_28:0
u_29:0
u_30:0
u_31:0
u_32:0.1102836664
u_33:0.166728021
u_34:0.03981919783
u_35:0.2685936478
u_36:0.1846930055
u_37:0.3135910275
u_38:0.481969313
u_39:0.5399935422
u_40:0.4322879721
u_41:0.2609638154
u_42:0.3693737415
u_43:0.456688008
u_44:0.2411328188
u_45:0.1678993499
u_46:0
u_47:0
u_48:0
u_49:0.2564965064
u_50:0
u_51:0.240511962
u_52:0.187843618
u_53:0.4287280812
u_54:0.3410468905
u_55:0.6070676672
u_56:0.7404339377
u_57:1
u_58:1
u_59:1
u_60:1
u_61:1
u_62:1
u_63:0.807311104
u_64:0.870388748
u_65:0.817152319
u_66:0.9337819424
u_67:0.8511235973
u_68:0.8889650562
u_69:1
u_70:1
u_71:1
u_72:1
u_73:1
u_74:0.8702274421
u_75:0.7787748291
u_76:0.6240998253
u_77:0.8575830731
u_78:0.7411885146
u_79:0.6442931139
u_80:0.4893818847
u_81:0.3344362435
u_82:0.2216704428
u_83:0
u_84:0
u_85:0
u_86:0
u_87:0
u_88:0.1206514267
u_89:0.1749648818
u_90:0.3865468562
u_91:0.6367848256
u_92:0.4619886143
u_93:0.437179896
u_94:0.6507091668
u_95:0.7784944501
u_96:0.473770254
u_97:0.4428379705
u_98:0.3631767531
u_99:0
[Objective]
0.01088541718
