[Grid]
nodes:100
dt_0:0.02
dt_1:0.02
dt_2:0.02
dt_3:0.02
dt_4:0.02
dt_5:0.02
dt_6:0.02
dt_7:0.02
dt_8:0.02
dt_9:0.02
dt_10:0.02
dt_11:0.02
dt_12:0.02
dt_13:0.02
dt_14:0.02
dt_15:0.02
dt_16:0.02
dt_17:0.02
dt_18:0.02
dt_19:0.02
dt_20:0.02
dt_21:0.02
dt_22:0.02
dt_23:0.02
dt_24:0.02
dt_25:0.02
dt_26:0.02
dt_27:0.02
dt_28:0.02
dt_29:0.02
dt_30:0.02
dt_31:0.02
dt_32:0.02
dt_33:0.02
dt_34:0.02
dt_35:0.02
dt_36:0.02
dt_37:0.02
dt_38:0.02
dt_39:0.02
dt_40:0.02
dt_41:0.02
dt_42:0.02
dt_43:0.02
dt_44:0.02
dt_45:0.02
dt_46:0.02
dt_47:0.02
dt_48:0.02
dt_49:0.02
dt_50:0.02
dt_51:0.02
dt_52:0.02
dt_53:0.02
dt_54:0.02
dt_55:0.02
dt_56:0.02
dt_57:0.02
dt_58:0.02
dt_59:0.02
dt_60:0.02
dt_61:0.02
dt_62:0.02
dt_63:0.02
dt_64:0.02
dt_65:0.02
dt_66:0.02
dt_67:0.02
dt_68:0.02
dt_69:0.02
dt_70:0.02
dt_71:0.02
dt_72:0.02
dt_73:0.02
dt_74:0.02
dt_75:0.02
dt_76:0.02
dt_77:0.02
dt_78:0.02
dt_79:0.02
dt_80:0.02
dt_81:0.02
dt_82:0.02
dt_83:0.02
dt_84:0.02
dt_85:0.02
dt_86:0.02
dt_87:0.02
dt_88:0.02
dt_89:0.02
dt_90:0.02
dt_91:0.02
dt_92:0.02
dt_93:0.02
dt_94:0.02
dt_95:0.02
dt_96:0.02
dt_97:0.02
dt_98:0.02
dt_99:0.02
[Control]
u_0:0
u_1:0
u_2:0
u_3:0
u_4:0.253964943
u_5:0.6436775661
u_6:1
u_7:1
u_8:1
u_9:1
u_10:1
u_11:0.8371952407
u_12:0.9360390873
u_13:0.8515856662
u_14:0.8871016311
u_15:0.901860475
u_16:0.784994893
u_17:0.7427266368
u_18:0.6939296445
u_19:0.6956182048
u_20:0.6548556024
u_21:0.5562637366
u_22:0.4255689284
u_23:0.3898591551
u_24:0.211540925
u_25:0
u_26:0
u_27:0.06545231175
u_28:0.1783667983
u_29:0.22718064
u_30:0.1055075412
u_31:0.1185050068
u_32:0.133781397
u_33:0.1469962123
u_34:0.1804811037
u_35:0.1308513606
u_36:0.1193278931
u_37:0.1627718365
u_38:0.2579097169
u_39:0.1033338018
u_40:0.2065320204
u_41:0.130727741
u_42:0.1627324697
u_43:0.1556995413
u_44:0.2626641405
u_45:0.207956539
u_46:0.2471321767
u_47:0.2042434529
u_48:0.1732107443
u_49:0.2951700352
u_50:0.2465327199
u_51:0.3740675131
u_52:0.4222628893
u_53:0.5169994269
u_54:0.4986565496
u_55:0.5824685261
u_56:0.6493717328
u_57:0.7503782054
u_58:0.708281631
u_59:0.8794068668
u_60:0.9834644594
u_61:0.9488362548
u_62:1
u_63:1
u_64:1
u_65:1
u_66:1
u_67:1
u_68:0.9536233427
u_69:0.9236052103
u_70:0.9571608509
u_71:0.8399205607
u_72:0.8149403208
u_73:0.861647709
u_74:0.7372242763
u_75:0.6951338351
u_76:0.8025151958
u_77:0.6931901092
u_78:0.6720475805
u_79:0.53335484
u_80:0.5797451926
u_81:0.3493864693
u_82:0.3236607529
u_83:0.4278603549
u_84:0.3284792712
u_85:0.3124063902
u_86:0.2542893897
u_87:0.3045642837
u_88:0.1467502181
u_89:0.2514869907
u_90:0.1983004735
u_91:0.1255567444
u_92:0.218817556
u_93:0.1785831881
u_94:0.1869575537
u_95:0.1541367097
u_96:0.2446512957
u_97:0.222198477
u_98:0.09312687349
u_99:0
[Objective]
0.01120951629
