[Grid]
nodes:100
dt_0:0.02
dt_1:0.02
dt_2:0.02
dt_3:0.02
dt_4:0.02
dt_5:0.02
dt_6:0.02
dt_7:0.02
dt_8:0.02
dt_9:0.02
dt_10:0.02
dt_11:0.02
dt_12:0.02
dt_13:0.02
dt_14:0.02
dt_15:0.02
dt_16:0.02
dt_17:0.02
dt_18:0.02
dt_19:0.02
dt_20:0.02
dt_21:0.02
dt_22:0.02
dt_23:0.02
dt_24:0.02
dt_25:0.02
dt_26:0.02
dt_27:0.02
dt_28:0.02
dt_29:0.02
dt_30:0.02
dt_31:0.02
dt_32:0.02
dt_33:0.02
dt_34:0.02
dt_35:0.02
dt_36:0.02
dt_37:0.02
dt_38:0.02
dt_39:0.02
dt_40:0.02
dt_41:0.02
dt_42:0.02
dt_43:0.02
dt_44:0.02
dt_45:0.02
dt_46:0.02
dt_47:0.02
dt_48:0.02
dt_49:0.02
dt_50:0.02
dt_51:0.02
dt_52:0.02
dt_53:0.02
dt_54:0.02
dt_55:0.02
dt_56:0.02
dt_57:0.02
dt_58:0.02
dt_59:0.02
dt_60:0.02
dt_61:0.02
dt_62:0.02
dt_63:0.02
dt_64:0.02
dt_65:0.02
dt_66:0.02
dt_67:0.02
dt_68:0.02
dt_69:0.02
dt_70:0.02
dt_71:0.02
dt_72:0.02
dt_73:0.02
dt_74:0.02
dt_75:0.02
dt_76:0.02
dt_77:0.02
dt_78:0.02
dt_79:0.02
dt_80:0.02
dt_81:0.02
dt_82:0.02
dt_83:0.02
dt_84:0.02
dt_85:0.02
dt_86:0.02
dt_87:0.02
dt_88:0.02
dt_89:0.02
dt_90:0.02
dt_91:0.02
dt_92:0.02
dt_93:0.02
dt_94:0.02
dt_95:0.02
dt_96:0.02
dt_97:0.02
dt_98:0.02
dt_99:0.02
[Control]
u_0:0
u_1:0
u_2:0
u_3:0
u_4:0.2495435173
u_5:0.6370071493
u_6:1
u_7:1
u_8:1
u_9:1
u_10:1
u_11:1
u_12:1
u_13:1
u_14:1
u_15:1
u_16:0.9244825313
u_17:0.7232661773
u_18:0.6660278007
u_19:0.6806614157
u_20:0.6941636144
u_21:0.6967468675
u_22:0.2283411589
u_23:0.472486677
u_24:0.03647349558
u_25:0.1970407277
u_26:0.02236255479
u_27:0
u_28:0
u_29:0
u_30:0
u_31:0
u_32:0
u_33:0
u_34:0.119385761
u_35:0.2160434308
u_36:0.179866884
u_37:0.200827696
u_38:0.2454857488
u_39:0.4081136192
u_40:0.6797699952
u_41:0.774439541
u_42:0.5260448215
u_43:0.5324858045
u_44:0.4597790826
u_45:0.2728132574
u_46:0
u_47:0
u_48:0
u_49:0
u_50:0
u_51:0.2035090589
u_52:0
u_53:0.4598933142
u_54:0.3213732283
u_55:0.7337328253
u_56:0.6246203066
u_57:1
u_58:0.9998184419
u_59:1
u_60:1
u_61:1
u_62:1
u_63:1
u_64:0.671157838
u_65:0.6481840581
u_66:0.7499983834
u_67:0.6690701792
u_68:0.7116183181
u_69:0.8610152725
u_70:1
u_71:1
u_72:1
u_73:1
u_74:1
u_75:0.9514259986
u_76:0.7425564108
u_77:0.6724775279
u_78:0.6705135093
u_79:0.6647198016
u_80:0.6460684968
u_81:0.154949479
u_82:0.3749818999
u_83:0
u_84:0.05456567399
u_85:0
u_86:0
u_87:0
u_88:0
u_89:0.03592846936
u_90:0
u_91:0.341627043
u_92:0.5203632792
u_93:0.8918499972
u_94:1
u_95:0.6454421162
u_96:0.7963967094
u_97:0.7897316993
u_98:0.259144184
u_99:0
[Objective]
0.01074026204
