[Grid]
nodes:100
dt_0:0.02
dt_1:0.02
dt_2:0.02
dt_3:0.02
dt_4:0.02
dt_5:0.02
dt_6:0.02
dt_7:0.02
dt_8:0.02
dt_9:0.02
dt_10:0.02
dt_11:0.02
dt_12:0.02
dt_13:0.02
dt_14:0.02
dt_15:0.02
dt_16:0.02
dt_17:0.02
dt_18:0.02
dt_19:0.02
dt_20:0.02
dt_21:0.02
dt_22:0.02
dt_23:0.02
dt_24:0.02
dt_25:0.02
dt_26:0.02
dt_27:0.02
dt_28:0.02
dt_29:0.02
dt_30:0.02
dt_31:0.02
dt_32:0.02
dt_33:0.02
dt_34:0.02
dt_35:0.02
dt_36:0.02
dt_37:0.02
dt_38:0.02
dt_39:0.02
dt_40:0.02
dt_41:0.02
dt_42:0.02
dt_43:0.02
dt_44:0.02
dt_45:0.02
dt_46:0.02
dt_47:0.02
dt_48:0.02
dt_49:0.02
dt_50:0.02
dt_51:0.02
dt_52:0.02
dt_53:0.02
dt_54:0.02
dt_55:0.02
dt_56:0.02
dt_57:0.02
dt_58:0.02
dt_59:0.02
dt_60:0.02
dt_61:0.02
dt_62:0.02
dt_63:0.02
dt_64:0.02
dt_65:0.02
dt_66:0.02
dt_67:0.02
dt_68:0.02
dt_69:0.02
dt_70:0.02
dt_71:0.02
dt_72:0.02
dt_73:0.02
dt_74:0.02
dt_75:0.02
dt_76:0.02
dt_77:0.02
dt_78:0.02
dt_79:0.02
dt_80:0.02
dt_81:0.02
dt_82:0.02
dt_83:0.02
dt_84:0.02
dt_85:0.02
dt_86:0.02
dt_87:0.02
dt_88:0.02
dt_89:0.02
dt_90:0.02
dt_91:0.02
dt_92:0.02
dt_93:0.02
dt_94:0.02
dt_95:0.02
dt_96:0.02
dt_97:0.02
dt_98:0.02
dt_99:0.02
[Control]
u_0:0
u_1:0
u_2:0
u_3:0
u_4:0.25080416
u_5:0.6389089106
u_6:1
u_7:1
u_8:1
u_9:1
u_10:1
u_11:1
u_12:1
u_13:0.8456785621
u_14:1
u_15:0.9372097245
u_16:0.8715808928
u_17:0.765855631
u_18:0.7105260546
u_19:0.602837646
u_20:0.5731999173
u_21:0.5674694473
u_22:0.5238103009
u_23:0.3444774977
u_24:0.1423345267
u_25:0
u_26:0
u_27:0
u_28:0
u_29:0
u_30:0.2220762175
u_31:0.1331791298
u_32:0.1131210063
u_33:0.08321000711
u_34:0.05406023997
u_35:0.1063012119
u_36:0.2025383357
u_37:0.4374882218
u_38:0.3667897103
u_39:0.3674579943
u_40:0.2868664121
u_41:0.3322408624
u_42:0.2717937789
u_43:0.2195134095
u_44:0.1738754532
u_45:0
u_46:0
u_47:0
u_48:0.3294949529
u_49:0.1575685928
u_50:0.09099087776
u_51:0.1466959759
u_52:0.3299370367
u_53:0.3560488514
u_54:0.422472812
u_55:0.7609105159
u_56:0.8289994421
u_57:1
u_58:1
u_59:1
u_60:1
u_61:0.8324788836
u_62:0.7116292354
u_63:0.9088002817
u_64:1
u_65:1
u_66:0.9339022705
u_67:0.9180514684
u_68:1
u_69:1
u_70:1
u_71:1
u_72:0.8097095223
u_73:0.9349435676
u_74:0.9673948706
u_75:0.8435777636
u_76:0.7494923709
u_77:0.647006822
u_78:0.6543453539
u_79:0.4557400549
u_80:0.5657283438
u_81:0.427645587
u_82:0.1035040092
u_83:0
u_84:0
u_85:0.0856402258
u_86:0.1776383416
u_87:0.3088886968
u_88:0.3282514643
u_89:0.2819786102
u_90:0.2523792164
u_91:0.2962300049
u_92:0.3020285476
u_93:0.2677013958
u_94:0.4355807965
u_95:0.4505382264
u_96:0.581450654
u_97:0.3450333177
u_98:0.3330138944
u_99:0
[Objective]
0.0110215442
