[Grid]
nodes:100
dt_0:0.02
dt_1:0.02
dt_2:0.02
dt_3:0.02
dt_4:0.02
dt_5:0.02
dt_6:0.02
dt_7:0.02
dt_8:0.02
dt_9:0.02
dt_10:0.02
dt_11:0.02
dt_12:0.02
dt_13:0.02
dt_14:0.02
dt_15:0.02
dt_16:0.02
dt_17:0.02
dt_18:0.02
dt_19:0.02
dt_20:0.02
dt_21:0.02
dt_22:0.02
dt_23:0.02
dt_24:0.02
dt_25:0.02
dt_26:0.02
dt_27:0.02
dt_28:0.02
dt_29:0.02
dt_30:0.02
dt_31:0.02
dt_32:0.02
dt_33:0.02
dt_34:0.02
dt_35:0.02
dt_36:0.02
dt_37:0.02
dt_38:0.02
dt_39:0.02
dt_40:0.02
dt_41:0.02
dt_42:0.02
dt_43:0.02
dt_44:0.02
dt_45:0.02
dt_46:0.02
dt_47:0.02
dt_48:0.02
dt_49:0.02
dt_50:0.02
dt_51:0.02
dt_52:0.02
dt_53:0.02
dt_54:0.02
dt_55:0.02
dt_56:0.02
dt_57:0.02
dt_58:0.02
dt_59:0.02
dt_60:0.02
dt_61:0.02
dt_62:0.02
dt_63:0.02
dt_64:0.02
dt_65:0.02
dt_66:0.02
dt_67:0.02
dt_68:0.02
dt_69:0.02
dt_70:0.02
dt_71:0.02
dt_72:0.02
dt_73:0.02
dt_74:0.02
dt_75:0.02
dt_76:0.02
dt_77:0.02
dt_78:0.02
dt_79:0.02
dt_80:0.02
dt_81:0.02
dt_82:0.02
dt_83:0.02
dt_84:0.02
dt_85:0.02
dt_86:0.02
dt_87:0.02
dt_88:0.02
dt_89:0.02
dt_90:0.02
dt_91:0.02
dt_92:0.02
dt_93:0.02
dt_94:0.02
dt_95:0.02
dt_96:0.02
dt_97:0.02
dt_98:0.02
dt_99:0.02
[Control]
u_0:0.1704961366
u_1:0.3665957073
u_2:0.4355127956
u_3:0.4568483503
u_4:0.4812555114
u_5:0.4931205333
u_6:0.4920806569
u_7:0.5141169603
u_8:0.5258802019
u_9:0.5375365595
u_10:0.5343025172
u_11:0.5455090947
u_12:0.5431994084
u_13:0.5510194035
u_14:0.5368160406
u_15:0.5549868025
u_16:0.5249734723
u_17:0.5001775262
u_18:0.4899090624
u_19:0.4657512626
u_20:0.4555369632
u_21:0.459623236
u_22:0.4485139476
u_23:0.4529884095
u_24:0.459251108
u_25:0.4733527816
u_26:0.4787754781
u_27:0.4852444411
u_28:0.5008252229
u_29:0.4914841937
u_30:0.4832961202
u_31:0.4714888611
u_32:0.4585548017
u_33:0.4634332612
u_34:0.4531306244
u_35:0.4580383574
u_36:0.4604872137
u_37:0.4601068398
u_38:0.4722652256
u_39:0.4853972874
u_40:0.4868068165
u_41:0.5222041365
u_42:0.4983922192
u_43:0.5228037055
u_44:0.5111505665
u_45:0.5081294968
u_46:0.4972338493
u_47:0.493767143
u_48:0.4854627667
u_49:0.4546246507
u_50:0.4387673639
u_51:0.4440340959
u_52:0.4416806855
u_53:0.4369002406
u_54:0.4360072361
u_55:0.433886171
u_56:0.4381578572
u_57:0.4476900374
u_58:0.446537327
u_59:0.4370604714
u_60:0.4426283984
u_61:0.419614531
u_62:0.3439890866
u_63:0.3349248858
u_64:0.2983403736
u_65:0.2931933498
u_66:0.2603702056
u_67:0.277097202
u_68:0.2757701477
u_69:0.2763960836
u_70:0.2655171414
u_71:0.2740160161
u_72:0.2811034524
u_73:0.2861517769
u_74:0.3088330495
u_75:0.3527242579
u_76:0.3534907888
u_77:0.4014545048
u_78:0.4499872404
u_79:0.4985817702
u_80:0.5471946416
u_81:0.5957872019
u_82:0.609921966
u_83:0.6641251258
u_84:0.6684339593
u_85:0.6956869807
u_86:0.7378475374
u_87:0.7495122325
u_88:0.7390220786
u_89:0.7476988156
u_90:0.7474775431
u_91:0.74306061
u_92:0.7537562358
u_93:0.735990409
u_94:0.7067810382
u_95:0.7231856775
u_96:0.6959059068
u_97:0.683629916
u_98:0.6599532238
u_99:0.5456348288
[Objective]
0.0109386833
