[Grid]
nodes:100
dt_0:0.02
dt_1:0.02
dt_2:0.02
dt_3:0.02
dt_4:0.02
dt_5:0.02
dt_6:0.02
dt_7:0.02
dt_8:0.02
dt_9:0.02
dt_10:0.02
dt_11:0.02
dt_12:0.02
dt_13:0.02
dt_14:0.02
dt_15:0.02
dt_16:0.02
dt_17:0.02
dt_18:0.02
dt_19:0.02
dt_20:0.02
dt_21:0.02
dt_22:0.02
dt_23:0.02
dt_24:0.02
dt_25:0.02
dt_26:0.02
dt_27:0.02
dt_28:0.02
dt_29:0.02
dt_30:0.02
dt_31:0.02
dt_32:0.02
dt_33:0.02
dt_34:0.02
dt_35:0.02
dt_36:0.02
dt_37:0.02
dt_38:0.02
dt_39:0.02
dt_40:0.02
dt_41:0.02
dt_42:0.02
dt_43:0.02
dt_44:0.02
dt_45:0.02
dt_46:0.02
dt_47:0.02
dt_48:0.02
dt_49:0.02
dt_50:0.02
dt_51:0.02
dt_52:0.02
dt_53:0.02
dt_54:0.02
dt_55:0.02
dt_56:0.02
dt_57:0.02
dt_58:0.02
dt_59:0.02
dt_60:0.02
dt_61:0.02
dt_62:0.02
dt_63:0.02
dt_64:0.02
dt_65:0.02
dt_66:0.02
dt_67:0.02
dt_68:0.02
dt_69:0.02
dt_70:0.02
dt_71:0.02
dt_72:0.02
dt_73:0.02
dt_74:0.02
dt_75:0.02
dt_76:0.02
dt_77:0.02
dt_78:0.02
dt_79:0.02
dt_80:0.02
dt_81:0.02
dt_82:0.02
dt_83:0.02
dt_84:0.02
dt_85:0.02
dt_86:0.02
dt_87:0.02
dt_88:0.02
dt_89:0.02
dt_90:0.02
dt_91:0.02
dt_92:0.02
dt_93:0.02
dt_94:0.02
dt_95:0.02
dt_96:0.02
dt_97:0.02
dt_98:0.02
dt_99:0.02
[Control]
u_0:0.1712814083
u_1:0.3877835647
u_2:0.3981885498
u_3:0.4141903461
u_4:0.4898911074
u_5:0.4968712306
u_6:0.5136325818
u_7:0.5002093413
u_8:0.516927042
u_9:0.5006777761
u_10:0.5324482118
u_11:0.5442817685
u_12:0.5543953857
u_13:0.5570368414
u_14:0.5563079003
u_15:0.5538115328
u_16:0.5552596204
u_17:0.5127097914
u_18:0.496722024
u_19:0.4796013474
u_20:0.4685261146
u_21:0.4752885342
u_22:0.4541535812
u_23:0.4665109613
u_24:0.4621822906
u_25:0.4699196819
u_26:0.4940531932
u_27:0.4877880499
u_28:0.4768378713
u_29:0.461902066
u_30:0.4772751034
u_31:0.4643286119
u_32:0.4454861575
u_33:0.445960808
u_34:0.4364281716
u_35:0.4397868944
u_36:0.4489461236
u_37:0.4680719843
u_38:0.4595178743
u_39:0.5161742405
u_40:0.5138206787
u_41:0.52604496
u_42:0.5179674938
u_43:0.5289902486
u_44:0.5456467244
u_45:0.5312464081
u_46:0.5342289729
u_47:0.5040112757
u_48:0.4717388776
u_49:0.4514501445
u_50:0.4233351931
u_51:0.4329548805
u_52:0.4497889114
u_53:0.446541231
u_54:0.4436592471
u_55:0.4385416343
u_56:0.4595236044
u_57:0.4489518182
u_58:0.4492361206
u_59:0.443311737
u_60:0.4331687609
u_61:0.3739654459
u_62:0.3496741238
u_63:0.333610918
u_64:0.2942313894
u_65:0.2814194841
u_66:0.2628355597
u_67:0.2478167114
u_68:0.2697028764
u_69:0.2534458017
u_70:0.2600602595
u_71:0.2575430931
u_72:0.2777927419
u_73:0.2626640114
u_74:0.3055904623
u_75:0.3374445971
u_76:0.3961998627
u_77:0.4098780786
u_78:0.4496447173
u_79:0.4985047176
u_80:0.5473708729
u_81:0.5871574384
u_82:0.600874304
u_83:0.6596976094
u_84:0.6685628469
u_85:0.7029997991
u_86:0.733930245
u_87:0.7384333364
u_88:0.74358253
u_89:0.760442134
u_90:0.7650229594
u_91:0.7851775536
u_92:0.7778270222
u_93:0.725260672
u_94:0.7159678781
u_95:0.7100561428
u_96:0.7162967237
u_97:0.6593209688
u_98:0.5896727312
u_99:0.537411702
[Objective]
0.01092503604
