[Grid]
nodes:100
dt_0:0.02
dt_1:0.02
dt_2:0.02
dt_3:0.02
dt_4:0.02
dt_5:0.02
dt_6:0.02
dt_7:0.02
dt_8:0.02
dt_9:0.02
dt_10:0.02
dt_11:0.02
dt_12:0.02
dt_13:0.02
dt_14:0.02
dt_15:0.02
dt_16:0.02
dt_17:0.02
dt_18:0.02
dt_19:0.02
dt_20:0.02
dt_21:0.02
dt_22:0.02
dt_23:0.02
dt_24:0.02
dt_25:0.02
dt_26:0.02
dt_27:0.02
dt_28:0.02
dt_29:0.02
dt_30:0.02
dt_31:0.02
dt_32:0.02
dt_33:0.02
dt_34:0.02
dt_35:0.02
dt_36:0.02
dt_37:0.02
dt_38:0.02
dt_39:0.02
dt_40:0.02
dt_41:0.02
dt_42:0.02
dt_43:0.02
dt_44:0.02
dt_45:0.02
dt_46:0.02
dt_47:0.02
dt_48:0.02
dt_49:0.02
dt_50:0.02
dt_51:0.02
dt_52:0.02
dt_53:0.02
dt_54:0.02
dt_55:0.02
dt_56:0.02
dt_57:0.02
dt_58:0.02
dt_59:0.02
dt_60:0.02
dt_61:0.02
dt_62:0.02
dt_63:0.02
dt_64:0.02
dt_65:0.02
dt_66:0.02
dt_67:0.02
dt_68:0.02
dt_69:0.02
dt_70:0.02
dt_71:0.02
dt_72:0.02
dt_73:0.02
dt_74:0.02
dt_75:0.02
dt_76:0.02
dt_77:0.02
dt_78:0.02
dt_79:0.02
dt_80:0.02
dt_81:0.02
dt_82:0.02
dt_83:0.02
dt_84:0.02
dt_85:0.02
dt_86:0.02
dt_87:0.02
dt_88:0.02
dt_89:0.02
dt_90:0.02
dt_91:0.02
dt_92:0.02
dt_93:0.02
dt_94:0.02
dt_95:0.02
dt_96:0.02
dt_97:0.02
dt_98:0.02
dt_99:0.02
[Control]
u_0:0.1705205874
u_1:0.3956150689
u_2:0.3886744469
u_3:0.454194537
u_4:0.5000711328
u_5:0.4900649481
u_6:0.5132056119
u_7:0.5083287153
u_8:0.4944929859
u_9:0.5187791188
u_10:0.5274547961
u_11:0.5474519836
u_12:0.5490285909
u_13:0.5465417417
u_14:0.5643483406
u_15:0.5606687082
u_16:0.4985613881
u_17:0.4801611102
u_18:0.5015301576
u_19:0.485559303
u_20:0.462942648
u_21:0.4686688978
u_22:0.4634876992
u_23:0.465777553
u_24:0.456104117
u_25:0.4616649345
u_26:0.4982266619
u_27:0.4854662887
u_28:0.5019777572
u_29:0.4786289335
u_30:0.4715219668
u_31:0.4624129287
u_32:0.4512826042
u_33:0.4595207279
u_34:0.4569596889
u_35:0.4600876109
u_36:0.4542629198
u_37:0.4514799352
u_38:0.4706090225
u_39:0.488034875
u_40:0.5076548647
u_41:0.5245689592
u_42:0.5067573988
u_43:0.5152834239
u_44:0.5303648271
u_45:0.5169339201
u_46:0.5133196815
u_47:0.4849166718
u_48:0.4702331431
u_49:0.4582499274
u_50:0.446632535
u_51:0.4386266826
u_52:0.4258734373
u_53:0.4487997388
u_54:0.4240458192
u_55:0.428512018
u_56:0.4363518662
u_57:0.4563466557
u_58:0.4531844712
u_59:0.4429403911
u_60:0.4502997547
u_61:0.3901432555
u_62:0.3586572391
u_63:0.3354563884
u_64:0.3018173003
u_65:0.28594501
u_66:0.2721749426
u_67:0.2701190658
u_68:0.2564538019
u_69:0.272685921
u_70:0.2840546813
u_71:0.2575811891
u_72:0.2759254769
u_73:0.2899958161
u_74:0.3141604967
u_75:0.337709505
u_76:0.3708282681
u_77:0.4012127279
u_78:0.4498127108
u_79:0.4984473982
u_80:0.5470800832
u_81:0.5956745891
u_82:0.6260525402
u_83:0.6381203733
u_84:0.6728980831
u_85:0.6918292317
u_86:0.7497438877
u_87:0.7428506182
u_88:0.7541467993
u_89:0.7517883831
u_90:0.7434864004
u_91:0.7517806494
u_92:0.7326981366
u_93:0.7314385404
u_94:0.711213162
u_95:0.7135408741
u_96:0.686641317
u_97:0.6863427764
u_98:0.6486886232
u_99:0.545835288
[Objective]
0.01093504575
