[Grid]
nodes:100
dt_0:0.02
dt_1:0.02
dt_2:0.02
dt_3:0.02
dt_4:0.02
dt_5:0.02
dt_6:0.02
dt_7:0.02
dt_8:0.02
dt_9:0.02
dt_10:0.02
dt_11:0.02
dt_12:0.02
dt_13:0.02
dt_14:0.02
dt_15:0.02
dt_16:0.02
dt_17:0.02
dt_18:0.02
dt_19:0.02
dt_20:0.02
dt_21:0.02
dt_22:0.02
dt_23:0.02
dt_24:0.02
dt_25:0.02
dt_26:0.02
dt_27:0.02
dt_28:0.02
dt_29:0.02
dt_30:0.02
dt_31:0.02
dt_32:0.02
dt_33:0.02
dt_34:0.02
dt_35:0.02
dt_36:0.02
dt_37:0.02
dt_38:0.02
dt_39:0.02
dt_40:0.02
dt_41:0.02
dt_42:0.02
dt_43:0.02
dt_44:0.02
dt_45:0.02
dt_46:0.02
dt_47:0.02
dt_48:0.02
dt_49:0.02
dt_50:0.02
dt_51:0.02
dt_52:0.02
dt_53:0.02
dt_54:0.02
dt_55:0.02
dt_56:0.02
dt_57:0.02
dt_58:0.02
dt_59:0.02
dt_60:0.02
dt_61:0.02
dt_62:0.02
dt_63:0.02
dt_64:0.02
dt_65:0.02
dt_66:0.02
dt_67:0.02
dt_68:0.02
dt_69:0.02
dt_70:0.02
dt_71:0.02
dt_72:0.02
dt_73:0.02
dt_74:0.02
dt_75:0.02
dt_76:0.02
dt_77:0.02
dt_78:0.02
dt_79:0.02
dt_80:0.02
dt_81:0.02
dt_82:0.02
dt_83:0.02
dt_84:0.02
dt_85:0.02
dt_86:0.02
dt_87:0.02
dt_88:0.02
dt_89:0.02
dt_90:0.02
dt_91:0.02
dt_92:0.02
dt_93:0.02
dt_94:0.02
dt_95:0.02
dt_96:0.02
dt_97:0.02
dt_98:0.02
dt_99:0.02
[Control]
u_0:0.1745047011
u_1:0.3165797824
u_2:0.3689992146
u_3:0.4213918439
u_4:0.429771039
u_5:0.5092820024
u_6:0.5234540726
u_7:0.5296828619
u_8:0.5173133635
u_9:0.5267007405
u_10:0.5568184284
u_11:0.5722477049
u_12:0.5609234955
u_13:0.5880065823
u_14:0.5903613282
u_15:0.5688994645
u_16:0.5548602624
u_17:0.5122494931
u_18:0.4790715392
u_19:0.4881294376
u_20:0.4472302896
u_21:0.4528490017
u_22:0.4506590593
u_23:0.4457569491
u_24:0.4573479056
u_25:0.4835312154
u_26:0.4922771111
u_27:0.4734486555
u_28:0.4694554668
u_29:0.4849682077
u_30:0.4649211213
u_31:0.4720433784
u_32:0.4456261695
u_33:0.4587403341
u_34:0.458075085
u_35:0.4337894757
u_36:0.4654220148
u_37:0.4551194476
u_38:0.4685014453
u_39:0.4778108552
u_40:0.4973989861
u_41:0.5294871956
u_42:0.5425918069
u_43:0.5505992485
u_44:0.5321645382
u_45:0.5259267424
u_46:0.5391968159
u_47:0.4829680258
u_48:0.4937732046
u_49:0.4654949709
u_50:0.4246244817
u_51:0.4350876289
u_52:0.4525855846
u_53:0.440886662
u_54:0.4494660869
u_55:0.4763427449
u_56:0.4616323636
u_57:0.4485053286
u_58:0.4384837069
u_59:0.4487254007
u_60:0.4543457667
u_61:0.4100573797
u_62:0.3387620268
u_63:0.3192109661
u_64:0.3369076818
u_65:0.3091682312
u_66:0.2422087625
u_67:0.2307417635
u_68:0.222027962
u_69:0.2166278061
u_70:0.2219980398
u_71:0.2509681903
u_72:0.2550004213
u_73:0.2837316417
u_74:0.3132232649
u_75:0.3310422767
u_76:0.3897524603
u_77:0.4014611581
u_78:0.4498508125
u_79:0.4982789441
u_80:0.5466802581
u_81:0.5949859261
u_82:0.6065424162
u_83:0.6650121387
u_84:0.6824705297
u_85:0.7214598148
u_86:0.7490737153
u_87:0.7473797449
u_88:0.7749144466
u_89:0.7586996842
u_90:0.7779319345
u_91:0.7621730398
u_92:0.771842031
u_93:0.7526299513
u_94:0.730129142
u_95:0.7402035904
u_96:0.6990651196
u_97:0.644346784
u_98:0.5494767789
u_99:0.5147262611
[Objective]
0.01091502543
