[Grid]
nodes:100
dt_0:0.02
dt_1:0.02
dt_2:0.02
dt_3:0.02
dt_4:0.02
dt_5:0.02
dt_6:0.02
dt_7:0.02
dt_8:0.02
dt_9:0.02
dt_10:0.02
dt_11:0.02
dt_12:0.02
dt_13:0.02
dt_14:0.02
dt_15:0.02
dt_16:0.02
dt_17:0.02
dt_18:0.02
dt_19:0.02
dt_20:0.02
dt_21:0.02
dt_22:0.02
dt_23:0.02
dt_24:0.02
dt_25:0.02
dt_26:0.02
dt_27:0.02
dt_28:0.02
dt_29:0.02
dt_30:0.02
dt_31:0.02
dt_32:0.02
dt_33:0.02
dt_34:0.02
dt_35:0.02
dt_36:0.02
dt_37:0.02
dt_38:0.02
dt_39:0.02
dt_40:0.02
dt_41:0.02
dt_42:0.02
dt_43:0.02
dt_44:0.02
dt_45:0.02
dt_46:0.02
dt_47:0.02
dt_48:0.02
dt_49:0.02
dt_50:0.02
dt_51:0.02
dt_52:0.02
dt_53:0.02
dt_54:0.02
dt_55:0.02
dt_56:0.02
dt_57:0.02
dt_58:0.02
dt_59:0.02
dt_60:0.02
dt_61:0.02
dt_62:0.02
dt_63:0.02
dt_64:0.02
dt_65:0.02
dt_66:0.02
dt_67:0.02
dt_68:0.02
dt_69:0.02
dt_70:0.02
dt_71:0.02
dt_72:0.02
dt_73:0.02
dt_74:0.02
dt_75:0.02
dt_76:0.02
dt_77:0.02
dt_78:0.02
dt_79:0.02
dt_80:0.02
dt_81:0.02
dt_82:0.02
dt_83:0.02
dt_84:0.02
dt_85:0.02
dt_86:0.02
dt_87:0.02
dt_88:0.02
dt_89:0.02
dt_90:0.02
dt_91:0.02
dt_92:0.02
dt_93:0.02
dt_94:0.02
dt_95:0.02
dt_96:0.02
dt_97:0.02
dt_98:0.02
dt_99:0.02
[Control]
u_0:0.1530649171
u_1:0.390635268
u_2:0.691472209
u_3:0.8909069609
u_4:0.8623385495
u_5:0.6248259573
u_6:0.325145193
u_7:0.1284868382
u_8:0.1621024814
u_9:0.4078394504
u_10:0.7202404708
u_11:0.9360618086
u_12:0.9621847532
u_13:0.9176591448
u_14:0.8444397272
u_15:0.7498098908
u_16:0.6409714955
u_17:0.5250839499
u_18:0.4092964431
u_19:0.300779216
u_20:0.206758389
u_21:0.1345595906
u_22:0.09166771178
u_23:0.08581498778
u_24:0.1553555437
u_25:0.3997988018
u_26:0.7092160336
u_27:0.9200886354
u_28:0.9329511809
u_29:0.8458288483
u_30:0.70809734
u_31:0.5428428284
u_32:0.3727157331
u_33:0.2197781149
u_34:0.1052786056
u_35:0.04931825867
u_36:0.0669640473
u_37:0.1547338125
u_38:0.2927095979
u_39:0.4579921431
u_40:0.628038978
u_41:0.7808481015
u_42:0.8952016415
u_43:0.9510113296
u_44:0.9332116493
u_45:0.8452784234
u_46:0.7071168512
u_47:0.5416067385
u_48:0.3712626583
u_49:0.2180469618
u_50:0.1031208658
u_51:0.04649109601
u_52:0.06310512676
u_53:0.1493155982
u_54:0.2849674412
u_55:0.4468163398
u_56:0.6118154347
u_57:0.7572243399
u_58:0.8607430182
u_59:0.9006932921
u_60:0.8341503783
u_61:0.5845027387
u_62:0.2673647774
u_63:0.0451996879
u_64:0.005852243719
u_65:0.0131868773
u_66:0.02621544083
u_67:0.04427576263
u_68:0.06683536144
u_69:0.09343878352
u_70:0.1236758503
u_71:0.157162172
u_72:0.1935273485
u_73:0.2324079865
u_74:0.2734436802
u_75:0.3162747757
u_76:0.3605411755
u_77:0.4058817148
u_78:0.4519338237
u_79:0.498333283
u_80:0.5447139483
u_81:0.5907073343
u_82:0.6359419561
u_83:0.6800423015
u_84:0.7226272638
u_85:0.7633077932
u_86:0.8016834171
u_87:0.837337116
u_88:0.8698278071
u_89:0.8986793368
u_90:0.9233643749
u_91:0.9432808462
u_92:0.9577174066
u_93:0.9658027427
u_94:0.966430701
u_95:0.9581482785
u_96:0.9216521512
u_97:0.7997811515
u_98:0.6455694428
u_99:0.5408218893
[Objective]
0.01025483886
