[Grid]
nodes:100
dt_0:0.02
dt_1:0.02
dt_2:0.02
dt_3:0.02
dt_4:0.02
dt_5:0.02
dt_6:0.02
dt_7:0.02
dt_8:0.02
dt_9:0.02
dt_10:0.02
dt_11:0.02
dt_12:0.02
dt_13:0.02
dt_14:0.02
dt_15:0.02
dt_16:0.02
dt_17:0.02
dt_18:0.02
dt_19:0.02
dt_20:0.02
dt_21:0.02
dt_22:0.02
dt_23:0.02
dt_24:0.02
dt_25:0.02
dt_26:0.02
dt_27:0.02
dt_28:0.02
dt_29:0.02
dt_30:0.02
dt_31:0.02
dt_32:0.02
dt_33:0.02
dt_34:0.02
dt_35:0.02
dt_36:0.02
dt_37:0.02
dt_38:0.02
dt_39:0.02
dt_40:0.02
dt_41:0.02
dt_42:0.02
dt_43:0.02
dt_44:0.02
dt_45:0.02
dt_46:0.02
dt_47:0.02
dt_48:0.02
dt_49:0.02
dt_50:0.02
dt_51:0.02
dt_52:0.02
dt_53:0.02
dt_54:0.02
dt_55:0.02
dt_56:0.02
dt_57:0.02
dt_58:0.02
dt_59:0.02
dt_60:0.02
dt_61:0.02
dt_62:0.02
dt_63:0.02
dt_64:0.02
dt_65:0.02
dt_66:0.02
dt_67:0.02
dt_68:0.02
dt_69:0.02
dt_70:0.02
dt_71:0.02
dt_72:0.02
dt_73:0.02
dt_74:0.02
dt_75:0.02
dt_76:0.02
dt_77:0.02
dt_78:0.02
dt_79:0.02
dt_80:0.02
dt_81:0.02
dt_82:0.02
dt_83:0.02
dt_84:0.02
dt_85:0.02
dt_86:0.02
dt_87:0.02
dt_88:0.02
dt_89:0.02
dt_90:0.02
dt_91:0.02
dt_92:0.02
dt_93:0.02
dt_94:0.02
dt_95:0.02
dt_96:0.02
dt_97:0.02
dt_98:0.02
dt_99:0.02
[Control]
u_0:0.1706547781
u_1:0.3816252335
u_2:0.418218399
u_3:0.4576114445
u_4:0.4695882077
u_5:0.4860638556
u_6:0.4897421364
u_7:0.5150037827
u_8:0.508955033
u_9:0.5392805073
u_10:0.5430859642
u_11:0.5391606882
u_12:0.5432657013
u_13:0.5526265399
u_14:0.5323015916
u_15:0.5115952666
u_16:0.5562639752
u_17:0.5060416746
u_18:0.4858901902
u_19:0.4910932563
u_20:0.4636606023
u_21:0.4542199692
u_22:0.4810092019
u_23:0.4773677786
u_24:0.4859367623
u_25:0.4657274715
u_26:0.4778852539
u_27:0.4843392405
u_28:0.4648888565
u_29:0.48572471
u_30:0.4857793835
u_31:0.4691055686
u_32:0.4590696391
u_33:0.4333608093
u_34:0.4488455304
u_35:0.4357554749
u_36:0.4509418879
u_37:0.4416608982
u_38:0.4669599746
u_39:0.5210793211
u_40:0.5222318268
u_41:0.5304816526
u_42:0.5191750125
u_43:0.5357250732
u_44:0.5270433436
u_45:0.5238511752
u_46:0.5158353327
u_47:0.4859617027
u_48:0.476780189
u_49:0.432401007
u_50:0.4480122612
u_51:0.4384108181
u_52:0.4234856442
u_53:0.4312167951
u_54:0.4306652253
u_55:0.436681179
u_56:0.4622057715
u_57:0.4554501812
u_58:0.446047293
u_59:0.4447895284
u_60:0.4427741667
u_61:0.3979365915
u_62:0.3531411001
u_63:0.3133939366
u_64:0.2998297883
u_65:0.2869196826
u_66:0.2743495672
u_67:0.254972561
u_68:0.2648471576
u_69:0.2570816482
u_70:0.2476523897
u_71:0.265535346
u_72:0.2919797798
u_73:0.3076269248
u_74:0.3144908657
u_75:0.3381540672
u_76:0.3582634308
u_77:0.4130603102
u_78:0.4496911832
u_79:0.4984437413
u_80:0.547193685
u_81:0.583817079
u_82:0.638603408
u_83:0.6449294871
u_84:0.6583623958
u_85:0.6917267667
u_86:0.7334654624
u_87:0.737621262
u_88:0.7443759342
u_89:0.7705754901
u_90:0.7480104078
u_91:0.7647905642
u_92:0.7503382994
u_93:0.7437107449
u_94:0.7200870386
u_95:0.7088337304
u_96:0.6832277963
u_97:0.6674616216
u_98:0.6281445434
u_99:0.5461439717
[Objective]
0.01093072615
