[Grid]
nodes:100
dt_0:0.02
dt_1:0.02
dt_2:0.02
dt_3:0.02
dt_4:0.02
dt_5:0.02
dt_6:0.02
dt_7:0.02
dt_8:0.02
dt_9:0.02
dt_10:0.02
dt_11:0.02
dt_12:0.02
dt_13:0.02
dt_14:0.02
dt_15:0.02
dt_16:0.02
dt_17:0.02
dt_18:0.02
dt_19:0.02
dt_20:0.02
dt_21:0.02
dt_22:0.02
dt_23:0.02
dt_24:0.02
dt_25:0.02
dt_26:0.02
dt_27:0.02
dt_28:0.02
dt_29:0.02
dt_30:0.02
dt_31:0.02
dt_32:0.02
dt_33:0.02
dt_34:0.02
dt_35:0.02
dt_36:0.02
dt_37:0.02
dt_38:0.02
dt_39:0.02
dt_40:0.02
dt_41:0.02
dt_42:0.02
dt_43:0.02
dt_44:0.02
dt_45:0.02
dt_46:0.02
dt_47:0.02
dt_48:0.02
dt_49:0.02
dt_50:0.02
dt_51:0.02
dt_52:0.02
dt_53:0.02
dt_54:0.02
dt_55:0.02
dt_56:0.02
dt_57:0.02
dt_58:0.02
dt_59:0.02
dt_60:0.02
dt_61:0.02
dt_62:0.02
dt_63:0.02
dt_64:0.02
dt_65:0.02
dt_66:0.02
dt_67:0.02
dt_68:0.02
dt_69:0.02
dt_70:0.02
dt_71:0.02
dt_72:0.02
dt_73:0.02
dt_74:0.02
dt_75:0.02
dt_76:0.02
dt_77:0.02
dt_78:0.02
dt_79:0.02
dt_80:0.02
dt_81:0.02
dt_82:0.02
dt_83:0.02
dt_84:0.02
dt_85:0.02
dt_86:0.02
dt_87:0.02
dt_88:0.02
dt_89:0.02
dt_90:0.02
dt_91:0.02
dt_92:0.02
dt_93:0.02
dt_94:0.02
dt_95:0.02
dt_96:0.02
dt_97:0.02
dt_98:0.02
dt_99:0.02
[Control]
u_0:0.1681848646
u_1:0.4123087603
u_2:0.4596421125
u_3:0.4792447183
u_4:0.4859831562
u_5:0.4887794099
u_6:0.501310994
u_7:0.4946474185
u_8:0.4991914695
u_9:0.5125613647
u_10:0.5326480535
u_11:0.5380345431
u_12:0.5349891976
u_13:0.5387500114
u_14:0.5384428951
u_15:0.5306459053
u_16:0.5344232392
u_17:0.5045058992
u_18:0.4718684547
u_19:0.4699038509
u_20:0.4710542978
u_21:0.4632032094
u_22:0.468541487
u_23:0.4644988213
u_24:0.4772749454
u_25:0.4732907394
u_26:0.4698191344
u_27:0.4790092905
u_28:0.482576207
u_29:0.4885184144
u_30:0.4753906268
u_31:0.4755742395
u_32:0.4598776998
u_33:0.4561186577
u_34:0.4439368164
u_35:0.4540450027
u_36:0.4639735317
u_37:0.4834605364
u_38:0.4825618285
u_39:0.4967509549
u_40:0.4994767166
u_41:0.502314072
u_42:0.5040976335
u_43:0.5039947816
u_44:0.4998004907
u_45:0.4929924977
u_46:0.508788838
u_47:0.4868597576
u_48:0.4475434562
u_49:0.45898295
u_50:0.4528994504
u_51:0.4418312807
u_52:0.4427615646
u_53:0.4481173023
u_54:0.4491419182
u_55:0.4424663296
u_56:0.4420716188
u_57:0.4404893566
u_58:0.4447876117
u_59:0.4456324738
u_60:0.4424122528
u_61:0.4212009258
u_62:0.3148216122
u_63:0.3231362831
u_64:0.3145068927
u_65:0.2868744858
u_66:0.2729119486
u_67:0.2716779999
u_68:0.2536266919
u_69:0.2553669581
u_70:0.2685508643
u_71:0.2696561208
u_72:0.2919916604
u_73:0.3055542598
u_74:0.3160923372
u_75:0.339353273
u_76:0.3978808892
u_77:0.3999669461
u_78:0.4489296079
u_79:0.4977950448
u_80:0.5465635016
u_81:0.5792895678
u_82:0.63470939
u_83:0.6787126097
u_84:0.6760807543
u_85:0.6946479912
u_86:0.7205569786
u_87:0.7347804855
u_88:0.7328670711
u_89:0.7328461532
u_90:0.7476464931
u_91:0.7454236283
u_92:0.7436259587
u_93:0.7470175437
u_94:0.7230920376
u_95:0.7318479673
u_96:0.7131107728
u_97:0.7191948757
u_98:0.6586911222
u_99:0.5452131195
[Objective]
0.01094576264
