[Grid]
nodes:100
dt_0:0.02
dt_1:0.02
dt_2:0.02
dt_3:0.02
dt_4:0.02
dt_5:0.02
dt_6:0.02
dt_7:0.02
dt_8:0.02
dt_9:0.02
dt_10:0.02
dt_11:0.02
dt_12:0.02
dt_13:0.02
dt_14:0.02
dt_15:0.02
dt_16:0.02
dt_17:0.02
dt_18:0.02
dt_19:0.02
dt_20:0.02
dt_21:0.02
dt_22:0.02
dt_23:0.02
dt_24:0.02
dt_25:0.02
dt_26:0.02
dt_27:0.02
dt_28:0.02
dt_29:0.02
dt_30:0.02
dt_31:0.02
dt_32:0.02
dt_33:0.02
dt_34:0.02
dt_35:0.02
dt_36:0.02
dt_37:0.02
dt_38:0.02
dt_39:0.02
dt_40:0.02
dt_41:0.02
dt_42:0.02
dt_43:0.02
dt_44:0.02
dt_45:0.02
dt_46:0.02
dt_47:0.02
dt_48:0.02
dt_49:0.02
dt_50:0.02
dt_51:0.02
dt_52:0.02
dt_53:0.02
dt_54:0.02
dt_55:0.02
dt_56:0.02
dt_57:0.02
dt_58:0.02
dt_59:0.02
dt_60:0.02
dt_61:0.02
dt_62:0.02
dt_63:0.02
dt_64:0.02
dt_65:0.02
dt_66:0.02
dt_67:0.02
dt_68:0.02
dt_69:0.02
dt_70:0.02
dt_71:0.02
dt_72:0.02
dt_73:0.02
dt_74:0.02
dt_75:0.02
dt_76:0.02
dt_77:0.02
dt_78:0.02
dt_79:0.02
dt_80:0.02
dt_81:0.02
dt_82:0.02
dt_83:0.02
dt_84:0.02
dt_85:0.02
dt_86:0.02
dt_87:0.02
dt_88:0.02
dt_89:0.02
dt_90:0.02
dt_91:0.02
dt_92:0.02
dt_93:0.02
dt_94:0.02
dt_95:0.02
dt_96:0.02
dt_97:0.02
dt_98:0.02
dt_99:0.02
[Control]
u_0:0.1763534862
u_1:0.1557450069
u_2:0.414997253
u_3:0.3976853032
u_4:0.5417747799
u_5:0.5193764346
u_6:0.6319570018
u_7:0.5250559119
u_8:0.7257820759
u_9:0.5552332652
u_10:0.4690271591
u_11:0.6172735892
u_12:0.6185564721
u_13:0.6062992224
u_14:0.6092188318
u_15:0.6558974687
u_16:0.6534079405
u_17:0.5288078091
u_18:0.4048698887
u_19:0.2875357528
u_20:0.2996371516
u_21:0.3683548486
u_22:0.5179206891
u_23:0.4648982273
u_24:0.4450881383
u_25:0.5434626554
u_26:0.4556724251
u_27:0.4831419086
u_28:0.5506273649
u_29:0.5598412406
u_30:0.5757676932
u_31:0.4318120995
u_32:0.4793354155
u_33:0.3470546005
u_34:0.3848345471
u_35:0.422891946
u_36:0.4915546622
u_37:0.3904685434
u_38:0.3914176272
u_39:0.4553401797
u_40:0.5236218875
u_41:0.6550659267
u_42:0.6166652319
u_43:0.5781357849
u_44:0.5091010127
u_45:0.609875912
u_46:0.6086418468
u_47:0.5444265558
u_48:0.4758069397
u_49:0.3439342498
u_50:0.381755694
u_51:0.419472812
u_52:0.4873453805
u_53:0.384890638
u_54:0.3836847051
u_55:0.4443489481
u_56:0.5078013764
u_57:0.5152087786
u_58:0.5449136191
u_59:0.4029010816
u_60:0.5431461085
u_61:0.4398903124
u_62:0.5201697622
u_63:0.3645954395
u_64:0.3491843511
u_65:0.3233013404
u_66:0.2590596564
u_67:0.1343341692
u_68:0.04850605792
u_69:0.08092304652
u_70:0.1151227904
u_71:0.1513183624
u_72:0.1895399778
u_73:0.2296962989
u_74:0.2716130753
u_75:0.3150589663
u_76:0.3597633187
u_77:0.4054286514
u_78:0.4517396076
u_79:0.498369586
u_80:0.5449859381
u_81:0.5912544253
u_82:0.6368435424
u_83:0.6814293082
u_84:0.7247012032
u_85:0.7663701202
u_86:0.8061795211
u_87:0.843921565
u_88:0.8794610022
u_89:0.9127717452
u_90:0.9439962551
u_91:0.8565860537
u_92:0.7297876861
u_93:0.6628701184
u_94:0.6335972442
u_95:0.6541108901
u_96:0.6913523063
u_97:0.7091059526
u_98:0.6600321909
u_99:0.5456614887
[Objective]
0.01084354703
