[Grid]
nodes:100
dt_0:0.02
dt_1:0.02
dt_2:0.02
dt_3:0.02
dt_4:0.02
dt_5:0.02
dt_6:0.02
dt_7:0.02
dt_8:0.02
dt_9:0.02
dt_10:0.02
dt_11:0.02
dt_12:0.02
dt_13:0.02
dt_14:0.02
dt_15:0.02
dt_16:0.02
dt_17:0.02
dt_18:0.02
dt_19:0.02
dt_20:0.02
dt_21:0.02
dt_22:0.02
dt_23:0.02
dt_24:0.02
dt_25:0.02
dt_26:0.02
dt_27:0.02
dt_28:0.02
dt_29:0.02
dt_30:0.02
dt_31:0.02
dt_32:0.02
dt_33:0.02
dt_34:0.02
dt_35:0.02
dt_36:0.02
dt_37:0.02
dt_38:0.02
dt_39:0.02
dt_40:0.02
dt_41:0.02
dt_42:0.02
dt_43:0.02
dt_44:0.02
dt_45:0.02
dt_46:0.02
dt_47:0.02
dt_48:0.02
dt_49:0.02
dt_50:0.02
dt_51:0.02
dt_52:0.02
dt_53:0.02
dt_54:0.02
dt_55:0.02
dt_56:0.02
dt_57:0.02
dt_58:0.02
dt_59:0.02
dt_60:0.02
dt_61:0.02
dt_62:0.02
dt_63:0.02
dt_64:0.02
dt_65:0.02
dt_66:0.02
dt_67:0.02
dt_68:0.02
dt_69:0.02
dt_70:0.02
dt_71:0.02
dt_72:0.02
dt_73:0.02
dt_74:0.02
dt_75:0.02
dt_76:0.02
dt_77:0.02
dt_78:0.02
dt_79:0.02
dt_80:0.02
dt_81:0.02
dt_82:0.02
dt_83:0.02
dt_84:0.02
dt_85:0.02
dt_86:0.02
dt_87:0.02
dt_88:0.02
dt_89:0.02
dt_90:0.02
dt_91:0.02
dt_92:0.02
dt_93:0.02
dt_94:0.02
dt_95:0.02
dt_96:0.02
dt_97:0.02
dt_98:0.02
dt_99:0.02
[Control]
u_0:0.1684890024
u_1:0.4127449171
u_2:0.4539429719
u_3:0.4725518257
u_4:0.4802926904
u_5:0.4904206004
u_6:0.4779279416
u_7:0.4955516106
u_8:0.5229867695
u_9:0.5314813825
u_10:0.5295103034
u_11:0.5465719305
u_12:0.5372699065
u_13:0.5398624652
u_14:0.5350201177
u_15:0.5320762622
u_16:0.5357189562
u_17:0.5177139663
u_18:0.4892182528
u_19:0.470089654
u_20:0.4685521354
u_21:0.4632705357
u_22:0.4481084102
u_23:0.4601064574
u_24:0.4736103763
u_25:0.4621672389
u_26:0.4606587826
u_27:0.468892083
u_28:0.4727260179
u_29:0.4847627122
u_30:0.4966675384
u_31:0.4877516162
u_32:0.4801595466
u_33:0.4619993339
u_34:0.4584279017
u_35:0.4469351186
u_36:0.4523941035
u_37:0.4653612966
u_38:0.4614849303
u_39:0.4941920672
u_40:0.5146037091
u_41:0.5018417624
u_42:0.5008950326
u_43:0.5054533637
u_44:0.5124389084
u_45:0.5123510032
u_46:0.4983022237
u_47:0.4799587004
u_48:0.4639516481
u_49:0.4495724389
u_50:0.4474923332
u_51:0.4430639873
u_52:0.442408735
u_53:0.4453634969
u_54:0.4596893477
u_55:0.4532489144
u_56:0.4431943828
u_57:0.4384802983
u_58:0.446832999
u_59:0.4329691177
u_60:0.4229395501
u_61:0.417698421
u_62:0.3406272445
u_63:0.335736076
u_64:0.2976332936
u_65:0.2580741775
u_66:0.2706429315
u_67:0.2555962698
u_68:0.2615919665
u_69:0.2617469718
u_70:0.2720854154
u_71:0.288949727
u_72:0.2904375418
u_73:0.2969135875
u_74:0.3505786694
u_75:0.3477310833
u_76:0.3551252809
u_77:0.400688254
u_78:0.4494982771
u_79:0.4982991108
u_80:0.547079885
u_81:0.5600174141
u_82:0.6410866499
u_83:0.67867809
u_84:0.6857644751
u_85:0.7053595116
u_86:0.7111851821
u_87:0.730917003
u_88:0.7364276937
u_89:0.733893124
u_90:0.7571719642
u_91:0.7531745856
u_92:0.7452459688
u_93:0.7385306258
u_94:0.7223202361
u_95:0.7212048554
u_96:0.7246373054
u_97:0.7065234595
u_98:0.6574608674
u_99:0.5453017561
[Objective]
0.01094391782
