[Grid]
nodes:100
dt_0:0.02
dt_1:0.02
dt_2:0.02
dt_3:0.02
dt_4:0.02
dt_5:0.02
dt_6:0.02
dt_7:0.02
dt_8:0.02
dt_9:0.02
dt_10:0.02
dt_11:0.02
dt_12:0.02
dt_13:0.02
dt_14:0.02
dt_15:0.02
dt_16:0.02
dt_17:0.02
dt_18:0.02
dt_19:0.02
dt_20:0.02
dt_21:0.02
dt_22:0.02
dt_23:0.02
dt_24:0.02
dt_25:0.02
dt_26:0.02
dt_27:0.02
dt_28:0.02
dt_29:0.02
dt_30:0.02
dt_31:0.02
dt_32:0.02
dt_33:0.02
dt_34:0.02
dt_35:0.02
dt_36:0.02
dt_37:0.02
dt_38:0.02
dt_39:0.02
dt_40:0.02
dt_41:0.02
dt_42:0.02
dt_43:0.02
dt_44:0.02
dt_45:0.02
dt_46:0.02
dt_47:0.02
dt_48:0.02
dt_49:0.02
dt_50:0.02
dt_51:0.02
dt_52:0.02
dt_53:0.02
dt_54:0.02
dt_55:0.02
dt_56:0.02
dt_57:0.02
dt_58:0.02
dt_59:0.02
dt_60:0.02
dt_61:0.02
dt_62:0.02
dt_63:0.02
dt_64:0.02
dt_65:0.02
dt_66:0.02
dt_67:0.02
dt_68:0.02
dt_69:0.02
dt_70:0.02
dt_71:0.02
dt_72:0.02
dt_73:0.02
dt_74:0.02
dt_75:0.02
dt_76:0.02
dt_77:0.02
dt_78:0.02
dt_79:0.02
dt_80:0.02
dt_81:0.02
dt_82:0.02
dt_83:0.02
dt_84:0.02
dt_85:0.02
dt_86:0.02
dt_87:0.02
dt_88:0.02
dt_89:0.02
dt_90:0.02
dt_91:0.02
dt_92:0.02
dt_93:0.02
dt_94:0.02
dt_95:0.02
dt_96:0.02
dt_97:0.02
dt_98:0.02
dt_99:0.02
[Control]
u_0:0.1679156646
u_1:0.4119227803
u_2:0.4673894987
u_3:0.4774931017
u_4:0.4844362524
u_5:0.4990045447
u_6:0.4989416802
u_7:0.4997885492
u_8:0.5173044757
u_9:0.5231794151
u_10:0.5354646455
u_11:0.5262914143
u_12:0.5231997761
u_13:0.5355483878
u_14:0.5275770795
u_15:0.5152439614
u_16:0.5068008421
u_17:0.4974730492
u_18:0.4859717299
u_19:0.4754692731
u_20:0.4700103036
u_21:0.4718232481
u_22:0.4705068585
u_23:0.4739701589
u_24:0.4702163669
u_25:0.4710468268
u_26:0.4747717952
u_27:0.4789363746
u_28:0.4846497679
u_29:0.4741453636
u_30:0.4849167574
u_31:0.4802818729
u_32:0.4708319592
u_33:0.4592285143
u_34:0.4633912659
u_35:0.4638185144
u_36:0.4650966949
u_37:0.450180136
u_38:0.472657626
u_39:0.4844955692
u_40:0.4999731551
u_41:0.5020629345
u_42:0.508876544
u_43:0.5017548318
u_44:0.5063708557
u_45:0.5048745805
u_46:0.500090833
u_47:0.4919251302
u_48:0.4640961863
u_49:0.4551316068
u_50:0.4418439103
u_51:0.4421157864
u_52:0.4362958105
u_53:0.4290606322
u_54:0.4418728043
u_55:0.4502242434
u_56:0.446541005
u_57:0.4455582029
u_58:0.4519229982
u_59:0.4466638874
u_60:0.4420352906
u_61:0.4293857001
u_62:0.3095866574
u_63:0.2937568001
u_64:0.2894232177
u_65:0.2794717794
u_66:0.278872608
u_67:0.2807259642
u_68:0.2779248198
u_69:0.2737974069
u_70:0.2768688021
u_71:0.28493723
u_72:0.2854792887
u_73:0.2898322663
u_74:0.3377311733
u_75:0.3504426279
u_76:0.3661006964
u_77:0.4001964768
u_78:0.4489387379
u_79:0.4975877417
u_80:0.5461084647
u_81:0.5944461356
u_82:0.6425750524
u_83:0.6627965925
u_84:0.6988810998
u_85:0.7067519188
u_86:0.6985869088
u_87:0.7257682296
u_88:0.7307064037
u_89:0.7392158628
u_90:0.7429309195
u_91:0.7376911866
u_92:0.7390200651
u_93:0.7378622143
u_94:0.7353548618
u_95:0.7230104483
u_96:0.7316833151
u_97:0.7115055337
u_98:0.6586759227
u_99:0.5452079991
[Objective]
0.01094805819
