[Grid]
nodes:100
dt_0:0.02
dt_1:0.02
dt_2:0.02
dt_3:0.02
dt_4:0.02
dt_5:0.02
dt_6:0.02
dt_7:0.02
dt_8:0.02
dt_9:0.02
dt_10:0.02
dt_11:0.02
dt_12:0.02
dt_13:0.02
dt_14:0.02
dt_15:0.02
dt_16:0.02
dt_17:0.02
dt_18:0.02
dt_19:0.02
dt_20:0.02
dt_21:0.02
dt_22:0.02
dt_23:0.02
dt_24:0.02
dt_25:0.02
dt_26:0.02
dt_27:0.02
dt_28:0.02
dt_29:0.02
dt_30:0.02
dt_31:0.02
dt_32:0.02
dt_33:0.02
dt_34:0.02
dt_35:0.02
dt_36:0.02
dt_37:0.02
dt_38:0.02
dt_39:0.02
dt_40:0.02
dt_41:0.02
dt_42:0.02
dt_43:0.02
dt_44:0.02
dt_45:0.02
dt_46:0.02
dt_47:0.02
dt_48:0.02
dt_49:0.02
dt_50:0.02
dt_51:0.02
dt_52:0.02
dt_53:0.02
dt_54:0.02
dt_55:0.02
dt_56:0.02
dt_57:0.02
dt_58:0.02
dt_59:0.02
dt_60:0.02
dt_61:0.02
dt_62:0.02
dt_63:0.02
dt_64:0.02
dt_65:0.02
dt_66:0.02
dt_67:0.02
dt_68:0.02
dt_69:0.02
dt_70:0.02
dt_71:0.02
dt_72:0.02
dt_73:0.02
dt_74:0.02
dt_75:0.02
dt_76:0.02
dt_77:0.02
dt_78:0.02
dt_79:0.02
dt_80:0.02
dt_81:0.02
dt_82:0.02
dt_83:0.02
dt_84:0.02
dt_85:0.02
dt_86:0.02
dt_87:0.02
dt_88:0.02
dt_89:0.02
dt_90:0.02
dt_91:0.02
dt_92:0.02
dt_93:0.02
dt_94:0.02
dt_95:0.02
dt_96:0.02
dt_97:0.02
dt_98:0.02
dt_99:0.02
[Control]
u_0:0.1681654307
u_1:0.412280583
u_2:0.4609356405
u_3:0.4791513149
u_4:0.4841182873
u_5:0.4917503414
u_6:0.4945211491
u_7:0.4990400971
u_8:0.5070190482
u_9:0.5181833657
u_10:0.5259345549
u_11:0.5304849809
u_12:0.5329292922
u_13:0.5339282955
u_14:0.5304874892
u_15:0.5320425659
u_16:0.5277420466
u_17:0.5063465185
u_18:0.4830956019
u_19:0.471751582
u_20:0.4677326032
u_21:0.4662195863
u_22:0.4655490187
u_23:0.4698303218
u_24:0.4791561486
u_25:0.476075037
u_26:0.4753967172
u_27:0.4699983936
u_28:0.4761862152
u_29:0.4863161151
u_30:0.4729685474
u_31:0.4802849846
u_32:0.4679855209
u_33:0.4602399294
u_34:0.4570846683
u_35:0.4560644866
u_36:0.4546733308
u_37:0.4646593303
u_38:0.4832511049
u_39:0.4907157388
u_40:0.4988292683
u_41:0.5146394951
u_42:0.5070504745
u_43:0.5043929769
u_44:0.5019250758
u_45:0.4991481293
u_46:0.4970843146
u_47:0.4847994823
u_48:0.4583918878
u_49:0.4502033741
u_50:0.4514565971
u_51:0.4455915767
u_52:0.4361641375
u_53:0.4352977634
u_54:0.4462766707
u_55:0.4528217692
u_56:0.4467262799
u_57:0.4472509802
u_58:0.4458806613
u_59:0.4407608174
u_60:0.4428751377
u_61:0.4229788028
u_62:0.3224082837
u_63:0.3067383109
u_64:0.298041415
u_65:0.2816961108
u_66:0.2750920853
u_67:0.2746893579
u_68:0.2674159693
u_69:0.27092715
u_70:0.2773908839
u_71:0.2768608084
u_72:0.2810967953
u_73:0.297024072
u_74:0.324588859
u_75:0.3382416703
u_76:0.380597869
u_77:0.4126012303
u_78:0.448794257
u_79:0.4976476006
u_80:0.5463803506
u_81:0.587874385
u_82:0.6352846862
u_83:0.6742354069
u_84:0.6838310842
u_85:0.684455454
u_86:0.7066287757
u_87:0.7303895167
u_88:0.7428373427
u_89:0.7375033717
u_90:0.7460116398
u_91:0.7444444895
u_92:0.739330036
u_93:0.7405423121
u_94:0.7351472456
u_95:0.7300030843
u_96:0.7179733863
u_97:0.7148358478
u_98:0.6586912381
u_99:0.5452131145
[Objective]
0.01094660551
