[Grid]
nodes:100
dt_0:0.02
dt_1:0.02
dt_2:0.02
dt_3:0.02
dt_4:0.02
dt_5:0.02
dt_6:0.02
dt_7:0.02
dt_8:0.02
dt_9:0.02
dt_10:0.02
dt_11:0.02
dt_12:0.02
dt_13:0.02
dt_14:0.02
dt_15:0.02
dt_16:0.02
dt_17:0.02
dt_18:0.02
dt_19:0.02
dt_20:0.02
dt_21:0.02
dt_22:0.02
dt_23:0.02
dt_24:0.02
dt_25:0.02
dt_26:0.02
dt_27:0.02
dt_28:0.02
dt_29:0.02
dt_30:0.02
dt_31:0.02
dt_32:0.02
dt_33:0.02
dt_34:0.02
dt_35:0.02
dt_36:0.02
dt_37:0.02
dt_38:0.02
dt_39:0.02
dt_40:0.02
dt_41:0.02
dt_42:0.02
dt_43:0.02
dt_44:0.02
dt_45:0.02
dt_46:0.02
dt_47:0.02
dt_48:0.02
dt_49:0.02
dt_50:0.02
dt_51:0.02
dt_52:0.02
dt_53:0.02
dt_54:0.02
dt_55:0.02
dt_56:0.02
dt_57:0.02
dt_58:0.02
dt_59:0.02
dt_60:0.02
dt_61:0.02
dt_62:0.02
dt_63:0.02
dt_64:0.02
dt_65:0.02
dt_66:0.02
dt_67:0.02
dt_68:0.02
dt_69:0.02
dt_70:0.02
dt_71:0.02
dt_72:0.02
dt_73:0.02
dt_74:0.02
dt_75:0.02
dt_76:0.02
dt_77:0.02
dt_78:0.02
dt_79:0.02
dt_80:0.02
dt_81:0.02
dt_82:0.02
dt_83:0.02
dt_84:0.02
dt_85:0.02
dt_86:0.02
dt_87:0.02
dt_88:0.02
dt_89:0.02
dt_90:0.02
dt_91:0.02
dt_92:0.02
dt_93:0.02
dt_94:0.02
dt_95:0.02
dt_96:0.02
dt_97:0.02
dt_98:0.02
dt_99:0.02
[Control]
u_0:0.1682556084
u_1:0.4124095168
u_2:0.4633061447
u_3:0.4765857898
u_4:0.4770604007
u_5:0.4866890385
u_6:0.4948207257
u_7:0.4945506726
u_8:0.5118104461
u_9:0.5045259562
u_10:0.5492229475
u_11:0.5426011774
u_12:0.5284523156
u_13:0.5369400422
u_14:0.5453390035
u_15:0.5358809425
u_16:0.5239336729
u_17:0.5137266146
u_18:0.4771624995
u_19:0.4683890303
u_20:0.4671474315
u_21:0.4753595753
u_22:0.4572752437
u_23:0.4616884659
u_24:0.4718884174
u_25:0.4626749189
u_26:0.4643526548
u_27:0.4741548151
u_28:0.4800968654
u_29:0.4861077047
u_30:0.4866080998
u_31:0.4863578122
u_32:0.4661751209
u_33:0.4551565627
u_34:0.4599000608
u_35:0.450539453
u_36:0.4465071389
u_37:0.4754347364
u_38:0.4905512882
u_39:0.4947078794
u_40:0.4921343083
u_41:0.5062499579
u_42:0.5035543386
u_43:0.4970858466
u_44:0.5026159323
u_45:0.5154374101
u_46:0.4972846349
u_47:0.4807901939
u_48:0.4588646717
u_49:0.4573211095
u_50:0.4468579882
u_51:0.441870355
u_52:0.4449404973
u_53:0.4515662627
u_54:0.4510594819
u_55:0.4366485364
u_56:0.4474087273
u_57:0.4412431362
u_58:0.4477270691
u_59:0.4345133344
u_60:0.4345246508
u_61:0.4201610845
u_62:0.3329589156
u_63:0.3262665344
u_64:0.296593605
u_65:0.2831615211
u_66:0.2642080096
u_67:0.2686614368
u_68:0.2697634528
u_69:0.2631264394
u_70:0.2544839712
u_71:0.2758351626
u_72:0.3007938186
u_73:0.3014858917
u_74:0.3265452754
u_75:0.3478801438
u_76:0.3796731955
u_77:0.4002202117
u_78:0.4491561765
u_79:0.4980299516
u_80:0.5468426477
u_81:0.5679289762
u_82:0.6388945997
u_83:0.6729533004
u_84:0.6953150389
u_85:0.6909258866
u_86:0.7150763451
u_87:0.7258565329
u_88:0.7408429645
u_89:0.7332952081
u_90:0.7484348787
u_91:0.7352637722
u_92:0.7513953982
u_93:0.7434902057
u_94:0.7285083997
u_95:0.7313460924
u_96:0.7229888848
u_97:0.7034972738
u_98:0.6588590814
u_99:0.5452691317
[Objective]
0.0109449824
