[Grid]
nodes:100
dt_0:0.02
dt_1:0.02
dt_2:0.02
dt_3:0.02
dt_4:0.02
dt_5:0.02
dt_6:0.02
dt_7:0.02
dt_8:0.02
dt_9:0.02
dt_10:0.02
dt_11:0.02
dt_12:0.02
dt_13:0.02
dt_14:0.02
dt_15:0.02
dt_16:0.02
dt_17:0.02
dt_18:0.02
dt_19:0.02
dt_20:0.02
dt_21:0.02
dt_22:0.02
dt_23:0.02
dt_24:0.02
dt_25:0.02
dt_26:0.02
dt_27:0.02
dt_28:0.02
dt_29:0.02
dt_30:0.02
dt_31:0.02
dt_32:0.02
dt_33:0.02
dt_34:0.02
dt_35:0.02
dt_36:0.02
dt_37:0.02
dt_38:0.02
dt_39:0.02
dt_40:0.02
dt_41:0.02
dt_42:0.02
dt_43:0.02
dt_44:0.02
dt_45:0.02
dt_46:0.02
dt_47:0.02
dt_48:0.02
dt_49:0.02
dt_50:0.02
dt_51:0.02
dt_52:0.02
dt_53:0.02
dt_54:0.02
dt_55:0.02
dt_56:0.02
dt_57:0.02
dt_58:0.02
dt_59:0.02
dt_60:0.02
dt_61:0.02
dt_62:0.02
dt_63:0.02
dt_64:0.02
dt_65:0.02
dt_66:0.02
dt_67:0.02
dt_68:0.02
dt_69:0.02
dt_70:0.02
dt_71:0.02
dt_72:0.02
dt_73:0.02
dt_74:0.02
dt_75:0.02
dt_76:0.02
dt_77:0.02
dt_78:0.02
dt_79:0.02
dt_80:0.02
dt_81:0.02
dt_82:0.02
dt_83:0.02
dt_84:0.02
dt_85:0.02
dt_86:0.02
dt_87:0.02
dt_88:0.02
dt_89:0.02
dt_90:0.02
dt_91:0.02
dt_92:0.02
dt_93:0.02
dt_94:0.02
dt_95:0.02
dt_96:0.02
dt_97:0.02
dt_98:0.02
dt_99:0.02
[Control]
u_0:0.1671227751
u_1:0.4108047887
u_2:0.3532116876
u_3:0.4995300082
u_4:0.5164128812
u_5:0.6284911927
u_6:0.6789351854
u_7:0.5294079954
u_8:0.5129816206
u_9:0.4052187448
u_10:0.7312804215
u_11:0.5948287498
u_12:0.5735454435
u_13:0.5805934946
u_14:0.8644391272
u_15:0.7623079823
u_16:0.6478511513
u_17:0.527365457
u_18:0.4073159605
u_19:0.2942441927
u_20:0.1946984842
u_21:0.1151554796
u_22:0.4295721589
u_23:0.4756584848
u_24:0.4983333556
u_25:0.3912981448
u_26:0.7155405064
u_27:0.5746181454
u_28:0.5399359313
u_29:0.5036117479
u_30:0.7214187528
u_31:0.5461589671
u_32:0.3665538844
u_33:0.2031968297
u_34:0.4433469544
u_35:0.4366907776
u_36:0.4044713887
u_37:0.1369476513
u_38:0.284519343
u_39:0.458147345
u_40:0.6365622544
u_41:0.7990384261
u_42:0.5582285017
u_43:0.5643809778
u_44:0.5962018977
u_45:0.8633901739
u_46:0.7155081524
u_47:0.5415573493
u_48:0.3627654093
u_49:0.1998067232
u_50:0.4399609543
u_51:0.432885979
u_52:0.3997428232
u_53:0.1306411753
u_54:0.2757410918
u_55:0.4456369143
u_56:0.618511398
u_57:0.772828741
u_58:0.5200487366
u_59:0.508663735
u_60:0.4892723411
u_61:0.591112796
u_62:0.2588844665
u_63:0.3879356595
u_64:0.3951566828
u_65:0.3501767519
u_66:0.005388418467
u_67:0.03007782542
u_68:0.05713622708
u_69:0.08680746309
u_70:0.1191415139
u_71:0.1540633964
u_72:0.1914128849
u_73:0.2309701635
u_74:0.2724733518
u_75:0.31563081
u_76:0.3601298992
u_77:0.4056432805
u_78:0.4518335004
u_79:0.4983564025
u_80:0.544863769
u_81:0.591005514
u_82:0.6364317022
u_83:0.6807946574
u_84:0.7237514475
u_85:0.7649670968
u_86:0.8041189938
u_87:0.8409031618
u_88:0.8750433989
u_89:0.906304919
u_90:0.9345154212
u_91:0.9595996829
u_92:0.981643145
u_93:0.6333408272
u_94:0.5837438238
u_95:0.6250878421
u_96:0.9442938843
u_97:0.8139435946
u_98:0.6533788042
u_99:0.5434377049
[Objective]
0.0107077807
