[Grid]
nodes:100
dt_0:0.02
dt_1:0.02
dt_2:0.02
dt_3:0.02
dt_4:0.02
dt_5:0.02
dt_6:0.02
dt_7:0.02
dt_8:0.02
dt_9:0.02
dt_10:0.02
dt_11:0.02
dt_12:0.02
dt_13:0.02
dt_14:0.02
dt_15:0.02
dt_16:0.02
dt_17:0.02
dt_18:0.02
dt_19:0.02
dt_20:0.02
dt_21:0.02
dt_22:0.02
dt_23:0.02
dt_24:0.02
dt_25:0.02
dt_26:0.02
dt_27:0.02
dt_28:0.02
dt_29:0.02
dt_30:0.02
dt_31:0.02
dt_32:0.02
dt_33:0.02
dt_34:0.02
dt_35:0.02
dt_36:0.02
dt_37:0.02
dt_38:0.02
dt_39:0.02
dt_40:0.02
dt_41:0.02
dt_42:0.02
dt_43:0.02
dt_44:0.02
dt_45:0.02
dt_46:0.02
dt_47:0.02
dt_48:0.02
dt_49:0.02
dt_50:0.02
dt_51:0.02
dt_52:0.02
dt_53:0.02
dt_54:0.02
dt_55:0.02
dt_56:0.02
dt_57:0.02
dt_58:0.02
dt_59:0.02
dt_60:0.02
dt_61:0.02
dt_62:0.02
dt_63:0.02
dt_64:0.02
dt_65:0.02
dt_66:0.02
dt_67:0.02
dt_68:0.02
dt_69:0.02
dt_70:0.02
dt_71:0.02
dt_72:0.02
dt_73:0.02
dt_74:0.02
dt_75:0.02
dt_76:0.02
dt_77:0.02
dt_78:0.02
dt_79:0.02
dt_80:0.02
dt_81:0.02
dt_82:0.02
dt_83:0.02
dt_84:0.02
dt_85:0.02
dt_86:0.02
dt_87:0.02
dt_88:0.02
dt_89:0.02
dt_90:0.02
dt_91:0.02
dt_92:0.02
dt_93:0.02
dt_94:0.02
dt_95:0.02
dt_96:0.02
dt_97:0.02
dt_98:0.02
dt_99:0.02
[Control]
u_0:0.1705620102
u_1:0.4010937781
u_2:0.4214738376
u_3:0.4183426754
u_4:0.4694037014
u_5:0.4884634251
u_6:0.4935557034
u_7:0.5085592606
u_8:0.5234578388
u_9:0.5372626262
u_10:0.522777279
u_11:0.5386108368
u_12:0.533819274
u_13:0.5459755284
u_14:0.5598220497
u_15:0.5540727098
u_16:0.5405879469
u_17:0.5150547265
u_18:0.4915823263
u_19:0.479800516
u_20:0.483869064
u_21:0.4649316889
u_22:0.4524278359
u_23:0.4792828124
u_24:0.4736536597
u_25:0.4670349977
u_26:0.4841561803
u_27:0.4652220695
u_28:0.4840009693
u_29:0.4766259222
u_30:0.4935790145
u_31:0.4673635123
u_32:0.455045189
u_33:0.4430751369
u_34:0.4372929456
u_35:0.4229371426
u_36:0.4534422419
u_37:0.4359476462
u_38:0.4678707643
u_39:0.5127601437
u_40:0.5269842817
u_41:0.5298729954
u_42:0.5277885286
u_43:0.5405383797
u_44:0.5365857594
u_45:0.5301048691
u_46:0.5244999933
u_47:0.4866998695
u_48:0.4647138681
u_49:0.4539184165
u_50:0.4446987787
u_51:0.4348860074
u_52:0.431041893
u_53:0.4211781956
u_54:0.4354352689
u_55:0.4531459224
u_56:0.4519736546
u_57:0.4678450929
u_58:0.4643219589
u_59:0.4355196546
u_60:0.4245006418
u_61:0.3606466549
u_62:0.3616445738
u_63:0.3237279402
u_64:0.2931413966
u_65:0.2813332771
u_66:0.2644503976
u_67:0.2521765581
u_68:0.2608299733
u_69:0.2740136615
u_70:0.2530234485
u_71:0.260636301
u_72:0.2746384243
u_73:0.3050676992
u_74:0.3093876738
u_75:0.3262712942
u_76:0.3863511108
u_77:0.4128134445
u_78:0.4496091694
u_79:0.4985232063
u_80:0.5474463218
u_81:0.5842714997
u_82:0.6107915281
u_83:0.6459538277
u_84:0.6705448737
u_85:0.714283249
u_86:0.7181877714
u_87:0.7217489395
u_88:0.7463532102
u_89:0.7728407362
u_90:0.7739782474
u_91:0.7649031411
u_92:0.7642597149
u_93:0.7205266801
u_94:0.7265856664
u_95:0.7235966493
u_96:0.7037374374
u_97:0.6440456437
u_98:0.614444606
u_99:0.5462911595
[Objective]
0.01092753988
