[Grid]
nodes:100
dt_0:0.02
dt_1:0.02
dt_2:0.02
dt_3:0.02
dt_4:0.02
dt_5:0.02
dt_6:0.02
dt_7:0.02
dt_8:0.02
dt_9:0.02
dt_10:0.02
dt_11:0.02
dt_12:0.02
dt_13:0.02
dt_14:0.02
dt_15:0.02
dt_16:0.02
dt_17:0.02
dt_18:0.02
dt_19:0.02
dt_20:0.02
dt_21:0.02
dt_22:0.02
dt_23:0.02
dt_24:0.02
dt_25:0.02
dt_26:0.02
dt_27:0.02
dt_28:0.02
dt_29:0.02
dt_30:0.02
dt_31:0.02
dt_32:0.02
dt_33:0.02
dt_34:0.02
dt_35:0.02
dt_36:0.02
dt_37:0.02
dt_38:0.02
dt_39:0.02
dt_40:0.02
dt_41:0.02
dt_42:0.02
dt_43:0.02
dt_44:0.02
dt_45:0.02
dt_46:0.02
dt_47:0.02
dt_48:0.02
dt_49:0.02
dt_50:0.02
dt_51:0.02
dt_52:0.02
dt_53:0.02
dt_54:0.02
dt_55:0.02
dt_56:0.02
dt_57:0.02
dt_58:0.02
dt_59:0.02
dt_60:0.02
dt_61:0.02
dt_62:0.02
dt_63:0.02
dt_64:0.02
dt_65:0.02
dt_66:0.02
dt_67:0.02
dt_68:0.02
dt_69:0.02
dt_70:0.02
dt_71:0.02
dt_72:0.02
dt_73:0.02
dt_74:0.02
dt_75:0.02
dt_76:0.02
dt_77:0.02
dt_78:0.02
dt_79:0.02
dt_80:0.02
dt_81:0.02
dt_82:0.02
dt_83:0.02
dt_84:0.02
dt_85:0.02
dt_86:0.02
dt_87:0.02
dt_88:0.02
dt_89:0.02
dt_90:0.02
dt_91:0.02
dt_92:0.02
dt_93:0.02
dt_94:0.02
dt_95:0.02
dt_96:0.02
dt_97:0.02
dt_98:0.02
dt_99:0.02
[Control]
u_0:0.0866479494
u_1:0.2339209224
u_2:0.3412606066
u_3:0.3937231453
u_4:0.5213070503
u_5:0.4964565693
u_6:0.5541825298
u_7:0.5942919128
u_8:0.572658606
u_9:0.6218315477
u_10:0.6076551409
u_11:0.6086389362
u_12:0.5801596637
u_13:0.5690481129
u_14:0.5671081905
u_15:0.6165689633
u_16:0.539511477
u_17:0.5283893705
u_18:0.4400440313
u_19:0.4243082153
u_20:0.4253324328
u_21:0.4331524768
u_22:0.42198462
u_23:0.4491108166
u_24:0.4182563806
u_25:0.5083456533
u_26:0.5272865269
u_27:0.511834167
u_28:0.496018833
u_29:0.4735692275
u_30:0.4826047578
u_31:0.497754359
u_32:0.4619632846
u_33:0.4398095658
u_34:0.4300952896
u_35:0.4538769021
u_36:0.4459816831
u_37:0.43408877
u_38:0.4479625405
u_39:0.5184126391
u_40:0.4832450943
u_41:0.5306047124
u_42:0.5342597986
u_43:0.5491712245
u_44:0.556149467
u_45:0.5674072114
u_46:0.5530940077
u_47:0.4823425495
u_48:0.5173081895
u_49:0.4698216734
u_50:0.4661034637
u_51:0.3999707461
u_52:0.4271217623
u_53:0.4158121154
u_54:0.4649603078
u_55:0.4582366741
u_56:0.4541345894
u_57:0.4846876791
u_58:0.4709189646
u_59:0.5027834212
u_60:0.4917736503
u_61:0.4342957867
u_62:0.3599158109
u_63:0.4127835937
u_64:0.3234972305
u_65:0.3159889923
u_66:0.2732599535
u_67:0.181934492
u_68:0.1441685666
u_69:0.1756240582
u_70:0.1576985685
u_71:0.1948633454
u_72:0.1843204985
u_73:0.2261513069
u_74:0.2692170325
u_75:0.3134602316
u_76:0.3587283282
u_77:0.4048065134
u_78:0.4514397034
u_79:0.4983482481
u_80:0.5452400571
u_81:0.591820998
u_82:0.6378050946
u_83:0.6829260399
u_84:0.7269518317
u_85:0.7697051221
u_86:0.8110938602
u_87:0.7999318135
u_88:0.8362358257
u_89:0.8171212532
u_90:0.8469429088
u_91:0.8069410361
u_92:0.7758819049
u_93:0.7224250924
u_94:0.6988913204
u_95:0.6639718477
u_96:0.672364107
u_97:0.6193197754
u_98:0.5475094112
u_99:0.5474420213
[Objective]
0.01088527827
