[Grid]
nodes:100
dt_0:0.02
dt_1:0.02
dt_2:0.02
dt_3:0.02
dt_4:0.02
dt_5:0.02
dt_6:0.02
dt_7:0.02
dt_8:0.02
dt_9:0.02
dt_10:0.02
dt_11:0.02
dt_12:0.02
dt_13:0.02
dt_14:0.02
dt_15:0.02
dt_16:0.02
dt_17:0.02
dt_18:0.02
dt_19:0.02
dt_20:0.02
dt_21:0.02
dt_22:0.02
dt_23:0.02
dt_24:0.02
dt_25:0.02
dt_26:0.02
dt_27:0.02
dt_28:0.02
dt_29:0.02
dt_30:0.02
dt_31:0.02
dt_32:0.02
dt_33:0.02
dt_34:0.02
dt_35:0.02
dt_36:0.02
dt_37:0.02
dt_38:0.02
dt_39:0.02
dt_40:0.02
dt_41:0.02
dt_42:0.02
dt_43:0.02
dt_44:0.02
dt_45:0.02
dt_46:0.02
dt_47:0.02
dt_48:0.02
dt_49:0.02
dt_50:0.02
dt_51:0.02
dt_52:0.02
dt_53:0.02
dt_54:0.02
dt_55:0.02
dt_56:0.02
dt_57:0.02
dt_58:0.02
dt_59:0.02
dt_60:0.02
dt_61:0.02
dt_62:0.02
dt_63:0.02
dt_64:0.02
dt_65:0.02
dt_66:0.02
dt_67:0.02
dt_68:0.02
dt_69:0.02
dt_70:0.02
dt_71:0.02
dt_72:0.02
dt_73:0.02
dt_74:0.02
dt_75:0.02
dt_76:0.02
dt_77:0.02
dt_78:0.02
dt_79:0.02
dt_80:0.02
dt_81:0.02
dt_82:0.02
dt_83:0.02
dt_84:0.02
dt_85:0.02
dt_86:0.02
dt_87:0.02
dt_88:0.02
dt_89:0.02
dt_90:0.02
dt_91:0.02
dt_92:0.02
dt_93:0.02
dt_94:0.02
dt_95:0.02
dt_96:0.02
dt_97:0.02
dt_98:0.02
dt_99:0.02
[Control]
u_0:0.1680531419
u_1:0.4121193773
u_2:0.4700850968
u_3:0.4684735741
u_4:0.4890642932
u_5:0.5003765096
u_6:0.4932861632
u_7:0.4907939294
u_8:0.507396236
u_9:0.5126934338
u_10:0.5268754037
u_11:0.5300225401
u_12:0.5316647037
u_13:0.5387135034
u_14:0.5291097244
u_15:0.5306659672
u_16:0.5275325231
u_17:0.5068515753
u_18:0.4755189194
u_19:0.4791108842
u_20:0.4651090036
u_21:0.4676515039
u_22:0.4642295175
u_23:0.4722893802
u_24:0.4790412382
u_25:0.4836964481
u_26:0.4780179085
u_27:0.4675058446
u_28:0.4738425129
u_29:0.4798281312
u_30:0.4791080645
u_31:0.4733403019
u_32:0.4702268806
u_33:0.4590622333
u_34:0.4557416254
u_35:0.4559046627
u_36:0.456430122
u_37:0.4695772048
u_38:0.4789594269
u_39:0.493521722
u_40:0.4966675791
u_41:0.5100789215
u_42:0.5136134696
u_43:0.501959048
u_44:0.502744095
u_45:0.4998867675
u_46:0.4894093816
u_47:0.4931246735
u_48:0.4561477705
u_49:0.4555015477
u_50:0.4506930135
u_51:0.44476017
u_52:0.4365906523
u_53:0.4273873564
u_54:0.4483573313
u_55:0.4502322766
u_56:0.4553623363
u_57:0.4475007718
u_58:0.4368436235
u_59:0.4457936135
u_60:0.4410309554
u_61:0.4268565843
u_62:0.3228035999
u_63:0.3018382321
u_64:0.293619127
u_65:0.2912883508
u_66:0.2710185027
u_67:0.2714163762
u_68:0.2724356065
u_69:0.2741054647
u_70:0.2732663457
u_71:0.2795778152
u_72:0.2893262281
u_73:0.2879542746
u_74:0.3236140692
u_75:0.3331504168
u_76:0.3859285734
u_77:0.413156978
u_78:0.4487506962
u_79:0.497606002
u_80:0.546334707
u_81:0.5900653548
u_82:0.6312881435
u_83:0.6802761015
u_84:0.6813799179
u_85:0.6828883789
u_86:0.7041654182
u_87:0.74000642
u_88:0.7315046335
u_89:0.7352399636
u_90:0.7465429463
u_91:0.7526773897
u_92:0.7388157453
u_93:0.7387668631
u_94:0.7356338594
u_95:0.7283167968
u_96:0.7223627396
u_97:0.7118674411
u_98:0.6586993637
u_99:0.5452158213
[Objective]
0.010946607
