[Grid]
nodes:100
dt_0:0.02
dt_1:0.02
dt_2:0.02
dt_3:0.02
dt_4:0.02
dt_5:0.02
dt_6:0.02
dt_7:0.02
dt_8:0.02
dt_9:0.02
dt_10:0.02
dt_11:0.02
dt_12:0.02
dt_13:0.02
dt_14:0.02
dt_15:0.02
dt_16:0.02
dt_17:0.02
dt_18:0.02
dt_19:0.02
dt_20:0.02
dt_21:0.02
dt_22:0.02
dt_23:0.02
dt_24:0.02
dt_25:0.02
dt_26:0.02
dt_27:0.02
dt_28:0.02
dt_29:0.02
dt_30:0.02
dt_31:0.02
dt_32:0.02
dt_33:0.02
dt_34:0.02
dt_35:0.02
dt_36:0.02
dt_37:0.02
dt_38:0.02
dt_39:0.02
dt_40:0.02
dt_41:0.02
dt_42:0.02
dt_43:0.02
dt_44:0.02
dt_45:0.02
dt_46:0.02
dt_47:0.02
dt_48:0.02
dt_49:0.02
dt_50:0.02
dt_51:0.02
dt_52:0.02
dt_53:0.02
dt_54:0.02
dt_55:0.02
dt_56:0.02
dt_57:0.02
dt_58:0.02
dt_59:0.02
dt_60:0.02
dt_61:0.02
dt_62:0.02
dt_63:0.02
dt_64:0.02
dt_65:0.02
dt_66:0.02
dt_67:0.02
dt_68:0.02
dt_69:0.02
dt_70:0.02
dt_71:0.02
dt_72:0.02
dt_73:0.02
dt_74:0.02
dt_75:0.02
dt_76:0.02
dt_77:0.02
dt_78:0.02
dt_79:0.02
dt_80:0.02
dt_81:0.02
dt_82:0.02
dt_83:0.02
dt_84:0.02
dt_85:0.02
dt_86:0.02
dt_87:0.02
dt_88:0.02
dt_89:0.02
dt_90:0.02
dt_91:0.02
dt_92:0.02
dt_93:0.02
dt_94:0.02
dt_95:0.02
dt_96:0.02
dt_97:0.02
dt_98:0.02
dt_99:0.02
[Control]
u_0:0.1707248781
u_1:0.381565362
u_2:0.401115766
u_3:0.4677809274
u_4:0.4855854277
u_5:0.480472796
u_6:0.4980453582
u_7:0.5009008189
u_8:0.5236503455
u_9:0.5292376441
u_10:0.5477564956
u_11:0.5363707785
u_12:0.5487855993
u_13:0.5472812163
u_14:0.543045845
u_15:0.5233792454
u_16:0.5377447424
u_17:0.4920664032
u_18:0.4930765946
u_19:0.4675369826
u_20:0.4640667526
u_21:0.4730920248
u_22:0.4637082526
u_23:0.4879816793
u_24:0.47471215
u_25:0.4855996379
u_26:0.4854791076
u_27:0.4762845907
u_28:0.4769120085
u_29:0.4765360145
u_30:0.4745372143
u_31:0.4647549561
u_32:0.4631906473
u_33:0.4556648493
u_34:0.4344926507
u_35:0.4455785458
u_36:0.4486595345
u_37:0.4521745395
u_38:0.4657673548
u_39:0.5176327523
u_40:0.52580769
u_41:0.5089542718
u_42:0.5335638
u_43:0.5204692198
u_44:0.5192350447
u_45:0.5296374187
u_46:0.5059832234
u_47:0.4958635798
u_48:0.4754260248
u_49:0.4520875788
u_50:0.4385303047
u_51:0.4292486901
u_52:0.4216866002
u_53:0.4206200828
u_54:0.4379409797
u_55:0.4458656569
u_56:0.4488132737
u_57:0.4492258162
u_58:0.4450375769
u_59:0.4451596192
u_60:0.4460294655
u_61:0.4090412393
u_62:0.3613337806
u_63:0.3199549109
u_64:0.3071736266
u_65:0.2810956849
u_66:0.2839546818
u_67:0.2546972843
u_68:0.2524866074
u_69:0.2602551735
u_70:0.2484869773
u_71:0.2725195485
u_72:0.2879877575
u_73:0.306375252
u_74:0.3116870552
u_75:0.3402556767
u_76:0.3617754985
u_77:0.4012971709
u_78:0.4498547152
u_79:0.4984539298
u_80:0.5470520688
u_81:0.595607023
u_82:0.6351273253
u_83:0.637881349
u_84:0.6713022891
u_85:0.6823739674
u_86:0.7309805638
u_87:0.7496793214
u_88:0.7546125208
u_89:0.752479363
u_90:0.7611291878
u_91:0.7471048855
u_92:0.7614505975
u_93:0.7194511799
u_94:0.7117759863
u_95:0.7180449312
u_96:0.691454359
u_97:0.6722152944
u_98:0.6356912422
u_99:0.5460135827
[Objective]
0.0109329456
