[Grid]
nodes:100
dt_0:0.02
dt_1:0.02
dt_2:0.02
dt_3:0.02
dt_4:0.02
dt_5:0.02
dt_6:0.02
dt_7:0.02
dt_8:0.02
dt_9:0.02
dt_10:0.02
dt_11:0.02
dt_12:0.02
dt_13:0.02
dt_14:0.02
dt_15:0.02
dt_16:0.02
dt_17:0.02
dt_18:0.02
dt_19:0.02
dt_20:0.02
dt_21:0.02
dt_22:0.02
dt_23:0.02
dt_24:0.02
dt_25:0.02
dt_26:0.02
dt_27:0.02
dt_28:0.02
dt_29:0.02
dt_30:0.02
dt_31:0.02
dt_32:0.02
dt_33:0.02
dt_34:0.02
dt_35:0.02
dt_36:0.02
dt_37:0.02
dt_38:0.02
dt_39:0.02
dt_40:0.02
dt_41:0.02
dt_42:0.02
dt_43:0.02
dt_44:0.02
dt_45:0.02
dt_46:0.02
dt_47:0.02
dt_48:0.02
dt_49:0.02
dt_50:0.02
dt_51:0.02
dt_52:0.02
dt_53:0.02
dt_54:0.02
dt_55:0.02
dt_56:0.02
dt_57:0.02
dt_58:0.02
dt_59:0.02
dt_60:0.02
dt_61:0.02
dt_62:0.02
dt_63:0.02
dt_64:0.02
dt_65:0.02
dt_66:0.02
dt_67:0.02
dt_68:0.02
dt_69:0.02
dt_70:0.02
dt_71:0.02
dt_72:0.02
dt_73:0.02
dt_74:0.02
dt_75:0.02
dt_76:0.02
dt_77:0.02
dt_78:0.02
dt_79:0.02
dt_80:0.02
dt_81:0.02
dt_82:0.02
dt_83:0.02
dt_84:0.02
dt_85:0.02
dt_86:0.02
dt_87:0.02
dt_88:0.02
dt_89:0.02
dt_90:0.02
dt_91:0.02
dt_92:0.02
dt_93:0.02
dt_94:0.02
dt_95:0.02
dt_96:0.02
dt_97:0.02
dt_98:0.02
dt_99:0.02
[Control]
u_0:0.1682250925
u_1:0.4123660402
u_2:0.4617653263
u_3:0.4746860088
u_4:0.4851397874
u_5:0.4909503785
u_6:0.4903135218
u_7:0.5038570845
u_8:0.4975707802
u_9:0.5075494804
u_10:0.5411532125
u_11:0.5442746674
u_12:0.5375233042
u_13:0.5353594529
u_14:0.5336208889
u_15:0.5356746008
u_16:0.5317199852
u_17:0.5057949364
u_18:0.4749439578
u_19:0.4713202774
u_20:0.4649318593
u_21:0.4730366848
u_22:0.4678512443
u_23:0.4622968722
u_24:0.4710438707
u_25:0.4651929079
u_26:0.4714877918
u_27:0.4761366196
u_28:0.4817480893
u_29:0.4841982407
u_30:0.4756839462
u_31:0.4869067671
u_32:0.4599270017
u_33:0.4616597817
u_34:0.4510026374
u_35:0.4427208797
u_36:0.4588100706
u_37:0.4837028836
u_38:0.4946108562
u_39:0.4890553912
u_40:0.5002617273
u_41:0.4983931292
u_42:0.5047463175
u_43:0.4966688547
u_44:0.4985322192
u_45:0.5121960541
u_46:0.4995123938
u_47:0.4852325873
u_48:0.4550470403
u_49:0.4547352611
u_50:0.4490425721
u_51:0.4492361855
u_52:0.4428685662
u_53:0.4417473766
u_54:0.4527636007
u_55:0.4382353288
u_56:0.4419129261
u_57:0.4424501674
u_58:0.4460827687
u_59:0.4459669888
u_60:0.4362691562
u_61:0.4201057596
u_62:0.3237411001
u_63:0.3236634121
u_64:0.3081959341
u_65:0.2865935746
u_66:0.2704760138
u_67:0.2702521645
u_68:0.2629941256
u_69:0.2514850797
u_70:0.2643543864
u_71:0.2727081041
u_72:0.3034051622
u_73:0.2961208183
u_74:0.3208208269
u_75:0.3437340531
u_76:0.3895246305
u_77:0.4001132919
u_78:0.4490611091
u_79:0.4979316307
u_80:0.5467255898
u_81:0.5746547155
u_82:0.6369796435
u_83:0.6754893331
u_84:0.6772823239
u_85:0.7000524833
u_86:0.7178050118
u_87:0.7289941917
u_88:0.73240099
u_89:0.7373803122
u_90:0.7426475626
u_91:0.7431122607
u_92:0.7508230416
u_93:0.7462019389
u_94:0.7297137199
u_95:0.720053771
u_96:0.7251439456
u_97:0.7107391987
u_98:0.6587579098
u_99:0.5452353917
[Objective]
0.01094542742
