[Grid]
nodes:100
dt_0:0.02
dt_1:0.02
dt_2:0.02
dt_3:0.02
dt_4:0.02
dt_5:0.02
dt_6:0.02
dt_7:0.02
dt_8:0.02
dt_9:0.02
dt_10:0.02
dt_11:0.02
dt_12:0.02
dt_13:0.02
dt_14:0.02
dt_15:0.02
dt_16:0.02
dt_17:0.02
dt_18:0.02
dt_19:0.02
dt_20:0.02
dt_21:0.02
dt_22:0.02
dt_23:0.02
dt_24:0.02
dt_25:0.02
dt_26:0.02
dt_27:0.02
dt_28:0.02
dt_29:0.02
dt_30:0.02
dt_31:0.02
dt_32:0.02
dt_33:0.02
dt_34:0.02
dt_35:0.02
dt_36:0.02
dt_37:0.02
dt_38:0.02
dt_39:0.02
dt_40:0.02
dt_41:0.02
dt_42:0.02
dt_43:0.02
dt_44:0.02
dt_45:0.02
dt_46:0.02
dt_47:0.02
dt_48:0.02
dt_49:0.02
dt_50:0.02
dt_51:0.02
dt_52:0.02
dt_53:0.02
dt_54:0.02
dt_55:0.02
dt_56:0.02
dt_57:0.02
dt_58:0.02
dt_59:0.02
dt_60:0.02
dt_61:0.02
dt_62:0.02
dt_63:0.02
dt_64:0.02
dt_65:0.02
dt_66:0.02
dt_67:0.02
dt_68:0.02
dt_69:0.02
dt_70:0.02
dt_71:0.02
dt_72:0.02
dt_73:0.02
dt_74:0.02
dt_75:0.02
dt_76:0.02
dt_77:0.02
dt_78:0.02
dt_79:0.02
dt_80:0.02
dt_81:0.02
dt_82:0.02
dt_83:0.02
dt_84:0.02
dt_85:0.02
dt_86:0.02
dt_87:0.02
dt_88:0.02
dt_89:0.02
dt_90:0.02
dt_91:0.02
dt_92:0.02
dt_93:0.02
dt_94:0.02
dt_95:0.02
dt_96:0.02
dt_97:0.02
dt_98:0.02
dt_99:0.02
[Control]
u_0:0.1703248203
u_1:0.3638942937
u_2:0.4525580127
u_3:0.4563349282
u_4:0.4750290312
u_5:0.4776555911
u_6:0.4972738721
u_7:0.5273539185
u_8:0.5239056426
u_9:0.5233986302
u_10:0.5455109055
u_11:0.5517352246
u_12:0.5439231966
u_13:0.5383270785
u_14:0.5452902602
u_15:0.5483694137
u_16:0.5279755724
u_17:0.4952207954
u_18:0.5026048902
u_19:0.4620191563
u_20:0.4594851321
u_21:0.4536975495
u_22:0.4517213035
u_23:0.4467778638
u_24:0.46163348
u_25:0.4668663979
u_26:0.4827962607
u_27:0.4784164489
u_28:0.4967638037
u_29:0.5017013968
u_30:0.4821448751
u_31:0.4687135304
u_32:0.4672857004
u_33:0.4605767398
u_34:0.4582860717
u_35:0.457489283
u_36:0.4552249863
u_37:0.4674754466
u_38:0.4661248821
u_39:0.4849648771
u_40:0.4822589561
u_41:0.5241882754
u_42:0.5080094451
u_43:0.5123634415
u_44:0.5024390329
u_45:0.5083341754
u_46:0.5020515712
u_47:0.4933078894
u_48:0.4866088071
u_49:0.4568944705
u_50:0.440909995
u_51:0.4373156538
u_52:0.4335852527
u_53:0.4346519977
u_54:0.4455160759
u_55:0.4460585506
u_56:0.4324759112
u_57:0.4461213415
u_58:0.4526512565
u_59:0.4396912653
u_60:0.4353194679
u_61:0.4192619564
u_62:0.3370913295
u_63:0.3374386065
u_64:0.2972979033
u_65:0.2919338821
u_66:0.2718688418
u_67:0.2560394275
u_68:0.2805949124
u_69:0.2740509434
u_70:0.280856366
u_71:0.2746885199
u_72:0.2807276145
u_73:0.2824590317
u_74:0.3156596204
u_75:0.3495325759
u_76:0.3503751556
u_77:0.4015083867
u_78:0.4500210207
u_79:0.4986007227
u_80:0.5472016777
u_81:0.5957835842
u_82:0.6053945969
u_83:0.6703094324
u_84:0.6795428971
u_85:0.6893706038
u_86:0.7342241285
u_87:0.7321443244
u_88:0.7532513517
u_89:0.7350580114
u_90:0.747390878
u_91:0.7556978667
u_92:0.7541160404
u_93:0.7378441676
u_94:0.7171579253
u_95:0.7178823876
u_96:0.6909888752
u_97:0.6879745739
u_98:0.659879987
u_99:0.5456103538
[Objective]
0.01093922256
