[Grid]
nodes:100
dt_0:0.02
dt_1:0.02
dt_2:0.02
dt_3:0.02
dt_4:0.02
dt_5:0.02
dt_6:0.02
dt_7:0.02
dt_8:0.02
dt_9:0.02
dt_10:0.02
dt_11:0.02
dt_12:0.02
dt_13:0.02
dt_14:0.02
dt_15:0.02
dt_16:0.02
dt_17:0.02
dt_18:0.02
dt_19:0.02
dt_20:0.02
dt_21:0.02
dt_22:0.02
dt_23:0.02
dt_24:0.02
dt_25:0.02
dt_26:0.02
dt_27:0.02
dt_28:0.02
dt_29:0.02
dt_30:0.02
dt_31:0.02
dt_32:0.02
dt_33:0.02
dt_34:0.02
dt_35:0.02
dt_36:0.02
dt_37:0.02
dt_38:0.02
dt_39:0.02
dt_40:0.02
dt_41:0.02
dt_42:0.02
dt_43:0.02
dt_44:0.02
dt_45:0.02
dt_46:0.02
dt_47:0.02
dt_48:0.02
dt_49:0.02
dt_50:0.02
dt_51:0.02
dt_52:0.02
dt_53:0.02
dt_54:0.02
dt_55:0.02
dt_56:0.02
dt_57:0.02
dt_58:0.02
dt_59:0.02
dt_60:0.02
dt_61:0.02
dt_62:0.02
dt_63:0.02
dt_64:0.02
dt_65:0.02
dt_66:0.02
dt_67:0.02
dt_68:0.02
dt_69:0.02
dt_70:0.02
dt_71:0.02
dt_72:0.02
dt_73:0.02
dt_74:0.02
dt_75:0.02
dt_76:0.02
dt_77:0.02
dt_78:0.02
dt_79:0.02
dt_80:0.02
dt_81:0.02
dt_82:0.02
dt_83:0.02
dt_84:0.02
dt_85:0.02
dt_86:0.02
dt_87:0.02
dt_88:0.02
dt_89:0.02
dt_90:0.02
dt_91:0.02
dt_92:0.02
dt_93:0.02
dt_94:0.02
dt_95:0.02
dt_96:0.02
dt_97:0.02
dt_98:0.02
dt_99:0.02
[Control]
u_0:0.1663816365
u_1:0.2818286384
u_2:0.3929899672
u_3:0.4386760889
u_4:0.42800641
u_5:0.4804741909
u_6:0.4719016954
u_7:0.5217004647
u_8:0.5661581562
u_9:0.5410004395
u_10:0.5741318505
u_11:0.5936665216
u_12:0.5869853032
u_13:0.5567911733
u_14:0.6195299798
u_15:0.5712322008
u_16:0.5572945769
u_17:0.536410824
u_18:0.4534518731
u_19:0.4710174329
u_20:0.4244893294
u_21:0.4564549757
u_22:0.476461279
u_23:0.4459447124
u_24:0.4102824747
u_25:0.461269209
u_26:0.4510428568
u_27:0.4881456928
u_28:0.4644287927
u_29:0.499388198
u_30:0.5171551072
u_31:0.5053299849
u_32:0.4607017133
u_33:0.4426479394
u_34:0.4336232852
u_35:0.4647726556
u_36:0.4482976103
u_37:0.4804585758
u_38:0.4440233399
u_39:0.4852867903
u_40:0.5159961695
u_41:0.5196677061
u_42:0.5103058152
u_43:0.5182021757
u_44:0.5487002231
u_45:0.571005071
u_46:0.4890684991
u_47:0.4839578828
u_48:0.4857939904
u_49:0.4703594876
u_50:0.4968811174
u_51:0.4413544308
u_52:0.4637594445
u_53:0.4024158747
u_54:0.4231251128
u_55:0.469120811
u_56:0.4570561515
u_57:0.4570064454
u_58:0.4420357088
u_59:0.4418875579
u_60:0.4450449523
u_61:0.466199311
u_62:0.4103603117
u_63:0.3193386487
u_64:0.2688713095
u_65:0.2750610925
u_66:0.2418747263
u_67:0.2012322303
u_68:0.2292754746
u_69:0.2097282334
u_70:0.2620495619
u_71:0.2866834713
u_72:0.235119524
u_73:0.2585204009
u_74:0.3201101081
u_75:0.341732684
u_76:0.3544008662
u_77:0.402247455
u_78:0.4502697329
u_79:0.4983952149
u_80:0.546510818
u_81:0.59450243
u_82:0.6422944492
u_83:0.6548789129
u_84:0.6763813972
u_85:0.7378064914
u_86:0.7259720534
u_87:0.719617597
u_88:0.7376489422
u_89:0.7845554139
u_90:0.797930639
u_91:0.8310942635
u_92:0.7708436603
u_93:0.7436431222
u_94:0.6924636546
u_95:0.7130470195
u_96:0.7240489214
u_97:0.6890483714
u_98:0.5864897428
u_99:0.4400989706
[Objective]
0.0109067909
