[Grid]
nodes:100
dt_0:0.02
dt_1:0.02
dt_2:0.02
dt_3:0.02
dt_4:0.02
dt_5:0.02
dt_6:0.02
dt_7:0.02
dt_8:0.02
dt_9:0.02
dt_10:0.02
dt_11:0.02
dt_12:0.02
dt_13:0.02
dt_14:0.02
dt_15:0.02
dt_16:0.02
dt_17:0.02
dt_18:0.02
dt_19:0.02
dt_20:0.02
dt_21:0.02
dt_22:0.02
dt_23:0.02
dt_24:0.02
dt_25:0.02
dt_26:0.02
dt_27:0.02
dt_28:0.02
dt_29:0.02
dt_30:0.02
dt_31:0.02
dt_32:0.02
dt_33:0.02
dt_34:0.02
dt_35:0.02
dt_36:0.02
dt_37:0.02
dt_38:0.02
dt_39:0.02
dt_40:0.02
dt_41:0.02
dt_42:0.02
dt_43:0.02
dt_44:0.02
dt_45:0.02
dt_46:0.02
dt_47:0.02
dt_48:0.02
dt_49:0.02
dt_50:0.02
dt_51:0.02
dt_52:0.02
dt_53:0.02
dt_54:0.02
dt_55:0.02
dt_56:0.02
dt_57:0.02
dt_58:0.02
dt_59:0.02
dt_60:0.02
dt_61:0.02
dt_62:0.02
dt_63:0.02
dt_64:0.02
dt_65:0.02
dt_66:0.02
dt_67:0.02
dt_68:0.02
dt_69:0.02
dt_70:0.02
dt_71:0.02
dt_72:0.02
dt_73:0.02
dt_74:0.02
dt_75:0.02
dt_76:0.02
dt_77:0.02
dt_78:0.02
dt_79:0.02
dt_80:0.02
dt_81:0.02
dt_82:0.02
dt_83:0.02
dt_84:0.02
dt_85:0.02
dt_86:0.02
dt_87:0.02
dt_88:0.02
dt_89:0.02
dt_90:0.02
dt_91:0.02
dt_92:0.02
dt_93:0.02
dt_94:0.02
dt_95:0.02
dt_96:0.02
dt_97:0.02
dt_98:0.02
dt_99:0.02
[Control]
u_0:0.1707187461
u_1:0.377483563
u_2:0.4082245751
u_3:0.4478489216
u_4:0.4987460332
u_5:0.4940680034
u_6:0.5072431561
u_7:0.5049037711
u_8:0.5169109939
u_9:0.523733121
u_10:0.5278808903
u_11:0.5475960591
u_12:0.5384510388
u_13:0.5643997403
u_14:0.5629048613
u_15:0.5585615795
u_16:0.508737312
u_17:0.4919239461
u_18:0.4773326985
u_19:0.4761186257
u_20:0.4649608838
u_21:0.4707884934
u_22:0.4491828263
u_23:0.4417821334
u_24:0.467408725
u_25:0.471116356
u_26:0.4862767001
u_27:0.488413062
u_28:0.4995649399
u_29:0.4913701512
u_30:0.4731967985
u_31:0.4786449715
u_32:0.4612801601
u_33:0.4478529963
u_34:0.4425264365
u_35:0.4546327355
u_36:0.4615028511
u_37:0.4815914248
u_38:0.4624781079
u_39:0.4818062865
u_40:0.5080672821
u_41:0.5063767807
u_42:0.5048460795
u_43:0.5009799878
u_44:0.5222564238
u_45:0.5166379524
u_46:0.5183696331
u_47:0.4881250777
u_48:0.4689293107
u_49:0.4506523446
u_50:0.458632277
u_51:0.4558077312
u_52:0.43385296
u_53:0.4280386952
u_54:0.4245010866
u_55:0.4362465694
u_56:0.4298571366
u_57:0.4391923749
u_58:0.4575967164
u_59:0.4509983182
u_60:0.4522185094
u_61:0.3971269093
u_62:0.349004215
u_63:0.3444213407
u_64:0.3013302755
u_65:0.2826293164
u_66:0.2818625808
u_67:0.2725439536
u_68:0.2798751632
u_69:0.2735872242
u_70:0.2567905597
u_71:0.2691285234
u_72:0.2681547897
u_73:0.2864579618
u_74:0.3095781921
u_75:0.3484304713
u_76:0.3638343736
u_77:0.4013250613
u_78:0.4498689901
u_79:0.498456288
u_80:0.5470428497
u_81:0.5955852462
u_82:0.6330764261
u_83:0.6341202316
u_84:0.6624407412
u_85:0.7065657487
u_86:0.7475984206
u_87:0.7381353346
u_88:0.7579527963
u_89:0.763223277
u_90:0.7490146482
u_91:0.7286776861
u_92:0.7332455019
u_93:0.7289487974
u_94:0.7206134403
u_95:0.6996947353
u_96:0.7090468118
u_97:0.682148733
u_98:0.6579037878
u_99:0.5456914544
[Objective]
0.01093689542
