[Grid]
nodes:100
dt_0:0.02
dt_1:0.02
dt_2:0.02
dt_3:0.02
dt_4:0.02
dt_5:0.02
dt_6:0.02
dt_7:0.02
dt_8:0.02
dt_9:0.02
dt_10:0.02
dt_11:0.02
dt_12:0.02
dt_13:0.02
dt_14:0.02
dt_15:0.02
dt_16:0.02
dt_17:0.02
dt_18:0.02
dt_19:0.02
dt_20:0.02
dt_21:0.02
dt_22:0.02
dt_23:0.02
dt_24:0.02
dt_25:0.02
dt_26:0.02
dt_27:0.02
dt_28:0.02
dt_29:0.02
dt_30:0.02
dt_31:0.02
dt_32:0.02
dt_33:0.02
dt_34:0.02
dt_35:0.02
dt_36:0.02
dt_37:0.02
dt_38:0.02
dt_39:0.02
dt_40:0.02
dt_41:0.02
dt_42:0.02
dt_43:0.02
dt_44:0.02
dt_45:0.02
dt_46:0.02
dt_47:0.02
dt_48:0.02
dt_49:0.02
dt_50:0.02
dt_51:0.02
dt_52:0.02
dt_53:0.02
dt_54:0.02
dt_55:0.02
dt_56:0.02
dt_57:0.02
dt_58:0.02
dt_59:0.02
dt_60:0.02
dt_61:0.02
dt_62:0.02
dt_63:0.02
dt_64:0.02
dt_65:0.02
dt_66:0.02
dt_67:0.02
dt_68:0.02
dt_69:0.02
dt_70:0.02
dt_71:0.02
dt_72:0.02
dt_73:0.02
dt_74:0.02
dt_75:0.02
dt_76:0.02
dt_77:0.02
dt_78:0.02
dt_79:0.02
dt_80:0.02
dt_81:0.02
dt_82:0.02
dt_83:0.02
dt_84:0.02
dt_85:0.02
dt_86:0.02
dt_87:0.02
dt_88:0.02
dt_89:0.02
dt_90:0.02
dt_91:0.02
dt_92:0.02
dt_93:0.02
dt_94:0.02
dt_95:0.02
dt_96:0.02
dt_97:0.02
dt_98:0.02
dt_99:0.02
[Control]
u_0:0.173685336
u_1:0.3347079249
u_2:0.3729030303
u_3:0.4306981353
u_4:0.4265228914
u_5:0.5174159051
u_6:0.5233259008
u_7:0.5306736061
u_8:0.5141160689
u_9:0.515300754
u_10:0.5367779836
u_11:0.5578597486
u_12:0.5743219265
u_13:0.6005958527
u_14:0.5727765146
u_15:0.5586669128
u_16:0.5548919504
u_17:0.5132261516
u_18:0.4954578473
u_19:0.4787176022
u_20:0.4542741422
u_21:0.4473267227
u_22:0.44167521
u_23:0.4728253129
u_24:0.4638608174
u_25:0.4925169484
u_26:0.4779737792
u_27:0.4571245766
u_28:0.4850555152
u_29:0.4674751117
u_30:0.4956515748
u_31:0.4595672364
u_32:0.4504915833
u_33:0.4224995259
u_34:0.4638855629
u_35:0.4503007852
u_36:0.4443414443
u_37:0.4799812281
u_38:0.4549474552
u_39:0.4857825121
u_40:0.4941698951
u_41:0.5192738622
u_42:0.5525401788
u_43:0.5251468486
u_44:0.5502870383
u_45:0.5443774772
u_46:0.5323530849
u_47:0.4891513176
u_48:0.4913021278
u_49:0.4626238205
u_50:0.417026311
u_51:0.4207323834
u_52:0.4499298286
u_53:0.4579416088
u_54:0.4448066547
u_55:0.4649997913
u_56:0.4640844018
u_57:0.456181069
u_58:0.4571758507
u_59:0.4484272602
u_60:0.4365295933
u_61:0.3943355637
u_62:0.3293052718
u_63:0.3283927298
u_64:0.3181193723
u_65:0.3214453723
u_66:0.2558661339
u_67:0.2208031624
u_68:0.2279918152
u_69:0.231716764
u_70:0.2299054336
u_71:0.2471042764
u_72:0.2518479493
u_73:0.2836543013
u_74:0.315594867
u_75:0.3274490719
u_76:0.3983339707
u_77:0.4012650487
u_78:0.4497729425
u_79:0.4983071077
u_80:0.546818569
u_81:0.5952554326
u_82:0.5980580603
u_83:0.6687407573
u_84:0.6802934797
u_85:0.7123037573
u_86:0.745809196
u_87:0.7731539341
u_88:0.7442838255
u_89:0.758370277
u_90:0.7777651188
u_91:0.7669104113
u_92:0.7620933191
u_93:0.7708343315
u_94:0.729001774
u_95:0.7181510421
u_96:0.7157665957
u_97:0.6414893454
u_98:0.5433498519
u_99:0.5329336977
[Objective]
0.01091677185
