[Grid]
nodes:100
dt_0:0.02
dt_1:0.02
dt_2:0.02
dt_3:0.02
dt_4:0.02
dt_5:0.02
dt_6:0.02
dt_7:0.02
dt_8:0.02
dt_9:0.02
dt_10:0.02
dt_11:0.02
dt_12:0.02
dt_13:0.02
dt_14:0.02
dt_15:0.02
dt_16:0.02
dt_17:0.02
dt_18:0.02
dt_19:0.02
dt_20:0.02
dt_21:0.02
dt_22:0.02
dt_23:0.02
dt_24:0.02
dt_25:0.02
dt_26:0.02
dt_27:0.02
dt_28:0.02
dt_29:0.02
dt_30:0.02
dt_31:0.02
dt_32:0.02
dt_33:0.02
dt_34:0.02
dt_35:0.02
dt_36:0.02
dt_37:0.02
dt_38:0.02
dt_39:0.02
dt_40:0.02
dt_41:0.02
dt_42:0.02
dt_43:0.02
dt_44:0.02
dt_45:0.02
dt_46:0.02
dt_47:0.02
dt_48:0.02
dt_49:0.02
dt_50:0.02
dt_51:0.02
dt_52:0.02
dt_53:0.02
dt_54:0.02
dt_55:0.02
dt_56:0.02
dt_57:0.02
dt_58:0.02
dt_59:0.02
dt_60:0.02
dt_61:0.02
dt_62:0.02
dt_63:0.02
dt_64:0.02
dt_65:0.02
dt_66:0.02
dt_67:0.02
dt_68:0.02
dt_69:0.02
dt_70:0.02
dt_71:0.02
dt_72:0.02
dt_73:0.02
dt_74:0.02
dt_75:0.02
dt_76:0.02
dt_77:0.02
dt_78:0.02
dt_79:0.02
dt_80:0.02
dt_81:0.02
dt_82:0.02
dt_83:0.02
dt_84:0.02
dt_85:0.02
dt_86:0.02
dt_87:0.02
dt_88:0.02
dt_89:0.02
dt_90:0.02
dt_91:0.02
dt_92:0.02
dt_93:0.02
dt_94:0.02
dt_95:0.02
dt_96:0.02
dt_97:0.02
dt_98:0.02
dt_99:0.02
[Control]
u_0:0.1707215049
u_1:0.3833585609
u_2:0.4018177024
u_3:0.4561311095
u_4:0.4903769302
u_5:0.4956272761
u_6:0.4915809861
u_7:0.5000806065
u_8:0.5175820625
u_9:0.5297585775
u_10:0.5428772184
u_11:0.5415138634
u_12:0.5433171752
u_13:0.5420393351
u_14:0.553404725
u_15:0.546269253
u_16:0.5100178895
u_17:0.4995792309
u_18:0.4888764445
u_19:0.4698518831
u_20:0.4762343015
u_21:0.4656214552
u_22:0.460891553
u_23:0.4734074337
u_24:0.4821242958
u_25:0.4836956063
u_26:0.4832011918
u_27:0.4775069423
u_28:0.48373585
u_29:0.4716197147
u_30:0.4729745428
u_31:0.4655401265
u_32:0.4649836601
u_33:0.4501995616
u_34:0.456766704
u_35:0.440905774
u_36:0.4446216883
u_37:0.4592414375
u_38:0.4690875008
u_39:0.5039117739
u_40:0.512960262
u_41:0.5172994994
u_42:0.5277004627
u_43:0.5277656489
u_44:0.5216165934
u_45:0.513406566
u_46:0.5151195127
u_47:0.4916690416
u_48:0.4781101771
u_49:0.4567242265
u_50:0.4237361608
u_51:0.4446452083
u_52:0.4214640191
u_53:0.4267777244
u_54:0.4372716486
u_55:0.4374873306
u_56:0.4489668717
u_57:0.4463220924
u_58:0.4623461041
u_59:0.4405616333
u_60:0.4394305468
u_61:0.4086423025
u_62:0.3558915392
u_63:0.3214190502
u_64:0.3104793813
u_65:0.2883620909
u_66:0.27468569
u_67:0.2591826127
u_68:0.2563494603
u_69:0.2457509791
u_70:0.2687980155
u_71:0.2743888171
u_72:0.2878661146
u_73:0.3062582346
u_74:0.302086966
u_75:0.339656213
u_76:0.3649620934
u_77:0.4013101245
u_78:0.4498692146
u_79:0.4984718908
u_80:0.547076114
u_81:0.5956408996
u_82:0.6320028741
u_83:0.6380879757
u_84:0.6762269199
u_85:0.681544297
u_86:0.7372713594
u_87:0.7422987899
u_88:0.7510346927
u_89:0.755795748
u_90:0.7535605529
u_91:0.7593065076
u_92:0.7484619896
u_93:0.7166481025
u_94:0.7180069869
u_95:0.715932313
u_96:0.6920316297
u_97:0.6735332623
u_98:0.6383863892
u_99:0.545979809
[Objective]
0.01093367765
