[Grid]
nodes:100
dt_0:0.02
dt_1:0.02
dt_2:0.02
dt_3:0.02
dt_4:0.02
dt_5:0.02
dt_6:0.02
dt_7:0.02
dt_8:0.02
dt_9:0.02
dt_10:0.02
dt_11:0.02
dt_12:0.02
dt_13:0.02
dt_14:0.02
dt_15:0.02
dt_16:0.02
dt_17:0.02
dt_18:0.02
dt_19:0.02
dt_20:0.02
dt_21:0.02
dt_22:0.02
dt_23:0.02
dt_24:0.02
dt_25:0.02
dt_26:0.02
dt_27:0.02
dt_28:0.02
dt_29:0.02
dt_30:0.02
dt_31:0.02
dt_32:0.02
dt_33:0.02
dt_34:0.02
dt_35:0.02
dt_36:0.02
dt_37:0.02
dt_38:0.02
dt_39:0.02
dt_40:0.02
dt_41:0.02
dt_42:0.02
dt_43:0.02
dt_44:0.02
dt_45:0.02
dt_46:0.02
dt_47:0.02
dt_48:0.02
dt_49:0.02
dt_50:0.02
dt_51:0.02
dt_52:0.02
dt_53:0.02
dt_54:0.02
dt_55:0.02
dt_56:0.02
dt_57:0.02
dt_58:0.02
dt_59:0.02
dt_60:0.02
dt_61:0.02
dt_62:0.02
dt_63:0.02
dt_64:0.02
dt_65:0.02
dt_66:0.02
dt_67:0.02
dt_68:0.02
dt_69:0.02
dt_70:0.02
dt_71:0.02
dt_72:0.02
dt_73:0.02
dt_74:0.02
dt_75:0.02
dt_76:0.02
dt_77:0.02
dt_78:0.02
dt_79:0.02
dt_80:0.02
dt_81:0.02
dt_82:0.02
dt_83:0.02
dt_84:0.02
dt_85:0.02
dt_86:0.02
dt_87:0.02
dt_88:0.02
dt_89:0.02
dt_90:0.02
dt_91:0.02
dt_92:0.02
dt_93:0.02
dt_94:0.02
dt_95:0.02
dt_96:0.02
dt_97:0.02
dt_98:0.02
dt_99:0.02
[Control]
u_0:0.1702624932
u_1:0.3702303613
u_2:0.4432990952
u_3:0.4569416495
u_4:0.4846536012
u_5:0.4722497024
u_6:0.5030106896
u_7:0.5205969934
u_8:0.5198207528
u_9:0.5254860729
u_10:0.5435123533
u_11:0.545298123
u_12:0.5458059363
u_13:0.5378607349
u_14:0.5541877861
u_15:0.547506304
u_16:0.5229635267
u_17:0.5035756598
u_18:0.4879540118
u_19:0.4628912402
u_20:0.461332838
u_21:0.454155899
u_22:0.4589112189
u_23:0.4573650831
u_24:0.4561429392
u_25:0.465013134
u_26:0.4789347109
u_27:0.4902918972
u_28:0.4959152231
u_29:0.4880655484
u_30:0.479043907
u_31:0.4712071791
u_32:0.4687384557
u_33:0.4620788918
u_34:0.4532517713
u_35:0.4566055736
u_36:0.4661230714
u_37:0.4549655499
u_38:0.4707173374
u_39:0.4799181808
u_40:0.4944135727
u_41:0.5135278864
u_42:0.5129365001
u_43:0.5095929291
u_44:0.5170982272
u_45:0.5060919283
u_46:0.5026230503
u_47:0.4874513899
u_48:0.4805322927
u_49:0.4674197986
u_50:0.4373065161
u_51:0.4349280222
u_52:0.4402697061
u_53:0.4341582982
u_54:0.4432068533
u_55:0.4415447522
u_56:0.4456781796
u_57:0.4383868969
u_58:0.447440556
u_59:0.4370482852
u_60:0.4410524272
u_61:0.4114714301
u_62:0.3522889094
u_63:0.3279648918
u_64:0.2965191469
u_65:0.2926325149
u_66:0.2733322797
u_67:0.2633295913
u_68:0.2692020748
u_69:0.2753822376
u_70:0.2753279723
u_71:0.2823046727
u_72:0.2813547734
u_73:0.2806486539
u_74:0.3177916029
u_75:0.3455268513
u_76:0.3530291952
u_77:0.401489017
u_78:0.4500123802
u_79:0.4986016717
u_80:0.5472124482
u_81:0.5958057626
u_82:0.6060173271
u_83:0.6685647184
u_84:0.6757351556
u_85:0.6955166432
u_86:0.7270121781
u_87:0.738356149
u_88:0.7523300778
u_89:0.7410614087
u_90:0.7472912171
u_91:0.7543432385
u_92:0.7478756214
u_93:0.7398054624
u_94:0.7207107957
u_95:0.7076318992
u_96:0.6937431093
u_97:0.6875107386
u_98:0.6599419711
u_99:0.5456311091
[Objective]
0.01093928556
