[Grid]
nodes:100
dt_0:0.02
dt_1:0.02
dt_2:0.02
dt_3:0.02
dt_4:0.02
dt_5:0.02
dt_6:0.02
dt_7:0.02
dt_8:0.02
dt_9:0.02
dt_10:0.02
dt_11:0.02
dt_12:0.02
dt_13:0.02
dt_14:0.02
dt_15:0.02
dt_16:0.02
dt_17:0.02
dt_18:0.02
dt_19:0.02
dt_20:0.02
dt_21:0.02
dt_22:0.02
dt_23:0.02
dt_24:0.02
dt_25:0.02
dt_26:0.02
dt_27:0.02
dt_28:0.02
dt_29:0.02
dt_30:0.02
dt_31:0.02
dt_32:0.02
dt_33:0.02
dt_34:0.02
dt_35:0.02
dt_36:0.02
dt_37:0.02
dt_38:0.02
dt_39:0.02
dt_40:0.02
dt_41:0.02
dt_42:0.02
dt_43:0.02
dt_44:0.02
dt_45:0.02
dt_46:0.02
dt_47:0.02
dt_48:0.02
dt_49:0.02
dt_50:0.02
dt_51:0.02
dt_52:0.02
dt_53:0.02
dt_54:0.02
dt_55:0.02
dt_56:0.02
dt_57:0.02
dt_58:0.02
dt_59:0.02
dt_60:0.02
dt_61:0.02
dt_62:0.02
dt_63:0.02
dt_64:0.02
dt_65:0.02
dt_66:0.02
dt_67:0.02
dt_68:0.02
dt_69:0.02
dt_70:0.02
dt_71:0.02
dt_72:0.02
dt_73:0.02
dt_74:0.02
dt_75:0.02
dt_76:0.02
dt_77:0.02
dt_78:0.02
dt_79:0.02
dt_80:0.02
dt_81:0.02
dt_82:0.02
dt_83:0.02
dt_84:0.02
dt_85:0.02
dt_86:0.02
dt_87:0.02
dt_88:0.02
dt_89:0.02
dt_90:0.02
dt_91:0.02
dt_92:0.02
dt_93:0.02
dt_94:0.02
dt_95:0.02
dt_96:0.02
dt_97:0.02
dt_98:0.02
dt_99:0.02
[Control]
u_0:0.1753041327
u_1:0.2942256239
u_2:0.3732424832
u_3:0.4036130722
u_4:0.4467724286
u_5:0.5112130044
u_6:0.4934006546
u_7:0.5190709144
u_8:0.545629449
u_9:0.5482055111
u_10:0.5716960334
u_11:0.5681708819
u_12:0.5778385818
u_13:0.5688159041
u_14:0.5854052375
u_15:0.5820475098
u_16:0.5540343497
u_17:0.521562519
u_18:0.4810714768
u_19:0.4590491414
u_20:0.4690063599
u_21:0.4317903049
u_22:0.447699878
u_23:0.4527786945
u_24:0.454777594
u_25:0.4602723502
u_26:0.4877548704
u_27:0.4939749433
u_28:0.4805459412
u_29:0.4679005302
u_30:0.4703182097
u_31:0.4742908826
u_32:0.4620532635
u_33:0.4644279382
u_34:0.439149888
u_35:0.4572703301
u_36:0.4468859453
u_37:0.4596407544
u_38:0.4707707562
u_39:0.4865115312
u_40:0.4911689439
u_41:0.5494527389
u_42:0.5302362447
u_43:0.5343018024
u_44:0.5388595117
u_45:0.5303039307
u_46:0.5263637173
u_47:0.5000742959
u_48:0.4604788736
u_49:0.4791460662
u_50:0.4546047585
u_51:0.4421472421
u_52:0.4305433195
u_53:0.443790303
u_54:0.4590676816
u_55:0.4624699909
u_56:0.4481614194
u_57:0.4547343601
u_58:0.4389385741
u_59:0.4576596675
u_60:0.4394589464
u_61:0.4416659904
u_62:0.3460926704
u_63:0.3414587474
u_64:0.3259319934
u_65:0.2944282718
u_66:0.2283920233
u_67:0.2273328618
u_68:0.2286505083
u_69:0.2171584502
u_70:0.2131926168
u_71:0.2491555787
u_72:0.2555826087
u_73:0.2798861922
u_74:0.3144640118
u_75:0.3371181826
u_76:0.3748569929
u_77:0.4017937244
u_78:0.4500159787
u_79:0.4983021968
u_80:0.5465649851
u_81:0.5947139118
u_82:0.6215179281
u_83:0.6590474834
u_84:0.6813886353
u_85:0.7295591131
u_86:0.7306302276
u_87:0.7468782587
u_88:0.7733603338
u_89:0.7982678185
u_90:0.7751830554
u_91:0.7719753809
u_92:0.7494632242
u_93:0.752126976
u_94:0.7432400993
u_95:0.7300810748
u_96:0.6907897477
u_97:0.6474781921
u_98:0.5609841018
u_99:0.4959434037
[Objective]
0.01091287182
