[Grid]
nodes:100
dt_0:0.02
dt_1:0.02
dt_2:0.02
dt_3:0.02
dt_4:0.02
dt_5:0.02
dt_6:0.02
dt_7:0.02
dt_8:0.02
dt_9:0.02
dt_10:0.02
dt_11:0.02
dt_12:0.02
dt_13:0.02
dt_14:0.02
dt_15:0.02
dt_16:0.02
dt_17:0.02
dt_18:0.02
dt_19:0.02
dt_20:0.02
dt_21:0.02
dt_22:0.02
dt_23:0.02
dt_24:0.02
dt_25:0.02
dt_26:0.02
dt_27:0.02
dt_28:0.02
dt_29:0.02
dt_30:0.02
dt_31:0.02
dt_32:0.02
dt_33:0.02
dt_34:0.02
dt_35:0.02
dt_36:0.02
dt_37:0.02
dt_38:0.02
dt_39:0.02
dt_40:0.02
dt_41:0.02
dt_42:0.02
dt_43:0.02
dt_44:0.02
dt_45:0.02
dt_46:0.02
dt_47:0.02
dt_48:0.02
dt_49:0.02
dt_50:0.02
dt_51:0.02
dt_52:0.02
dt_53:0.02
dt_54:0.02
dt_55:0.02
dt_56:0.02
dt_57:0.02
dt_58:0.02
dt_59:0.02
dt_60:0.02
dt_61:0.02
dt_62:0.02
dt_63:0.02
dt_64:0.02
dt_65:0.02
dt_66:0.02
dt_67:0.02
dt_68:0.02
dt_69:0.02
dt_70:0.02
dt_71:0.02
dt_72:0.02
dt_73:0.02
dt_74:0.02
dt_75:0.02
dt_76:0.02
dt_77:0.02
dt_78:0.02
dt_79:0.02
dt_80:0.02
dt_81:0.02
dt_82:0.02
dt_83:0.02
dt_84:0.02
dt_85:0.02
dt_86:0.02
dt_87:0.02
dt_88:0.02
dt_89:0.02
dt_90:0.02
dt_91:0.02
dt_92:0.02
dt_93:0.02
dt_94:0.02
dt_95:0.02
dt_96:0.02
dt_97:0.02
dt_98:0.02
dt_99:0.02
[Control]
u_0:0.1086824966
u_1:0.2112985024
u_2:0.3389144362
u_3:0.4542001624
u_4:0.4719694739
u_5:0.5783536934
u_6:0.5704326151
u_7:0.5981782733
u_8:0.6802667236
u_9:0.559693829
u_10:0.5221823121
u_11:0.6166286664
u_12:0.5395242155
u_13:0.6762017425
u_14:0.5944763787
u_15:0.5764035092
u_16:0.6547272681
u_17:0.5288923935
u_18:0.4037330512
u_19:0.3554760907
u_20:0.3095074126
u_21:0.3837309588
u_22:0.4603119331
u_23:0.4673279104
u_24:0.521954057
u_25:0.4775719097
u_26:0.5087095516
u_27:0.4703392537
u_28:0.5479845693
u_29:0.5529344652
u_30:0.5022297612
u_31:0.4903693521
u_32:0.4206457027
u_33:0.4204411689
u_34:0.3915500722
u_35:0.425279332
u_36:0.4335229058
u_37:0.475449112
u_38:0.402249477
u_39:0.4557434782
u_40:0.5136562242
u_41:0.5829198801
u_42:0.6107990312
u_43:0.5763368344
u_44:0.5675480417
u_45:0.5251985887
u_46:0.5980456129
u_47:0.5442256672
u_48:0.4859713838
u_49:0.4163045897
u_50:0.3879049059
u_51:0.4216564052
u_52:0.4294462625
u_53:0.3998880281
u_54:0.4635052348
u_55:0.4434779592
u_56:0.4965786758
u_57:0.5003278737
u_58:0.4757697454
u_59:0.4594615443
u_60:0.4665051145
u_61:0.5059760407
u_62:0.4673251203
u_63:0.3658401067
u_64:0.3587180685
u_65:0.322961314
u_66:0.273281177
u_67:0.1431475298
u_68:0.1153267659
u_69:0.07843799519
u_70:0.1134307431
u_71:0.1501641673
u_72:0.1887528727
u_73:0.2291608037
u_74:0.2712509205
u_75:0.3148173108
u_76:0.359606935
u_77:0.4053347548
u_78:0.4516945225
u_79:0.4983667471
u_80:0.5450249303
u_81:0.5913409235
u_82:0.6369901403
u_83:0.6816573596
u_84:0.7250439465
u_85:0.766877558
u_86:0.8069258215
u_87:0.845016243
u_88:0.8810661146
u_89:0.9151297014
u_90:0.8769895592
u_91:0.8475000436
u_92:0.7151649608
u_93:0.6626147202
u_94:0.6936526636
u_95:0.6539662049
u_96:0.6769722509
u_97:0.6299589456
u_98:0.6617377141
u_99:0.5462310426
[Objective]
0.0108615693
