[Grid]
nodes:100
dt_0:0.02
dt_1:0.02
dt_2:0.02
dt_3:0.02
dt_4:0.02
dt_5:0.02
dt_6:0.02
dt_7:0.02
dt_8:0.02
dt_9:0.02
dt_10:0.02
dt_11:0.02
dt_12:0.02
dt_13:0.02
dt_14:0.02
dt_15:0.02
dt_16:0.02
dt_17:0.02
dt_18:0.02
dt_19:0.02
dt_20:0.02
dt_21:0.02
dt_22:0.02
dt_23:0.02
dt_24:0.02
dt_25:0.02
dt_26:0.02
dt_27:0.02
dt_28:0.02
dt_29:0.02
dt_30:0.02
dt_31:0.02
dt_32:0.02
dt_33:0.02
dt_34:0.02
dt_35:0.02
dt_36:0.02
dt_37:0.02
dt_38:0.02
dt_39:0.02
dt_40:0.02
dt_41:0.02
dt_42:0.02
dt_43:0.02
dt_44:0.02
dt_45:0.02
dt_46:0.02
dt_47:0.02
dt_48:0.02
dt_49:0.02
dt_50:0.02
dt_51:0.02
dt_52:0.02
dt_53:0.02
dt_54:0.02
dt_55:0.02
dt_56:0.02
dt_57:0.02
dt_58:0.02
dt_59:0.02
dt_60:0.02
dt_61:0.02
dt_62:0.02
dt_63:0.02
dt_64:0.02
dt_65:0.02
dt_66:0.02
dt_67:0.02
dt_68:0.02
dt_69:0.02
dt_70:0.02
dt_71:0.02
dt_72:0.02
dt_73:0.02
dt_74:0.02
dt_75:0.02
dt_76:0.02
dt_77:0.02
dt_78:0.02
dt_79:0.02
dt_80:0.02
dt_81:0.02
dt_82:0.02
dt_83:0.02
dt_84:0.02
dt_85:0.02
dt_86:0.02
dt_87:0.02
dt_88:0.02
dt_89:0.02
dt_90:0.02
dt_91:0.02
dt_92:0.02
dt_93:0.02
dt_94:0.02
dt_95:0.02
dt_96:0.02
dt_97:0.02
dt_98:0.02
dt_99:0.02
[Control]
u_0:0.1577606636
u_1:0.3973639549
u_2:0.7012617803
u_3:0.5005552612
u_4:0.869569209
u_5:0.6260510153
u_6:0.3205432431
u_7:0.5220289139
u_8:0.1565305099
u_9:0.4069737213
u_10:0.7239210913
u_11:0.944858608
u_12:0.5727475834
u_13:0.9278480284
u_14:0.8511114659
u_15:0.7539841762
u_16:0.6432705616
u_17:0.5258467133
u_18:0.4086347858
u_19:0.2985958159
u_20:0.2027310053
u_21:0.1280872079
u_22:0.08175949937
u_23:0.4756548917
u_24:0.1471421701
u_25:0.3969672899
u_26:0.7113202549
u_27:0.9274688707
u_28:0.5420510931
u_29:0.8542954792
u_30:0.7125366303
u_31:0.5439484258
u_32:0.3706588733
u_33:0.2142489939
u_34:0.09542484579
u_35:0.4383319079
u_36:0.05692270068
u_37:0.1488019736
u_38:0.2899753138
u_39:0.4580438397
u_40:0.6308842279
u_41:0.7869147182
u_42:0.9054212788
u_43:0.5622455487
u_44:0.9434190805
u_45:0.8513188246
u_46:0.7099180474
u_47:0.5415901091
u_48:0.3684258004
u_49:0.2119633507
u_50:0.09285644552
u_51:0.4351778625
u_52:0.05277302749
u_53:0.1430868076
u_54:0.2818867857
u_55:0.4464218259
u_56:0.6140496734
u_57:0.7624261927
u_58:0.8697182605
u_59:0.5101223215
u_60:0.8417282979
u_61:0.5867020708
u_62:0.2645397011
u_63:0.03690508667
u_64:0.395511562
u_65:0.002972525123
u_66:0.01926698657
u_67:0.03953327063
u_68:0.06359386596
u_69:0.09122208049
u_70:0.1221600541
u_71:0.1561263487
u_72:0.1928206728
u_73:0.2319275879
u_74:0.2731196191
u_75:0.3160598546
u_76:0.3604040684
u_77:0.4058024087
u_78:0.4519007041
u_79:0.498341442
u_80:0.5447644685
u_81:0.5908074454
u_82:0.6361060882
u_83:0.6802941874
u_84:0.7230033968
u_85:0.7638627453
u_86:0.8024977923
u_87:0.838529307
u_88:0.871571298
u_89:0.9012281763
u_90:0.9270908579
u_91:0.9487319316
u_92:0.965701435
u_93:0.9775306254
u_94:0.5789833301
u_95:0.9696759547
u_96:0.9292067007
u_97:0.8045108088
u_98:0.6481783129
u_99:0.5416977375
[Objective]
0.01042717954
