[Grid]
nodes:100
dt_0:0.02
dt_1:0.02
dt_2:0.02
dt_3:0.02
dt_4:0.02
dt_5:0.02
dt_6:0.02
dt_7:0.02
dt_8:0.02
dt_9:0.02
dt_10:0.02
dt_11:0.02
dt_12:0.02
dt_13:0.02
dt_14:0.02
dt_15:0.02
dt_16:0.02
dt_17:0.02
dt_18:0.02
dt_19:0.02
dt_20:0.02
dt_21:0.02
dt_22:0.02
dt_23:0.02
dt_24:0.02
dt_25:0.02
dt_26:0.02
dt_27:0.02
dt_28:0.02
dt_29:0.02
dt_30:0.02
dt_31:0.02
dt_32:0.02
dt_33:0.02
dt_34:0.02
dt_35:0.02
dt_36:0.02
dt_37:0.02
dt_38:0.02
dt_39:0.02
dt_40:0.02
dt_41:0.02
dt_42:0.02
dt_43:0.02
dt_44:0.02
dt_45:0.02
dt_46:0.02
dt_47:0.02
dt_48:0.02
dt_49:0.02
dt_50:0.02
dt_51:0.02
dt_52:0.02
dt_53:0.02
dt_54:0.02
dt_55:0.02
dt_56:0.02
dt_57:0.02
dt_58:0.02
dt_59:0.02
dt_60:0.02
dt_61:0.02
dt_62:0.02
dt_63:0.02
dt_64:0.02
dt_65:0.02
dt_66:0.02
dt_67:0.02
dt_68:0.02
dt_69:0.02
dt_70:0.02
dt_71:0.02
dt_72:0.02
dt_73:0.02
dt_74:0.02
dt_75:0.02
dt_76:0.02
dt_77:0.02
dt_78:0.02
dt_79:0.02
dt_80:0.02
dt_81:0.02
dt_82:0.02
dt_83:0.02
dt_84:0.02
dt_85:0.02
dt_86:0.02
dt_87:0.02
dt_88:0.02
dt_89:0.02
dt_90:0.02
dt_91:0.02
dt_92:0.02
dt_93:0.02
dt_94:0.02
dt_95:0.02
dt_96:0.02
dt_97:0.02
dt_98:0.02
dt_99:0.02
[Control]
u_0:0.1706242216
u_1:0.390483822
u_2:0.3926340049
u_3:0.4540679727
u_4:0.5035997964
u_5:0.4824639634
u_6:0.5129943894
u_7:0.4977792177
u_8:0.5016031129
u_9:0.5281965914
u_10:0.5367588442
u_11:0.5437100534
u_12:0.5430041227
u_13:0.5536296631
u_14:0.546248271
u_15:0.559973804
u_16:0.4964459826
u_17:0.4984895363
u_18:0.4879818216
u_19:0.488674339
u_20:0.4697376001
u_21:0.4562653785
u_22:0.4637494502
u_23:0.4745757317
u_24:0.4763439289
u_25:0.4669373711
u_26:0.4865005008
u_27:0.4927802804
u_28:0.490943572
u_29:0.4727939729
u_30:0.4607570251
u_31:0.4615272349
u_32:0.4626463186
u_33:0.4644235546
u_34:0.4581062087
u_35:0.4430933014
u_36:0.447475732
u_37:0.466120249
u_38:0.4589718497
u_39:0.4971589698
u_40:0.5128133266
u_41:0.5192770648
u_42:0.5193051911
u_43:0.5278900672
u_44:0.5213181684
u_45:0.520705764
u_46:0.5101484355
u_47:0.4881438991
u_48:0.469052485
u_49:0.4636101858
u_50:0.4312930536
u_51:0.4444173096
u_52:0.4311503952
u_53:0.4278756096
u_54:0.4348254276
u_55:0.4315054461
u_56:0.4362649765
u_57:0.4572151358
u_58:0.4604436705
u_59:0.4428986018
u_60:0.4388318506
u_61:0.3998238153
u_62:0.3596926942
u_63:0.3311008748
u_64:0.3021759431
u_65:0.2918188667
u_66:0.2718589073
u_67:0.2529864142
u_68:0.2594409248
u_69:0.2642738469
u_70:0.2700364661
u_71:0.2707817726
u_72:0.288847128
u_73:0.287616368
u_74:0.3111564798
u_75:0.3382608947
u_76:0.3684531221
u_77:0.4012597093
u_78:0.4498381088
u_79:0.4984551787
u_80:0.5470713695
u_81:0.595647822
u_82:0.6284543355
u_83:0.636584452
u_84:0.683936959
u_85:0.6807102289
u_86:0.7388591263
u_87:0.7447613836
u_88:0.7513376971
u_89:0.7515997131
u_90:0.7567328267
u_91:0.7581327751
u_92:0.7386896782
u_93:0.7263309544
u_94:0.703237167
u_95:0.7202584064
u_96:0.6915191051
u_97:0.6779949649
u_98:0.6437619604
u_99:0.5459096702
[Objective]
0.01093430635
