[Grid]
nodes:100
dt_0:0.02
dt_1:0.02
dt_2:0.02
dt_3:0.02
dt_4:0.02
dt_5:0.02
dt_6:0.02
dt_7:0.02
dt_8:0.02
dt_9:0.02
dt_10:0.02
dt_11:0.02
dt_12:0.02
dt_13:0.02
dt_14:0.02
dt_15:0.02
dt_16:0.02
dt_17:0.02
dt_18:0.02
dt_19:0.02
dt_20:0.02
dt_21:0.02
dt_22:0.02
dt_23:0.02
dt_24:0.02
dt_25:0.02
dt_26:0.02
dt_27:0.02
dt_28:0.02
dt_29:0.02
dt_30:0.02
dt_31:0.02
dt_32:0.02
dt_33:0.02
dt_34:0.02
dt_35:0.02
dt_36:0.02
dt_37:0.02
dt_38:0.02
dt_39:0.02
dt_40:0.02
dt_41:0.02
dt_42:0.02
dt_43:0.02
dt_44:0.02
dt_45:0.02
dt_46:0.02
dt_47:0.02
dt_48:0.02
dt_49:0.02
dt_50:0.02
dt_51:0.02
dt_52:0.02
dt_53:0.02
dt_54:0.02
dt_55:0.02
dt_56:0.02
dt_57:0.02
dt_58:0.02
dt_59:0.02
dt_60:0.02
dt_61:0.02
dt_62:0.02
dt_63:0.02
dt_64:0.02
dt_65:0.02
dt_66:0.02
dt_67:0.02
dt_68:0.02
dt_69:0.02
dt_70:0.02
dt_71:0.02
dt_72:0.02
dt_73:0.02
dt_74:0.02
dt_75:0.02
dt_76:0.02
dt_77:0.02
dt_78:0.02
dt_79:0.02
dt_80:0.02
dt_81:0.02
dt_82:0.02
dt_83:0.02
dt_84:0.02
dt_85:0.02
dt_86:0.02
dt_87:0.02
dt_88:0.02
dt_89:0.02
dt_90:0.02
dt_91:0.02
dt_92:0.02
dt_93:0.02
dt_94:0.02
dt_95:0.02
dt_96:0.02
dt_97:0.02
dt_98:0.02
dt_99:0.02
[Control]
u_0:0.168781757
u_1:0.4131645129
u_2:0.4484077619
u_3:0.4692997768
u_4:0.4688791344
u_5:0.4820097224
u_6:0.4873601698
u_7:0.5034956776
u_8:0.5166779346
u_9:0.5285090584
u_10:0.5437517987
u_11:0.5418804975
u_12:0.5371942908
u_13:0.5598046848
u_14:0.5364544718
u_15:0.5322142616
u_16:0.5215038508
u_17:0.5096051663
u_18:0.4938417955
u_19:0.4765461186
u_20:0.4719894575
u_21:0.4480899889
u_22:0.4571642828
u_23:0.454075922
u_24:0.4646560498
u_25:0.4747682023
u_26:0.4809622238
u_27:0.4645698066
u_28:0.4757023586
u_29:0.4766187627
u_30:0.4765696133
u_31:0.4942398402
u_32:0.4794243282
u_33:0.47185046
u_34:0.4638066381
u_35:0.4415931564
u_36:0.4486776323
u_37:0.4663168428
u_38:0.4598074077
u_39:0.5067422526
u_40:0.4884178741
u_41:0.4981795391
u_42:0.5011373345
u_43:0.5090133683
u_44:0.5202579938
u_45:0.5150421539
u_46:0.5105614046
u_47:0.4822665735
u_48:0.4625141759
u_49:0.4606849041
u_50:0.4433215519
u_51:0.4378846036
u_52:0.4422808911
u_53:0.4347189684
u_54:0.4527774983
u_55:0.445309988
u_56:0.447622198
u_57:0.4541537314
u_58:0.4378533811
u_59:0.4320400766
u_60:0.4349500348
u_61:0.4064381896
u_62:0.3557863923
u_63:0.3121387874
u_64:0.307103498
u_65:0.2730546576
u_66:0.2630309391
u_67:0.2645973496
u_68:0.2578553248
u_69:0.2767771418
u_70:0.2766170984
u_71:0.2765287853
u_72:0.2723577051
u_73:0.3170912214
u_74:0.3407272822
u_75:0.341990883
u_76:0.3522538401
u_77:0.4009739885
u_78:0.4496824437
u_79:0.4984091049
u_80:0.5471314876
u_81:0.5664818059
u_82:0.6331088118
u_83:0.6741268667
u_84:0.6916417314
u_85:0.7198082346
u_86:0.7052807317
u_87:0.7154418021
u_88:0.7379343724
u_89:0.7383636299
u_90:0.7529364504
u_91:0.7584222127
u_92:0.7444895152
u_93:0.7373344178
u_94:0.7209029866
u_95:0.7174447853
u_96:0.7255461495
u_97:0.6941248774
u_98:0.6592259526
u_99:0.5453917489
[Objective]
0.01094269002
