[Grid]
nodes:100
dt_0:0.02
dt_1:0.02
dt_2:0.02
dt_3:0.02
dt_4:0.02
dt_5:0.02
dt_6:0.02
dt_7:0.02
dt_8:0.02
dt_9:0.02
dt_10:0.02
dt_11:0.02
dt_12:0.02
dt_13:0.02
dt_14:0.02
dt_15:0.02
dt_16:0.02
dt_17:0.02
dt_18:0.02
dt_19:0.02
dt_20:0.02
dt_21:0.02
dt_22:0.02
dt_23:0.02
dt_24:0.02
dt_25:0.02
dt_26:0.02
dt_27:0.02
dt_28:0.02
dt_29:0.02
dt_30:0.02
dt_31:0.02
dt_32:0.02
dt_33:0.02
dt_34:0.02
dt_35:0.02
dt_36:0.02
dt_37:0.02
dt_38:0.02
dt_39:0.02
dt_40:0.02
dt_41:0.02
dt_42:0.02
dt_43:0.02
dt_44:0.02
dt_45:0.02
dt_46:0.02
dt_47:0.02
dt_48:0.02
dt_49:0.02
dt_50:0.02
dt_51:0.02
dt_52:0.02
dt_53:0.02
dt_54:0.02
dt_55:0.02
dt_56:0.02
dt_57:0.02
dt_58:0.02
dt_59:0.02
dt_60:0.02
dt_61:0.02
dt_62:0.02
dt_63:0.02
dt_64:0.02
dt_65:0.02
dt_66:0.02
dt_67:0.02
dt_68:0.02
dt_69:0.02
dt_70:0.02
dt_71:0.02
dt_72:0.02
dt_73:0.02
dt_74:0.02
dt_75:0.02
dt_76:0.02
dt_77:0.02
dt_78:0.02
dt_79:0.02
dt_80:0.02
dt_81:0.02
dt_82:0.02
dt_83:0.02
dt_84:0.02
dt_85:0.02
dt_86:0.02
dt_87:0.02
dt_88:0.02
dt_89:0.02
dt_90:0.02
dt_91:0.02
dt_92:0.02
dt_93:0.02
dt_94:0.02
dt_95:0.02
dt_96:0.02
dt_97:0.02
dt_98:0.02
dt_99:0.02
[Control]
u_0:0.1307690524
u_1:0.2552928288
u_2:0.3727811108
u_3:0.4061554084
u_4:0.4506590843
u_5:0.4937998439
u_6:0.4942591876
u_7:0.5476678846
u_8:0.5612892939
u_9:0.5964224827
u_10:0.6027671191
u_11:0.587864547
u_12:0.6030269597
u_13:0.5757205761
u_14:0.553401734
u_15:0.5788372441
u_16:0.5407468834
u_17:0.5517967014
u_18:0.4809647794
u_19:0.4686873486
u_20:0.4463048369
u_21:0.4260750513
u_22:0.4210330518
u_23:0.4262304893
u_24:0.4446491312
u_25:0.4521780742
u_26:0.4664286719
u_27:0.4981025363
u_28:0.5068776896
u_29:0.5137307552
u_30:0.5022236512
u_31:0.4806406493
u_32:0.4480924875
u_33:0.4316464448
u_34:0.4779775026
u_35:0.4642584607
u_36:0.4502807869
u_37:0.43910995
u_38:0.4598049467
u_39:0.4976637545
u_40:0.5296749759
u_41:0.5037630861
u_42:0.5263627183
u_43:0.4996806248
u_44:0.5462805416
u_45:0.5342339715
u_46:0.5431297216
u_47:0.5048129949
u_48:0.4727029967
u_49:0.4516959043
u_50:0.4856732963
u_51:0.4653394196
u_52:0.4909810443
u_53:0.40043807
u_54:0.4234198397
u_55:0.4191402757
u_56:0.4642027402
u_57:0.4768169853
u_58:0.4605437325
u_59:0.4814975808
u_60:0.4630459487
u_61:0.44490484
u_62:0.4331932354
u_63:0.3059034735
u_64:0.2926572569
u_65:0.2832225492
u_66:0.2044455217
u_67:0.2248000865
u_68:0.2251000724
u_69:0.1983945304
u_70:0.2437656413
u_71:0.2187600373
u_72:0.251275436
u_73:0.2557023902
u_74:0.2941176558
u_75:0.3097642331
u_76:0.356353693
u_77:0.403401776
u_78:0.4507987032
u_79:0.4983772406
u_80:0.5459432733
u_81:0.5933012643
u_82:0.6402796101
u_83:0.6867609161
u_84:0.7022496115
u_85:0.7404418264
u_86:0.7445611884
u_87:0.7461884278
u_88:0.7604279469
u_89:0.7667335315
u_90:0.8416891875
u_91:0.7998336691
u_92:0.8062089946
u_93:0.7439454545
u_94:0.6989152478
u_95:0.676232312
u_96:0.6718092178
u_97:0.691499693
u_98:0.5779007926
u_99:0.4587192337
[Objective]
0.01089995364
