[Grid]
nodes:100
dt_0:0.02
dt_1:0.02
dt_2:0.02
dt_3:0.02
dt_4:0.02
dt_5:0.02
dt_6:0.02
dt_7:0.02
dt_8:0.02
dt_9:0.02
dt_10:0.02
dt_11:0.02
dt_12:0.02
dt_13:0.02
dt_14:0.02
dt_15:0.02
dt_16:0.02
dt_17:0.02
dt_18:0.02
dt_19:0.02
dt_20:0.02
dt_21:0.02
dt_22:0.02
dt_23:0.02
dt_24:0.02
dt_25:0.02
dt_26:0.02
dt_27:0.02
dt_28:0.02
dt_29:0.02
dt_30:0.02
dt_31:0.02
dt_32:0.02
dt_33:0.02
dt_34:0.02
dt_35:0.02
dt_36:0.02
dt_37:0.02
dt_38:0.02
dt_39:0.02
dt_40:0.02
dt_41:0.02
dt_42:0.02
dt_43:0.02
dt_44:0.02
dt_45:0.02
dt_46:0.02
dt_47:0.02
dt_48:0.02
dt_49:0.02
dt_50:0.02
dt_51:0.02
dt_52:0.02
dt_53:0.02
dt_54:0.02
dt_55:0.02
dt_56:0.02
dt_57:0.02
dt_58:0.02
dt_59:0.02
dt_60:0.02
dt_61:0.02
dt_62:0.02
dt_63:0.02
dt_64:0.02
dt_65:0.02
dt_66:0.02
dt_67:0.02
dt_68:0.02
dt_69:0.02
dt_70:0.02
dt_71:0.02
dt_72:0.02
dt_73:0.02
dt_74:0.02
dt_75:0.02
dt_76:0.02
dt_77:0.02
dt_78:0.02
dt_79:0.02
dt_80:0.02
dt_81:0.02
dt_82:0.02
dt_83:0.02
dt_84:0.02
dt_85:0.02
dt_86:0.02
dt_87:0.02
dt_88:0.02
dt_89:0.02
dt_90:0.02
dt_91:0.02
dt_92:0.02
dt_93:0.02
dt_94:0.02
dt_95:0.02
dt_96:0.02
dt_97:0.02
dt_98:0.02
dt_99:0.02
[Control]
u_0:0.167975093
u_1:0.4120079562
u_2:0.4688699933
u_3:0.4708502907
u_4:0.4846292621
u_5:0.4974953428
u_6:0.499000639
u_7:0.5076187342
u_8:0.5160855567
u_9:0.5222317538
u_10:0.5294844143
u_11:0.5300557521
u_12:0.5310372325
u_13:0.5305309621
u_14:0.5263655391
u_15:0.515671219
u_16:0.5066030296
u_17:0.4960529328
u_18:0.4876233974
u_19:0.4719510487
u_20:0.4760264267
u_21:0.470317679
u_22:0.4717777461
u_23:0.4688751007
u_24:0.4700492003
u_25:0.4730766253
u_26:0.4771037123
u_27:0.4733433946
u_28:0.4823778297
u_29:0.487632194
u_30:0.4872166555
u_31:0.4714726569
u_32:0.4662000258
u_33:0.4667242434
u_34:0.4654688442
u_35:0.4586449467
u_36:0.4571502675
u_37:0.4591875252
u_38:0.4736347778
u_39:0.4852431674
u_40:0.4986351799
u_41:0.4992319706
u_42:0.4997679005
u_43:0.5052911162
u_44:0.506661714
u_45:0.5121844504
u_46:0.4999964322
u_47:0.492043427
u_48:0.4648370096
u_49:0.4547041455
u_50:0.4408271267
u_51:0.4400161122
u_52:0.4314782643
u_53:0.4370104208
u_54:0.444038943
u_55:0.4435488373
u_56:0.4461027772
u_57:0.4535418687
u_58:0.4517236924
u_59:0.4481668228
u_60:0.4379697649
u_61:0.4277303008
u_62:0.3057611855
u_63:0.2966459479
u_64:0.2958738007
u_65:0.2814870529
u_66:0.2700113193
u_67:0.2784391145
u_68:0.2794527238
u_69:0.2809642936
u_70:0.2748224246
u_71:0.2774359158
u_72:0.286896264
u_73:0.2929847586
u_74:0.3357271577
u_75:0.3488210388
u_76:0.3707283408
u_77:0.400122641
u_78:0.448901003
u_79:0.4975801359
u_80:0.5461297466
u_81:0.5944993996
u_82:0.6426682149
u_83:0.6632374526
u_84:0.6916242137
u_85:0.7040865087
u_86:0.7087831326
u_87:0.720262366
u_88:0.7327452145
u_89:0.7336016979
u_90:0.7480705847
u_91:0.7472491223
u_92:0.7401512662
u_93:0.7263653486
u_94:0.7333054026
u_95:0.7324206671
u_96:0.7249282657
u_97:0.7140554094
u_98:0.6586666365
u_99:0.5452049082
[Objective]
0.01094793889
