[Grid]
nodes:100
dt_0:0.02
dt_1:0.02
dt_2:0.02
dt_3:0.02
dt_4:0.02
dt_5:0.02
dt_6:0.02
dt_7:0.02
dt_8:0.02
dt_9:0.02
dt_10:0.02
dt_11:0.02
dt_12:0.02
dt_13:0.02
dt_14:0.02
dt_15:0.02
dt_16:0.02
dt_17:0.02
dt_18:0.02
dt_19:0.02
dt_20:0.02
dt_21:0.02
dt_22:0.02
dt_23:0.02
dt_24:0.02
dt_25:0.02
dt_26:0.02
dt_27:0.02
dt_28:0.02
dt_29:0.02
dt_30:0.02
dt_31:0.02
dt_32:0.02
dt_33:0.02
dt_34:0.02
dt_35:0.02
dt_36:0.02
dt_37:0.02
dt_38:0.02
dt_39:0.02
dt_40:0.02
dt_41:0.02
dt_42:0.02
dt_43:0.02
dt_44:0.02
dt_45:0.02
dt_46:0.02
dt_47:0.02
dt_48:0.02
dt_49:0.02
dt_50:0.02
dt_51:0.02
dt_52:0.02
dt_53:0.02
dt_54:0.02
dt_55:0.02
dt_56:0.02
dt_57:0.02
dt_58:0.02
dt_59:0.02
dt_60:0.02
dt_61:0.02
dt_62:0.02
dt_63:0.02
dt_64:0.02
dt_65:0.02
dt_66:0.02
dt_67:0.02
dt_68:0.02
dt_69:0.02
dt_70:0.02
dt_71:0.02
dt_72:0.02
dt_73:0.02
dt_74:0.02
dt_75:0.02
dt_76:0.02
dt_77:0.02
dt_78:0.02
dt_79:0.02
dt_80:0.02
dt_81:0.02
dt_82:0.02
dt_83:0.02
dt_84:0.02
dt_85:0.02
dt_86:0.02
dt_87:0.02
dt_88:0.02
dt_89:0.02
dt_90:0.02
dt_91:0.02
dt_92:0.02
dt_93:0.02
dt_94:0.02
dt_95:0.02
dt_96:0.02
dt_97:0.02
dt_98:0.02
dt_99:0.02
[Control]
u_0:0.1692160189
u_1:0.4022574682
u_2:0.4497371388
u_3:0.4610815213
u_4:0.4629509138
u_5:0.4862186991
u_6:0.5059081028
u_7:0.5028552468
u_8:0.5048363159
u_9:0.5222957168
u_10:0.5374958086
u_11:0.5532299723
u_12:0.5572977343
u_13:0.5504081208
u_14:0.5395224192
u_15:0.5348766509
u_16:0.5157020118
u_17:0.5079737225
u_18:0.4960987843
u_19:0.4746337874
u_20:0.4620807203
u_21:0.4559311405
u_22:0.4555524835
u_23:0.4654413924
u_24:0.4529936269
u_25:0.4671260487
u_26:0.4856011574
u_27:0.4745866537
u_28:0.4720277862
u_29:0.4846469404
u_30:0.4814532501
u_31:0.4787482713
u_32:0.474082723
u_33:0.4719307109
u_34:0.4584460677
u_35:0.464365786
u_36:0.4605763289
u_37:0.457656715
u_38:0.4553630265
u_39:0.4769673702
u_40:0.493931639
u_41:0.497465636
u_42:0.5105295874
u_43:0.5226755344
u_44:0.5103514653
u_45:0.5128114584
u_46:0.5086677181
u_47:0.4837778496
u_48:0.4759080301
u_49:0.4558775794
u_50:0.4495486411
u_51:0.4482079631
u_52:0.4362997311
u_53:0.4213314251
u_54:0.4412393553
u_55:0.4454690956
u_56:0.4563430156
u_57:0.4604777836
u_58:0.4488044194
u_59:0.4240556604
u_60:0.4163823713
u_61:0.416378381
u_62:0.3566615483
u_63:0.3175396634
u_64:0.2881065392
u_65:0.2839336054
u_66:0.2783076424
u_67:0.258713274
u_68:0.2656830734
u_69:0.2655487637
u_70:0.2757456423
u_71:0.2817645569
u_72:0.2905728281
u_73:0.3079495182
u_74:0.3284352577
u_75:0.3430489086
u_76:0.3523973048
u_77:0.4010608573
u_78:0.4497255327
u_79:0.498414355
u_80:0.5470983974
u_81:0.584872198
u_82:0.6055213661
u_83:0.6771733803
u_84:0.6912161127
u_85:0.7149201847
u_86:0.7275460953
u_87:0.7152406015
u_88:0.7340793429
u_89:0.747724793
u_90:0.7433288139
u_91:0.739779765
u_92:0.7410879353
u_93:0.7419468882
u_94:0.7318386145
u_95:0.7220599581
u_96:0.7104478472
u_97:0.6804019047
u_98:0.6614571921
u_99:0.545520399
[Objective]
0.01094140072
