[Grid]
nodes:100
dt_0:0.02
dt_1:0.02
dt_2:0.02
dt_3:0.02
dt_4:0.02
dt_5:0.02
dt_6:0.02
dt_7:0.02
dt_8:0.02
dt_9:0.02
dt_10:0.02
dt_11:0.02
dt_12:0.02
dt_13:0.02
dt_14:0.02
dt_15:0.02
dt_16:0.02
dt_17:0.02
dt_18:0.02
dt_19:0.02
dt_20:0.02
dt_21:0.02
dt_22:0.02
dt_23:0.02
dt_24:0.02
dt_25:0.02
dt_26:0.02
dt_27:0.02
dt_28:0.02
dt_29:0.02
dt_30:0.02
dt_31:0.02
dt_32:0.02
dt_33:0.02
dt_34:0.02
dt_35:0.02
dt_36:0.02
dt_37:0.02
dt_38:0.02
dt_39:0.02
dt_40:0.02
dt_41:0.02
dt_42:0.02
dt_43:0.02
dt_44:0.02
dt_45:0.02
dt_46:0.02
dt_47:0.02
dt_48:0.02
dt_49:0.02
dt_50:0.02
dt_51:0.02
dt_52:0.02
dt_53:0.02
dt_54:0.02
dt_55:0.02
dt_56:0.02
dt_57:0.02
dt_58:0.02
dt_59:0.02
dt_60:0.02
dt_61:0.02
dt_62:0.02
dt_63:0.02
dt_64:0.02
dt_65:0.02
dt_66:0.02
dt_67:0.02
dt_68:0.02
dt_69:0.02
dt_70:0.02
dt_71:0.02
dt_72:0.02
dt_73:0.02
dt_74:0.02
dt_75:0.02
dt_76:0.02
dt_77:0.02
dt_78:0.02
dt_79:0.02
dt_80:0.02
dt_81:0.02
dt_82:0.02
dt_83:0.02
dt_84:0.02
dt_85:0.02
dt_86:0.02
dt_87:0.02
dt_88:0.02
dt_89:0.02
dt_90:0.02
dt_91:0.02
dt_92:0.02
dt_93:0.02
dt_94:0.02
dt_95:0.02
dt_96:0.02
dt_97:0.02
dt_98:0.02
dt_99:0.02
[Control]
u_0:0.1681773788
u_1:0.412297946
u_2:0.4624719223
u_3:0.4740062773
u_4:0.4854273253
u_5:0.4881485918
u_6:0.4968594474
u_7:0.5007000316
u_8:0.5127419589
u_9:0.526504764
u_10:0.5293795338
u_11:0.529965687
u_12:0.5274069265
u_13:0.5276430069
u_14:0.5326023262
u_15:0.5198031591
u_16:0.5308580065
u_17:0.5063198447
u_18:0.4828880263
u_19:0.4763835952
u_20:0.4603017796
u_21:0.4700198953
u_22:0.4682980515
u_23:0.4698522197
u_24:0.478082617
u_25:0.4686699911
u_26:0.4832603145
u_27:0.4702107712
u_28:0.4746181463
u_29:0.4838651583
u_30:0.4835654444
u_31:0.4770570674
u_32:0.4730763404
u_33:0.4645681849
u_34:0.4446226095
u_35:0.4566800403
u_36:0.4610630161
u_37:0.4620333975
u_38:0.4834220315
u_39:0.4871343439
u_40:0.4932598599
u_41:0.5093631709
u_42:0.5100884427
u_43:0.5000384836
u_44:0.5097803724
u_45:0.5042666511
u_46:0.5020336214
u_47:0.4801959078
u_48:0.456275487
u_49:0.4569218433
u_50:0.4458620066
u_51:0.4408877773
u_52:0.4330153253
u_53:0.437935276
u_54:0.4514522893
u_55:0.4461310653
u_56:0.4483161633
u_57:0.4453338757
u_58:0.4482066453
u_59:0.4534837711
u_60:0.4328569451
u_61:0.4267215221
u_62:0.3189642912
u_63:0.3014561184
u_64:0.29888817
u_65:0.2779931675
u_66:0.2715145822
u_67:0.2838526568
u_68:0.2733033082
u_69:0.2681641288
u_70:0.2776732911
u_71:0.2820183752
u_72:0.2709900118
u_73:0.3015378494
u_74:0.3259434224
u_75:0.3413938347
u_76:0.379354597
u_77:0.4094745512
u_78:0.4487811759
u_79:0.4975879127
u_80:0.5462653561
u_81:0.5917895849
u_82:0.6385658767
u_83:0.6747088639
u_84:0.6733699818
u_85:0.6921946534
u_86:0.7075947711
u_87:0.7287489286
u_88:0.736689904
u_89:0.7422994998
u_90:0.7455665169
u_91:0.7424864798
u_92:0.7458605714
u_93:0.7299506336
u_94:0.7374546341
u_95:0.729527408
u_96:0.7193986075
u_97:0.7175482562
u_98:0.6586358788
u_99:0.545194639
[Objective]
0.01094686948
