[Grid]
nodes:100
dt_0:0.02
dt_1:0.02
dt_2:0.02
dt_3:0.02
dt_4:0.02
dt_5:0.02
dt_6:0.02
dt_7:0.02
dt_8:0.02
dt_9:0.02
dt_10:0.02
dt_11:0.02
dt_12:0.02
dt_13:0.02
dt_14:0.02
dt_15:0.02
dt_16:0.02
dt_17:0.02
dt_18:0.02
dt_19:0.02
dt_20:0.02
dt_21:0.02
dt_22:0.02
dt_23:0.02
dt_24:0.02
dt_25:0.02
dt_26:0.02
dt_27:0.02
dt_28:0.02
dt_29:0.02
dt_30:0.02
dt_31:0.02
dt_32:0.02
dt_33:0.02
dt_34:0.02
dt_35:0.02
dt_36:0.02
dt_37:0.02
dt_38:0.02
dt_39:0.02
dt_40:0.02
dt_41:0.02
dt_42:0.02
dt_43:0.02
dt_44:0.02
dt_45:0.02
dt_46:0.02
dt_47:0.02
dt_48:0.02
dt_49:0.02
dt_50:0.02
dt_51:0.02
dt_52:0.02
dt_53:0.02
dt_54:0.02
dt_55:0.02
dt_56:0.02
dt_57:0.02
dt_58:0.02
dt_59:0.02
dt_60:0.02
dt_61:0.02
dt_62:0.02
dt_63:0.02
dt_64:0.02
dt_65:0.02
dt_66:0.02
dt_67:0.02
dt_68:0.02
dt_69:0.02
dt_70:0.02
dt_71:0.02
dt_72:0.02
dt_73:0.02
dt_74:0.02
dt_75:0.02
dt_76:0.02
dt_77:0.02
dt_78:0.02
dt_79:0.02
dt_80:0.02
dt_81:0.02
dt_82:0.02
dt_83:0.02
dt_84:0.02
dt_85:0.02
dt_86:0.02
dt_87:0.02
dt_88:0.02
dt_89:0.02
dt_90:0.02
dt_91:0.02
dt_92:0.02
dt_93:0.02
dt_94:0.02
dt_95:0.02
dt_96:0.02
dt_97:0.02
dt_98:0.02
dt_99:0.02
[Control]
u_0:0.1677868482
u_1:0.411737832
u_2:0.4751334777
u_3:0.470701859
u_4:0.4873182811
u_5:0.4984587389
u_6:0.5036451351
u_7:0.5026376682
u_8:0.5177327666
u_9:0.5253346024
u_10:0.5302243995
u_11:0.5270011853
u_12:0.5192116672
u_13:0.526525709
u_14:0.5300443011
u_15:0.5233570144
u_16:0.5073152585
u_17:0.494815602
u_18:0.4918559098
u_19:0.4761557089
u_20:0.4685769332
u_21:0.4663489594
u_22:0.46788502
u_23:0.4647930719
u_24:0.4822843852
u_25:0.4781782761
u_26:0.4756640767
u_27:0.4804629231
u_28:0.4761397939
u_29:0.4746686039
u_30:0.4772949903
u_31:0.4855918103
u_32:0.4774335969
u_33:0.4609645096
u_34:0.4646808747
u_35:0.4652115647
u_36:0.4536053984
u_37:0.4518458434
u_38:0.4675268143
u_39:0.4870621166
u_40:0.5048559071
u_41:0.5058784037
u_42:0.5051834124
u_43:0.5082753498
u_44:0.4989773705
u_45:0.4993884308
u_46:0.5068264024
u_47:0.4953832843
u_48:0.4622513862
u_49:0.458338788
u_50:0.4429238745
u_51:0.4380502266
u_52:0.4363642248
u_53:0.4282099618
u_54:0.4461084829
u_55:0.4345095867
u_56:0.4563294784
u_57:0.4470759232
u_58:0.4422510538
u_59:0.4522723507
u_60:0.4425232911
u_61:0.4362008789
u_62:0.3109053387
u_63:0.2861999899
u_64:0.2906148709
u_65:0.2724073909
u_66:0.2890256049
u_67:0.2770346121
u_68:0.2707909481
u_69:0.2763476369
u_70:0.2844967599
u_71:0.2898936477
u_72:0.2828084727
u_73:0.2847726472
u_74:0.3421355084
u_75:0.3505799894
u_76:0.3548102923
u_77:0.4004774597
u_78:0.4491044844
u_79:0.4976637521
u_80:0.5461061743
u_81:0.5943651791
u_82:0.6424031859
u_83:0.6644271175
u_84:0.7062103236
u_85:0.7006927774
u_86:0.7039823272
u_87:0.7307158906
u_88:0.7340515261
u_89:0.7409029606
u_90:0.7293385481
u_91:0.7379104103
u_92:0.7439350472
u_93:0.7367403793
u_94:0.7347063816
u_95:0.730943373
u_96:0.7304128633
u_97:0.7074406688
u_98:0.6587028958
u_99:0.545216968
[Objective]
0.01094835344
