[Grid]
nodes:100
dt_0:0.02
dt_1:0.02
dt_2:0.02
dt_3:0.02
dt_4:0.02
dt_5:0.02
dt_6:0.02
dt_7:0.02
dt_8:0.02
dt_9:0.02
dt_10:0.02
dt_11:0.02
dt_12:0.02
dt_13:0.02
dt_14:0.02
dt_15:0.02
dt_16:0.02
dt_17:0.02
dt_18:0.02
dt_19:0.02
dt_20:0.02
dt_21:0.02
dt_22:0.02
dt_23:0.02
dt_24:0.02
dt_25:0.02
dt_26:0.02
dt_27:0.02
dt_28:0.02
dt_29:0.02
dt_30:0.02
dt_31:0.02
dt_32:0.02
dt_33:0.02
dt_34:0.02
dt_35:0.02
dt_36:0.02
dt_37:0.02
dt_38:0.02
dt_39:0.02
dt_40:0.02
dt_41:0.02
dt_42:0.02
dt_43:0.02
dt_44:0.02
dt_45:0.02
dt_46:0.02
dt_47:0.02
dt_48:0.02
dt_49:0.02
dt_50:0.02
dt_51:0.02
dt_52:0.02
dt_53:0.02
dt_54:0.02
dt_55:0.02
dt_56:0.02
dt_57:0.02
dt_58:0.02
dt_59:0.02
dt_60:0.02
dt_61:0.02
dt_62:0.02
dt_63:0.02
dt_64:0.02
dt_65:0.02
dt_66:0.02
dt_67:0.02
dt_68:0.02
dt_69:0.02
dt_70:0.02
dt_71:0.02
dt_72:0.02
dt_73:0.02
dt_74:0.02
dt_75:0.02
dt_76:0.02
dt_77:0.02
dt_78:0.02
dt_79:0.02
dt_80:0.02
dt_81:0.02
dt_82:0.02
dt_83:0.02
dt_84:0.02
dt_85:0.02
dt_86:0.02
dt_87:0.02
dt_88:0.02
dt_89:0.02
dt_90:0.02
dt_91:0.02
dt_92:0.02
dt_93:0.02
dt_94:0.02
dt_95:0.02
dt_96:0.02
dt_97:0.02
dt_98:0.02
dt_99:0.02
[Control]
u_0:0.1715264988
u_1:0.3799367785
u_2:0.3970483332
u_3:0.4161961358
u_4:0.481327294
u_5:0.5127719187
u_6:0.5097261178
u_7:0.5097007301
u_8:0.5006279408
u_9:0.5099084055
u_10:0.5185474193
u_11:0.5502003957
u_12:0.5592528712
u_13:0.5541020458
u_14:0.5659196191
u_15:0.5539224283
u_16:0.5519829594
u_17:0.5127002788
u_18:0.4984605
u_19:0.4782421024
u_20:0.4689529908
u_21:0.4629271382
u_22:0.4703880883
u_23:0.4597720552
u_24:0.4612540847
u_25:0.4725987491
u_26:0.4840764592
u_27:0.4962679097
u_28:0.4712383095
u_29:0.4736840467
u_30:0.4716084749
u_31:0.4523489923
u_32:0.4543746779
u_33:0.4422726005
u_34:0.4460651267
u_35:0.4395736611
u_36:0.4387508439
u_37:0.4703295094
u_38:0.4716160463
u_39:0.5077947209
u_40:0.5088925237
u_41:0.5243737619
u_42:0.5362319631
u_43:0.5291348445
u_44:0.5279497543
u_45:0.5391833362
u_46:0.5329263409
u_47:0.508921107
u_48:0.4696899076
u_49:0.4501413165
u_50:0.4280901521
u_51:0.4241873765
u_52:0.4567209201
u_53:0.4459692117
u_54:0.441847344
u_55:0.4540370656
u_56:0.4429291654
u_57:0.4583929681
u_58:0.4478424382
u_59:0.4442308687
u_60:0.421454601
u_61:0.381110541
u_62:0.3533946257
u_63:0.3302129858
u_64:0.3010029909
u_65:0.2803344614
u_66:0.2556667501
u_67:0.263539261
u_68:0.251300568
u_69:0.2519287467
u_70:0.2602856064
u_71:0.2686087026
u_72:0.2608930535
u_73:0.2674303922
u_74:0.3080005079
u_75:0.3391420613
u_76:0.3899347365
u_77:0.4151688849
u_78:0.4496010389
u_79:0.4984806408
u_80:0.5473628637
u_81:0.5818038066
u_82:0.6070561357
u_83:0.6578836839
u_84:0.6713384506
u_85:0.7018480654
u_86:0.7328084349
u_87:0.7493892311
u_88:0.7317593442
u_89:0.768993756
u_90:0.7738507934
u_91:0.7683365868
u_92:0.7803316956
u_93:0.73065947
u_94:0.7141837843
u_95:0.7054024789
u_96:0.7154443814
u_97:0.6607239992
u_98:0.5922936443
u_99:0.532084017
[Objective]
0.01092436065
