[Grid]
nodes:100
dt_0:0.02
dt_1:0.02
dt_2:0.02
dt_3:0.02
dt_4:0.02
dt_5:0.02
dt_6:0.02
dt_7:0.02
dt_8:0.02
dt_9:0.02
dt_10:0.02
dt_11:0.02
dt_12:0.02
dt_13:0.02
dt_14:0.02
dt_15:0.02
dt_16:0.02
dt_17:0.02
dt_18:0.02
dt_19:0.02
dt_20:0.02
dt_21:0.02
dt_22:0.02
dt_23:0.02
dt_24:0.02
dt_25:0.02
dt_26:0.02
dt_27:0.02
dt_28:0.02
dt_29:0.02
dt_30:0.02
dt_31:0.02
dt_32:0.02
dt_33:0.02
dt_34:0.02
dt_35:0.02
dt_36:0.02
dt_37:0.02
dt_38:0.02
dt_39:0.02
dt_40:0.02
dt_41:0.02
dt_42:0.02
dt_43:0.02
dt_44:0.02
dt_45:0.02
dt_46:0.02
dt_47:0.02
dt_48:0.02
dt_49:0.02
dt_50:0.02
dt_51:0.02
dt_52:0.02
dt_53:0.02
dt_54:0.02
dt_55:0.02
dt_56:0.02
dt_57:0.02
dt_58:0.02
dt_59:0.02
dt_60:0.02
dt_61:0.02
dt_62:0.02
dt_63:0.02
dt_64:0.02
dt_65:0.02
dt_66:0.02
dt_67:0.02
dt_68:0.02
dt_69:0.02
dt_70:0.02
dt_71:0.02
dt_72:0.02
dt_73:0.02
dt_74:0.02
dt_75:0.02
dt_76:0.02
dt_77:0.02
dt_78:0.02
dt_79:0.02
dt_80:0.02
dt_81:0.02
dt_82:0.02
dt_83:0.02
dt_84:0.02
dt_85:0.02
dt_86:0.02
dt_87:0.02
dt_88:0.02
dt_89:0.02
dt_90:0.02
dt_91:0.02
dt_92:0.02
dt_93:0.02
dt_94:0.02
dt_95:0.02
dt_96:0.02
dt_97:0.02
dt_98:0.02
dt_99:0.02
[Control]
u_0:0.1840946554
u_1:0.2799750733
u_2:0.3835926983
u_3:0.3932231117
u_4:0.4573832127
u_5:0.4975884827
u_6:0.5005405611
u_7:0.5149760977
u_8:0.5616599811
u_9:0.5681704413
u_10:0.5409200628
u_11:0.5859613425
u_12:0.5795686913
u_13:0.5582695661
u_14:0.5896150263
u_15:0.5870601023
u_16:0.5611388233
u_17:0.5263316594
u_18:0.4612783889
u_19:0.4643657333
u_20:0.4422782911
u_21:0.4589293486
u_22:0.4299839102
u_23:0.4557058289
u_24:0.4737714683
u_25:0.4493883275
u_26:0.4752056617
u_27:0.4820913518
u_28:0.4988301901
u_29:0.470319624
u_30:0.4858843418
u_31:0.4537113557
u_32:0.4904316136
u_33:0.4491090643
u_34:0.4409892838
u_35:0.4392164146
u_36:0.4498966212
u_37:0.463210448
u_38:0.4756205693
u_39:0.494325982
u_40:0.4718374368
u_41:0.5789722988
u_42:0.5318791782
u_43:0.5288174351
u_44:0.5209292086
u_45:0.5426605095
u_46:0.5247329566
u_47:0.5064421374
u_48:0.4681999487
u_49:0.462574929
u_50:0.4544407455
u_51:0.4311394261
u_52:0.4367483627
u_53:0.4647424814
u_54:0.4362713993
u_55:0.4563104709
u_56:0.4615284982
u_57:0.4380948902
u_58:0.4510251302
u_59:0.4589928032
u_60:0.4472502096
u_61:0.4421868096
u_62:0.3450890718
u_63:0.3560129609
u_64:0.3320182201
u_65:0.2810098547
u_66:0.2370975398
u_67:0.2115249611
u_68:0.2290931354
u_69:0.2028984026
u_70:0.2301642631
u_71:0.2280510501
u_72:0.254671848
u_73:0.2815479653
u_74:0.3118818669
u_75:0.3591473745
u_76:0.3540913151
u_77:0.4020504053
u_78:0.4501541801
u_79:0.498343652
u_80:0.5465156948
u_81:0.5945650411
u_82:0.6424260629
u_83:0.6372164794
u_84:0.684254772
u_85:0.7200041468
u_86:0.734868968
u_87:0.7484583854
u_88:0.7762394518
u_89:0.7994071021
u_90:0.8116215716
u_91:0.751565721
u_92:0.759501597
u_93:0.7512997986
u_94:0.713623756
u_95:0.7450524292
u_96:0.6897692589
u_97:0.6551462962
u_98:0.5701620669
u_99:0.4921314297
[Objective]
0.01091162597
