[Grid]
nodes:100
dt_0:0.02
dt_1:0.02
dt_2:0.02
dt_3:0.02
dt_4:0.02
dt_5:0.02
dt_6:0.02
dt_7:0.02
dt_8:0.02
dt_9:0.02
dt_10:0.02
dt_11:0.02
dt_12:0.02
dt_13:0.02
dt_14:0.02
dt_15:0.02
dt_16:0.02
dt_17:0.02
dt_18:0.02
dt_19:0.02
dt_20:0.02
dt_21:0.02
dt_22:0.02
dt_23:0.02
dt_24:0.02
dt_25:0.02
dt_26:0.02
dt_27:0.02
dt_28:0.02
dt_29:0.02
dt_30:0.02
dt_31:0.02
dt_32:0.02
dt_33:0.02
dt_34:0.02
dt_35:0.02
dt_36:0.02
dt_37:0.02
dt_38:0.02
dt_39:0.02
dt_40:0.02
dt_41:0.02
dt_42:0.02
dt_43:0.02
dt_44:0.02
dt_45:0.02
dt_46:0.02
dt_47:0.02
dt_48:0.02
dt_49:0.02
dt_50:0.02
dt_51:0.02
dt_52:0.02
dt_53:0.02
dt_54:0.02
dt_55:0.02
dt_56:0.02
dt_57:0.02
dt_58:0.02
dt_59:0.02
dt_60:0.02
dt_61:0.02
dt_62:0.02
dt_63:0.02
dt_64:0.02
dt_65:0.02
dt_66:0.02
dt_67:0.02
dt_68:0.02
dt_69:0.02
dt_70:0.02
dt_71:0.02
dt_72:0.02
dt_73:0.02
dt_74:0.02
dt_75:0.02
dt_76:0.02
dt_77:0.02
dt_78:0.02
dt_79:0.02
dt_80:0.02
dt_81:0.02
dt_82:0.02
dt_83:0.02
dt_84:0.02
dt_85:0.02
dt_86:0.02
dt_87:0.02
dt_88:0.02
dt_89:0.02
dt_90:0.02
dt_91:0.02
dt_92:0.02
dt_93:0.02
dt_94:0.02
dt_95:0.02
dt_96:0.02
dt_97:0.02
dt_98:0.02
dt_99:0.02
[Control]
u_0:0.1728691235
u_1:0.3451771698
u_2:0.391224626
u_3:0.4237938115
u_4:0.4501899864
u_5:0.5112123717
u_6:0.520006255
u_7:0.5218116616
u_8:0.5275906465
u_9:0.5149363097
u_10:0.4966819124
u_11:0.5646668313
u_12:0.5759632667
u_13:0.5822796587
u_14:0.565208993
u_15:0.5569150079
u_16:0.5451431125
u_17:0.5177420847
u_18:0.4948682175
u_19:0.4807630209
u_20:0.4456736493
u_21:0.4593517798
u_22:0.4608799712
u_23:0.4699330104
u_24:0.4856755728
u_25:0.4676761282
u_26:0.459145398
u_27:0.4733764159
u_28:0.4935568001
u_29:0.4786205757
u_30:0.4872838954
u_31:0.4543715866
u_32:0.4458810921
u_33:0.437998112
u_34:0.4320081282
u_35:0.4541383446
u_36:0.4529988604
u_37:0.459247652
u_38:0.4929425293
u_39:0.4816951193
u_40:0.5019166505
u_41:0.51579474
u_42:0.5222252389
u_43:0.5327983994
u_44:0.5501177304
u_45:0.5530661562
u_46:0.5327790459
u_47:0.5235309655
u_48:0.4520594261
u_49:0.4486088015
u_50:0.4460311819
u_51:0.4150231013
u_52:0.4504541703
u_53:0.4355678332
u_54:0.4525948667
u_55:0.4528909416
u_56:0.4563919179
u_57:0.4697809355
u_58:0.4685582202
u_59:0.44168094
u_60:0.4194060704
u_61:0.383388592
u_62:0.3553375844
u_63:0.309661817
u_64:0.3220125987
u_65:0.3013067262
u_66:0.2698626458
u_67:0.240250314
u_68:0.2312749407
u_69:0.227509566
u_70:0.2440924665
u_71:0.2502023986
u_72:0.2551499497
u_73:0.2864928809
u_74:0.3195051276
u_75:0.3238721729
u_76:0.3839664771
u_77:0.4186964673
u_78:0.4496099023
u_79:0.49832534
u_80:0.5470207193
u_81:0.5778714528
u_82:0.6124882485
u_83:0.6724048454
u_84:0.6765079725
u_85:0.7081786485
u_86:0.7473991186
u_87:0.7336270418
u_88:0.767372615
u_89:0.7518037115
u_90:0.7672354614
u_91:0.7766259968
u_92:0.7624093694
u_93:0.7724574452
u_94:0.7151255064
u_95:0.7134905415
u_96:0.7074812299
u_97:0.6566107167
u_98:0.5613334892
u_99:0.5290686332
[Objective]
0.01091975257
