[Grid]
nodes:100
dt_0:0.02
dt_1:0.02
dt_2:0.02
dt_3:0.02
dt_4:0.02
dt_5:0.02
dt_6:0.02
dt_7:0.02
dt_8:0.02
dt_9:0.02
dt_10:0.02
dt_11:0.02
dt_12:0.02
dt_13:0.02
dt_14:0.02
dt_15:0.02
dt_16:0.02
dt_17:0.02
dt_18:0.02
dt_19:0.02
dt_20:0.02
dt_21:0.02
dt_22:0.02
dt_23:0.02
dt_24:0.02
dt_25:0.02
dt_26:0.02
dt_27:0.02
dt_28:0.02
dt_29:0.02
dt_30:0.02
dt_31:0.02
dt_32:0.02
dt_33:0.02
dt_34:0.02
dt_35:0.02
dt_36:0.02
dt_37:0.02
dt_38:0.02
dt_39:0.02
dt_40:0.02
dt_41:0.02
dt_42:0.02
dt_43:0.02
dt_44:0.02
dt_45:0.02
dt_46:0.02
dt_47:0.02
dt_48:0.02
dt_49:0.02
dt_50:0.02
dt_51:0.02
dt_52:0.02
dt_53:0.02
dt_54:0.02
dt_55:0.02
dt_56:0.02
dt_57:0.02
dt_58:0.02
dt_59:0.02
dt_60:0.02
dt_61:0.02
dt_62:0.02
dt_63:0.02
dt_64:0.02
dt_65:0.02
dt_66:0.02
dt_67:0.02
dt_68:0.02
dt_69:0.02
dt_70:0.02
dt_71:0.02
dt_72:0.02
dt_73:0.02
dt_74:0.02
dt_75:0.02
dt_76:0.02
dt_77:0.02
dt_78:0.02
dt_79:0.02
dt_80:0.02
dt_81:0.02
dt_82:0.02
dt_83:0.02
dt_84:0.02
dt_85:0.02
dt_86:0.02
dt_87:0.02
dt_88:0.02
dt_89:0.02
dt_90:0.02
dt_91:0.02
dt_92:0.02
dt_93:0.02
dt_94:0.02
dt_95:0.02
dt_96:0.02
dt_97:0.02
dt_98:0.02
dt_99:0.02
[Control]
u_0:0.1680893025
u_1:0.4121713072
u_2:0.4642053456
u_3:0.4803926354
u_4:0.4891779833
u_5:0.4868231975
u_6:0.4929365875
u_7:0.4968855814
u_8:0.5044523532
u_9:0.5134294643
u_10:0.521082077
u_11:0.5304228558
u_12:0.5345380787
u_13:0.5420010397
u_14:0.5385111224
u_15:0.5309405844
u_16:0.5260788696
u_17:0.5068825548
u_18:0.4780259437
u_19:0.4736268438
u_20:0.4661865839
u_21:0.4640980983
u_22:0.4726941174
u_23:0.4655221684
u_24:0.4757974294
u_25:0.4738483333
u_26:0.4800249937
u_27:0.4708276431
u_28:0.4818281293
u_29:0.4800357464
u_30:0.4846547382
u_31:0.4680861485
u_32:0.4567392749
u_33:0.4585359953
u_34:0.4593332049
u_35:0.4626513439
u_36:0.4548924694
u_37:0.4767694708
u_38:0.4757355371
u_39:0.494557829
u_40:0.5000922489
u_41:0.5085333825
u_42:0.5111204701
u_43:0.5018323372
u_44:0.4961640064
u_45:0.496965855
u_46:0.4970472517
u_47:0.4897911524
u_48:0.4596304199
u_49:0.4542141942
u_50:0.4444765005
u_51:0.45167303
u_52:0.4382332258
u_53:0.4372746377
u_54:0.4477121609
u_55:0.4414937561
u_56:0.4492349845
u_57:0.4532518114
u_58:0.4439997797
u_59:0.4428375444
u_60:0.4361604782
u_61:0.4219460308
u_62:0.3258292402
u_63:0.3080701123
u_64:0.2993072972
u_65:0.2832687358
u_66:0.2755680024
u_67:0.2711166022
u_68:0.2709151899
u_69:0.2658514082
u_70:0.2717732852
u_71:0.2770310743
u_72:0.2889312016
u_73:0.2944717817
u_74:0.3256048257
u_75:0.3321631366
u_76:0.3884896529
u_77:0.4110348015
u_78:0.4487794015
u_79:0.4976594385
u_80:0.5464208797
u_81:0.587914878
u_82:0.6293964275
u_83:0.6724207378
u_84:0.6893295513
u_85:0.6969318919
u_86:0.6942590225
u_87:0.7359633776
u_88:0.7365787993
u_89:0.7365011699
u_90:0.7488509691
u_91:0.7434739678
u_92:0.7404276043
u_93:0.7426836946
u_94:0.734610696
u_95:0.7273556935
u_96:0.7130663073
u_97:0.7182756489
u_98:0.6587119685
u_99:0.545220083
[Objective]
0.01094631221
