[Grid]
nodes:100
dt_0:0.02
dt_1:0.02
dt_2:0.02
dt_3:0.02
dt_4:0.02
dt_5:0.02
dt_6:0.02
dt_7:0.02
dt_8:0.02
dt_9:0.02
dt_10:0.02
dt_11:0.02
dt_12:0.02
dt_13:0.02
dt_14:0.02
dt_15:0.02
dt_16:0.02
dt_17:0.02
dt_18:0.02
dt_19:0.02
dt_20:0.02
dt_21:0.02
dt_22:0.02
dt_23:0.02
dt_24:0.02
dt_25:0.02
dt_26:0.02
dt_27:0.02
dt_28:0.02
dt_29:0.02
dt_30:0.02
dt_31:0.02
dt_32:0.02
dt_33:0.02
dt_34:0.02
dt_35:0.02
dt_36:0.02
dt_37:0.02
dt_38:0.02
dt_39:0.02
dt_40:0.02
dt_41:0.02
dt_42:0.02
dt_43:0.02
dt_44:0.02
dt_45:0.02
dt_46:0.02
dt_47:0.02
dt_48:0.02
dt_49:0.02
dt_50:0.02
dt_51:0.02
dt_52:0.02
dt_53:0.02
dt_54:0.02
dt_55:0.02
dt_56:0.02
dt_57:0.02
dt_58:0.02
dt_59:0.02
dt_60:0.02
dt_61:0.02
dt_62:0.02
dt_63:0.02
dt_64:0.02
dt_65:0.02
dt_66:0.02
dt_67:0.02
dt_68:0.02
dt_69:0.02
dt_70:0.02
dt_71:0.02
dt_72:0.02
dt_73:0.02
dt_74:0.02
dt_75:0.02
dt_76:0.02
dt_77:0.02
dt_78:0.02
dt_79:0.02
dt_80:0.02
dt_81:0.02
dt_82:0.02
dt_83:0.02
dt_84:0.02
dt_85:0.02
dt_86:0.02
dt_87:0.02
dt_88:0.02
dt_89:0.02
dt_90:0.02
dt_91:0.02
dt_92:0.02
dt_93:0.02
dt_94:0.02
dt_95:0.02
dt_96:0.02
dt_97:0.02
dt_98:0.02
dt_99:0.02
[Control]
u_0:0.1695223935
u_1:0.3946150289
u_2:0.4443748709
u_3:0.4576983017
u_4:0.4658963376
u_5:0.5034553547
u_6:0.5020423617
u_7:0.4978293592
u_8:0.504846633
u_9:0.515577919
u_10:0.5435215928
u_11:0.5584649294
u_12:0.547968107
u_13:0.5504142672
u_14:0.5495646589
u_15:0.5269087124
u_16:0.528684204
u_17:0.5006057229
u_18:0.4807867404
u_19:0.4850707253
u_20:0.4649782277
u_21:0.4548266376
u_22:0.4592448593
u_23:0.4621294242
u_24:0.4578871779
u_25:0.4515024757
u_26:0.4964210028
u_27:0.4689217634
u_28:0.4895178546
u_29:0.4757199174
u_30:0.4764531556
u_31:0.4860342558
u_32:0.4774546245
u_33:0.4552765177
u_34:0.4607268928
u_35:0.4712619626
u_36:0.4550690855
u_37:0.4644171722
u_38:0.4621041966
u_39:0.4639172194
u_40:0.5096691974
u_41:0.4968104696
u_42:0.5031758176
u_43:0.5149730057
u_44:0.516224658
u_45:0.5164687391
u_46:0.5113280097
u_47:0.4774952778
u_48:0.4664130124
u_49:0.473543445
u_50:0.4530903009
u_51:0.4424985014
u_52:0.4288339532
u_53:0.4244827634
u_54:0.4485350866
u_55:0.4439897011
u_56:0.4517417824
u_57:0.4493316754
u_58:0.4533683832
u_59:0.4312694678
u_60:0.4265900017
u_61:0.4025088934
u_62:0.3600434056
u_63:0.3176007081
u_64:0.2858399188
u_65:0.2884032949
u_66:0.2759990688
u_67:0.2700598443
u_68:0.2650164642
u_69:0.2649643947
u_70:0.2850777475
u_71:0.2714114965
u_72:0.2929105283
u_73:0.2971428836
u_74:0.336384936
u_75:0.3321634673
u_76:0.3527169245
u_77:0.4012723909
u_78:0.4498609233
u_79:0.4984934121
u_80:0.547131856
u_81:0.5957419314
u_82:0.5977600699
u_83:0.6668394884
u_84:0.6939977845
u_85:0.7104972658
u_86:0.7232767747
u_87:0.7277821504
u_88:0.7419272563
u_89:0.7457558581
u_90:0.7421866125
u_91:0.7356578392
u_92:0.7509921861
u_93:0.7406090965
u_94:0.7181324294
u_95:0.7239852244
u_96:0.7053227309
u_97:0.6849607577
u_98:0.6592596629
u_99:0.5455575087
[Objective]
0.01094064246
