[Grid]
nodes:100
dt_0:0.02
dt_1:0.02
dt_2:0.02
dt_3:0.02
dt_4:0.02
dt_5:0.02
dt_6:0.02
dt_7:0.02
dt_8:0.02
dt_9:0.02
dt_10:0.02
dt_11:0.02
dt_12:0.02
dt_13:0.02
dt_14:0.02
dt_15:0.02
dt_16:0.02
dt_17:0.02
dt_18:0.02
dt_19:0.02
dt_20:0.02
dt_21:0.02
dt_22:0.02
dt_23:0.02
dt_24:0.02
dt_25:0.02
dt_26:0.02
dt_27:0.02
dt_28:0.02
dt_29:0.02
dt_30:0.02
dt_31:0.02
dt_32:0.02
dt_33:0.02
dt_34:0.02
dt_35:0.02
dt_36:0.02
dt_37:0.02
dt_38:0.02
dt_39:0.02
dt_40:0.02
dt_41:0.02
dt_42:0.02
dt_43:0.02
dt_44:0.02
dt_45:0.02
dt_46:0.02
dt_47:0.02
dt_48:0.02
dt_49:0.02
dt_50:0.02
dt_51:0.02
dt_52:0.02
dt_53:0.02
dt_54:0.02
dt_55:0.02
dt_56:0.02
dt_57:0.02
dt_58:0.02
dt_59:0.02
dt_60:0.02
dt_61:0.02
dt_62:0.02
dt_63:0.02
dt_64:0.02
dt_65:0.02
dt_66:0.02
dt_67:0.02
dt_68:0.02
dt_69:0.02
dt_70:0.02
dt_71:0.02
dt_72:0.02
dt_73:0.02
dt_74:0.02
dt_75:0.02
dt_76:0.02
dt_77:0.02
dt_78:0.02
dt_79:0.02
dt_80:0.02
dt_81:0.02
dt_82:0.02
dt_83:0.02
dt_84:0.02
dt_85:0.02
dt_86:0.02
dt_87:0.02
dt_88:0.02
dt_89:0.02
dt_90:0.02
dt_91:0.02
dt_92:0.02
dt_93:0.02
dt_94:0.02
dt_95:0.02
dt_96:0.02
dt_97:0.02
dt_98:0.02
dt_99:0.02
[Control]
u_0:0.1681314767
u_1:0.412231985
u_2:0.462169586
u_3:0.4839990206
u_4:0.4828265793
u_5:0.4877801143
u_6:0.4964023345
u_7:0.4951693638
u_8:0.5003156753
u_9:0.5154353406
u_10:0.5254166439
u_11:0.5269586893
u_12:0.5375094748
u_13:0.5435408408
u_14:0.5384349253
u_15:0.5347548438
u_16:0.5218115318
u_17:0.5063383984
u_18:0.4794145559
u_19:0.4711954145
u_20:0.4707045501
u_21:0.4670358782
u_22:0.4626579576
u_23:0.4667404178
u_24:0.4723564858
u_25:0.4732401373
u_26:0.4786269136
u_27:0.4825651738
u_28:0.4811848935
u_29:0.4792764355
u_30:0.4787010647
u_31:0.4719549384
u_32:0.458987952
u_33:0.4561843278
u_34:0.4539833585
u_35:0.4589090027
u_36:0.459329695
u_37:0.4823070717
u_38:0.4793421929
u_39:0.493158683
u_40:0.508600773
u_41:0.4980597715
u_42:0.5004704994
u_43:0.5011949477
u_44:0.5023918522
u_45:0.5011759552
u_46:0.4949042304
u_47:0.4893802004
u_48:0.4589910122
u_49:0.4551293473
u_50:0.4485831198
u_51:0.4426826863
u_52:0.4440833806
u_53:0.4440945767
u_54:0.4413153401
u_55:0.4422113009
u_56:0.4501302518
u_57:0.4456845269
u_58:0.4490854989
u_59:0.4409966228
u_60:0.433493105
u_61:0.4248770731
u_62:0.3264277176
u_63:0.3103343244
u_64:0.3054471999
u_65:0.2865611014
u_66:0.2745574621
u_67:0.2709603391
u_68:0.2620742563
u_69:0.2658601395
u_70:0.2711604064
u_71:0.2764100476
u_72:0.2880728673
u_73:0.2972880485
u_74:0.3215856399
u_75:0.3353276837
u_76:0.3915041696
u_77:0.4083754777
u_78:0.4488218658
u_79:0.4977147913
u_80:0.5464976901
u_81:0.5843690692
u_82:0.6319341116
u_83:0.6724206694
u_84:0.6852429439
u_85:0.6983462686
u_86:0.7012791055
u_87:0.7306171581
u_88:0.7344535654
u_89:0.7377869654
u_90:0.7474706197
u_91:0.7489840204
u_92:0.7445277887
u_93:0.7409420219
u_94:0.7240637495
u_95:0.7308871986
u_96:0.717029164
u_97:0.7152868498
u_98:0.6587412791
u_99:0.5452298671
[Objective]
0.010946118
