[Grid]
nodes:100
dt_0:0.02
dt_1:0.02
dt_2:0.02
dt_3:0.02
dt_4:0.02
dt_5:0.02
dt_6:0.02
dt_7:0.02
dt_8:0.02
dt_9:0.02
dt_10:0.02
dt_11:0.02
dt_12:0.02
dt_13:0.02
dt_14:0.02
dt_15:0.02
dt_16:0.02
dt_17:0.02
dt_18:0.02
dt_19:0.02
dt_20:0.02
dt_21:0.02
dt_22:0.02
dt_23:0.02
dt_24:0.02
dt_25:0.02
dt_26:0.02
dt_27:0.02
dt_28:0.02
dt_29:0.02
dt_30:0.02
dt_31:0.02
dt_32:0.02
dt_33:0.02
dt_34:0.02
dt_35:0.02
dt_36:0.02
dt_37:0.02
dt_38:0.02
dt_39:0.02
dt_40:0.02
dt_41:0.02
dt_42:0.02
dt_43:0.02
dt_44:0.02
dt_45:0.02
dt_46:0.02
dt_47:0.02
dt_48:0.02
dt_49:0.02
dt_50:0.02
dt_51:0.02
dt_52:0.02
dt_53:0.02
dt_54:0.02
dt_55:0.02
dt_56:0.02
dt_57:0.02
dt_58:0.02
dt_59:0.02
dt_60:0.02
dt_61:0.02
dt_62:0.02
dt_63:0.02
dt_64:0.02
dt_65:0.02
dt_66:0.02
dt_67:0.02
dt_68:0.02
dt_69:0.02
dt_70:0.02
dt_71:0.02
dt_72:0.02
dt_73:0.02
dt_74:0.02
dt_75:0.02
dt_76:0.02
dt_77:0.02
dt_78:0.02
dt_79:0.02
dt_80:0.02
dt_81:0.02
dt_82:0.02
dt_83:0.02
dt_84:0.02
dt_85:0.02
dt_86:0.02
dt_87:0.02
dt_88:0.02
dt_89:0.02
dt_90:0.02
dt_91:0.02
dt_92:0.02
dt_93:0.02
dt_94:0.02
dt_95:0.02
dt_96:0.02
dt_97:0.02
dt_98:0.02
dt_99:0.02
[Control]
u_0:0.1679973416
u_1:0.4120397129
u_2:0.4683719995
u_3:0.4706583461
u_4:0.4844069452
u_5:0.4995317907
u_6:0.4975528144
u_7:0.5061367951
u_8:0.5126045523
u_9:0.5195678985
u_10:0.5305837015
u_11:0.5354230689
u_12:0.5328412781
u_13:0.5318558793
u_14:0.5238838811
u_15:0.5170488624
u_16:0.5051966653
u_17:0.5014017428
u_18:0.4834447662
u_19:0.4721409085
u_20:0.4711653597
u_21:0.4713079264
u_22:0.4754234661
u_23:0.4709051001
u_24:0.4725700657
u_25:0.4689021809
u_26:0.4783911738
u_27:0.4724722761
u_28:0.4854060831
u_29:0.4822766128
u_30:0.4871309383
u_31:0.4721916712
u_32:0.4690459993
u_33:0.4629377227
u_34:0.4601249506
u_35:0.4614537989
u_36:0.456939381
u_37:0.4589663081
u_38:0.4785312238
u_39:0.4917311072
u_40:0.4914282776
u_41:0.4953093916
u_42:0.5020211169
u_43:0.509154494
u_44:0.5063782203
u_45:0.5056643615
u_46:0.5032771531
u_47:0.4922964268
u_48:0.4586318513
u_49:0.4598026432
u_50:0.4440525235
u_51:0.436011029
u_52:0.432614593
u_53:0.4348318063
u_54:0.444333366
u_55:0.448290896
u_56:0.4474824188
u_57:0.4488805001
u_58:0.4462918334
u_59:0.446988801
u_60:0.4470426752
u_61:0.4265568604
u_62:0.300644476
u_63:0.3028324736
u_64:0.2961203609
u_65:0.2797111476
u_66:0.2804956561
u_67:0.2731804708
u_68:0.277749871
u_69:0.2746023839
u_70:0.2763919599
u_71:0.2781055639
u_72:0.2872315772
u_73:0.2956901702
u_74:0.3332468367
u_75:0.3444061908
u_76:0.3771801263
u_77:0.400042803
u_78:0.4488549032
u_79:0.4975607547
u_80:0.546134262
u_81:0.5945285272
u_82:0.6427262722
u_83:0.6627762009
u_84:0.6917501412
u_85:0.7007528866
u_86:0.7057293563
u_87:0.7241463055
u_88:0.7298691496
u_89:0.7374145027
u_90:0.7465541598
u_91:0.746728686
u_92:0.7441553819
u_93:0.7300466093
u_94:0.7255780486
u_95:0.7278387117
u_96:0.7290534328
u_97:0.7170703
u_98:0.6586136354
u_99:0.5451872264
[Objective]
0.0109478232
