[Grid]
nodes:100
dt_0:0.02
dt_1:0.02
dt_2:0.02
dt_3:0.02
dt_4:0.02
dt_5:0.02
dt_6:0.02
dt_7:0.02
dt_8:0.02
dt_9:0.02
dt_10:0.02
dt_11:0.02
dt_12:0.02
dt_13:0.02
dt_14:0.02
dt_15:0.02
dt_16:0.02
dt_17:0.02
dt_18:0.02
dt_19:0.02
dt_20:0.02
dt_21:0.02
dt_22:0.02
dt_23:0.02
dt_24:0.02
dt_25:0.02
dt_26:0.02
dt_27:0.02
dt_28:0.02
dt_29:0.02
dt_30:0.02
dt_31:0.02
dt_32:0.02
dt_33:0.02
dt_34:0.02
dt_35:0.02
dt_36:0.02
dt_37:0.02
dt_38:0.02
dt_39:0.02
dt_40:0.02
dt_41:0.02
dt_42:0.02
dt_43:0.02
dt_44:0.02
dt_45:0.02
dt_46:0.02
dt_47:0.02
dt_48:0.02
dt_49:0.02
dt_50:0.02
dt_51:0.02
dt_52:0.02
dt_53:0.02
dt_54:0.02
dt_55:0.02
dt_56:0.02
dt_57:0.02
dt_58:0.02
dt_59:0.02
dt_60:0.02
dt_61:0.02
dt_62:0.02
dt_63:0.02
dt_64:0.02
dt_65:0.02
dt_66:0.02
dt_67:0.02
dt_68:0.02
dt_69:0.02
dt_70:0.02
dt_71:0.02
dt_72:0.02
dt_73:0.02
dt_74:0.02
dt_75:0.02
dt_76:0.02
dt_77:0.02
dt_78:0.02
dt_79:0.02
dt_80:0.02
dt_81:0.02
dt_82:0.02
dt_83:0.02
dt_84:0.02
dt_85:0.02
dt_86:0.02
dt_87:0.02
dt_88:0.02
dt_89:0.02
dt_90:0.02
dt_91:0.02
dt_92:0.02
dt_93:0.02
dt_94:0.02
dt_95:0.02
dt_96:0.02
dt_97:0.02
dt_98:0.02
dt_99:0.02
[Control]
u_0:0.1680264428
u_1:0.4120814929
u_2:0.4665526069
u_3:0.4721208562
u_4:0.4845611394
u_5:0.4967953326
u_6:0.5000771969
u_7:0.50211413
u_8:0.514079526
u_9:0.5224139981
u_10:0.5309138423
u_11:0.5409008053
u_12:0.5298341555
u_13:0.5231215572
u_14:0.5236021331
u_15:0.5163417273
u_16:0.5173925182
u_17:0.5009630423
u_18:0.482119415
u_19:0.4742396469
u_20:0.4723219434
u_21:0.4635940494
u_22:0.4780085872
u_23:0.4737374179
u_24:0.4726285312
u_25:0.4735467622
u_26:0.4660540887
u_27:0.4710532945
u_28:0.4822914333
u_29:0.487011553
u_30:0.4894443853
u_31:0.4772528029
u_32:0.4685860497
u_33:0.463640144
u_34:0.4536915586
u_35:0.4561059304
u_36:0.4568282614
u_37:0.4661601998
u_38:0.4811064374
u_39:0.4894733885
u_40:0.4898968823
u_41:0.4986725094
u_42:0.5053936006
u_43:0.502237321
u_44:0.5073990513
u_45:0.5040947158
u_46:0.5084959884
u_47:0.4907695301
u_48:0.4627659842
u_49:0.4535706224
u_50:0.4412528537
u_51:0.4378581798
u_52:0.432855806
u_53:0.4353096069
u_54:0.4425276361
u_55:0.4482036358
u_56:0.4506960286
u_57:0.4500020499
u_58:0.4460706008
u_59:0.4476502272
u_60:0.4448847102
u_61:0.4279339731
u_62:0.3047821828
u_63:0.3016562838
u_64:0.2879499682
u_65:0.2884851223
u_66:0.2786544127
u_67:0.2793091109
u_68:0.2752055755
u_69:0.2741115725
u_70:0.2703671358
u_71:0.2715553113
u_72:0.2876002184
u_73:0.3016847145
u_74:0.3308856893
u_75:0.3411227949
u_76:0.3830357028
u_77:0.3999684177
u_78:0.448814553
u_79:0.4975468946
u_80:0.5461448397
u_81:0.5945650895
u_82:0.6427941791
u_83:0.6616961008
u_84:0.6892519439
u_85:0.6972982327
u_86:0.7094871172
u_87:0.7249355094
u_88:0.7342523501
u_89:0.7399177535
u_90:0.7385317144
u_91:0.7423450756
u_92:0.7491670645
u_93:0.7394857275
u_94:0.7236316338
u_95:0.7231290833
u_96:0.7215816198
u_97:0.7264681037
u_98:0.6585380937
u_99:0.5451620652
[Objective]
0.01094763941
