[Grid]
nodes:100
dt_0:0.02
dt_1:0.02
dt_2:0.02
dt_3:0.02
dt_4:0.02
dt_5:0.02
dt_6:0.02
dt_7:0.02
dt_8:0.02
dt_9:0.02
dt_10:0.02
dt_11:0.02
dt_12:0.02
dt_13:0.02
dt_14:0.02
dt_15:0.02
dt_16:0.02
dt_17:0.02
dt_18:0.02
dt_19:0.02
dt_20:0.02
dt_21:0.02
dt_22:0.02
dt_23:0.02
dt_24:0.02
dt_25:0.02
dt_26:0.02
dt_27:0.02
dt_28:0.02
dt_29:0.02
dt_30:0.02
dt_31:0.02
dt_32:0.02
dt_33:0.02
dt_34:0.02
dt_35:0.02
dt_36:0.02
dt_37:0.02
dt_38:0.02
dt_39:0.02
dt_40:0.02
dt_41:0.02
dt_42:0.02
dt_43:0.02
dt_44:0.02
dt_45:0.02
dt_46:0.02
dt_47:0.02
dt_48:0.02
dt_49:0.02
dt_50:0.02
dt_51:0.02
dt_52:0.02
dt_53:0.02
dt_54:0.02
dt_55:0.02
dt_56:0.02
dt_57:0.02
dt_58:0.02
dt_59:0.02
dt_60:0.02
dt_61:0.02
dt_62:0.02
dt_63:0.02
dt_64:0.02
dt_65:0.02
dt_66:0.02
dt_67:0.02
dt_68:0.02
dt_69:0.02
dt_70:0.02
dt_71:0.02
dt_72:0.02
dt_73:0.02
dt_74:0.02
dt_75:0.02
dt_76:0.02
dt_77:0.02
dt_78:0.02
dt_79:0.02
dt_80:0.02
dt_81:0.02
dt_82:0.02
dt_83:0.02
dt_84:0.02
dt_85:0.02
dt_86:0.02
dt_87:0.02
dt_88:0.02
dt_89:0.02
dt_90:0.02
dt_91:0.02
dt_92:0.02
dt_93:0.02
dt_94:0.02
dt_95:0.02
dt_96:0.02
dt_97:0.02
dt_98:0.02
dt_99:0.02
[Control]
u_0:0.170137371
u_1:0.413382795
u_2:0.4044868201
u_3:0.4486655487
u_4:0.4730766244
u_5:0.4688857376
u_6:0.4992838587
u_7:0.5101367646
u_8:0.5194297156
u_9:0.5402141122
u_10:0.5310289007
u_11:0.5219853164
u_12:0.5462740808
u_13:0.5324902031
u_14:0.5490126043
u_15:0.5491429971
u_16:0.5407041333
u_17:0.5134016763
u_18:0.4882780275
u_19:0.4913066979
u_20:0.4709203158
u_21:0.4656699144
u_22:0.4673316934
u_23:0.4654623406
u_24:0.4768951575
u_25:0.4786259605
u_26:0.4808581446
u_27:0.4663336096
u_28:0.4744007024
u_29:0.4857916538
u_30:0.4903904038
u_31:0.4801447314
u_32:0.4509670776
u_33:0.4470983347
u_34:0.4240251555
u_35:0.4334523583
u_36:0.4505014363
u_37:0.4299400856
u_38:0.462716738
u_39:0.5249426868
u_40:0.5279604612
u_41:0.5163251737
u_42:0.5467355807
u_43:0.525008915
u_44:0.5340698217
u_45:0.5384750676
u_46:0.526846764
u_47:0.4689310383
u_48:0.4624703484
u_49:0.4595535605
u_50:0.4388259492
u_51:0.4436904653
u_52:0.4263706584
u_53:0.4254695952
u_54:0.4250774577
u_55:0.4339220181
u_56:0.4704609805
u_57:0.4629743691
u_58:0.4706225703
u_59:0.4407395688
u_60:0.4157726019
u_61:0.3793282445
u_62:0.3448186529
u_63:0.3193478519
u_64:0.2874800279
u_65:0.283617825
u_66:0.2686863803
u_67:0.2637582113
u_68:0.2569621458
u_69:0.2700736058
u_70:0.2619450978
u_71:0.263444829
u_72:0.2792196074
u_73:0.3215674156
u_74:0.3105198491
u_75:0.3192717284
u_76:0.3752398234
u_77:0.4188441229
u_78:0.4496003383
u_79:0.498541973
u_80:0.5474954967
u_81:0.578290154
u_82:0.6219693333
u_83:0.6419555279
u_84:0.6688757073
u_85:0.7152608931
u_86:0.7191279004
u_87:0.7077857162
u_88:0.7471683625
u_89:0.7820025461
u_90:0.7603109046
u_91:0.7639371683
u_92:0.7592214363
u_93:0.7403506774
u_94:0.7051331409
u_95:0.713913822
u_96:0.7167631861
u_97:0.6343400231
u_98:0.6362498488
u_99:0.5461349061
[Objective]
0.01092865847
