[Grid]
nodes:100
dt_0:0.02
dt_1:0.02
dt_2:0.02
dt_3:0.02
dt_4:0.02
dt_5:0.02
dt_6:0.02
dt_7:0.02
dt_8:0.02
dt_9:0.02
dt_10:0.02
dt_11:0.02
dt_12:0.02
dt_13:0.02
dt_14:0.02
dt_15:0.02
dt_16:0.02
dt_17:0.02
dt_18:0.02
dt_19:0.02
dt_20:0.02
dt_21:0.02
dt_22:0.02
dt_23:0.02
dt_24:0.02
dt_25:0.02
dt_26:0.02
dt_27:0.02
dt_28:0.02
dt_29:0.02
dt_30:0.02
dt_31:0.02
dt_32:0.02
dt_33:0.02
dt_34:0.02
dt_35:0.02
dt_36:0.02
dt_37:0.02
dt_38:0.02
dt_39:0.02
dt_40:0.02
dt_41:0.02
dt_42:0.02
dt_43:0.02
dt_44:0.02
dt_45:0.02
dt_46:0.02
dt_47:0.02
dt_48:0.02
dt_49:0.02
dt_50:0.02
dt_51:0.02
dt_52:0.02
dt_53:0.02
dt_54:0.02
dt_55:0.02
dt_56:0.02
dt_57:0.02
dt_58:0.02
dt_59:0.02
dt_60:0.02
dt_61:0.02
dt_62:0.02
dt_63:0.02
dt_64:0.02
dt_65:0.02
dt_66:0.02
dt_67:0.02
dt_68:0.02
dt_69:0.02
dt_70:0.02
dt_71:0.02
dt_72:0.02
dt_73:0.02
dt_74:0.02
dt_75:0.02
dt_76:0.02
dt_77:0.02
dt_78:0.02
dt_79:0.02
dt_80:0.02
dt_81:0.02
dt_82:0.02
dt_83:0.02
dt_84:0.02
dt_85:0.02
dt_86:0.02
dt_87:0.02
dt_88:0.02
dt_89:0.02
dt_90:0.02
dt_91:0.02
dt_92:0.02
dt_93:0.02
dt_94:0.02
dt_95:0.02
dt_96:0.02
dt_97:0.02
dt_98:0.02
dt_99:0.02
[Control]
u_0:0.1683861439
u_1:0.4125960351
u_2:0.4617390054
u_3:0.4702012035
u_4:0.4775484712
u_5:0.4853357313
u_6:0.4932671458
u_7:0.4926482596
u_8:0.5124780367
u_9:0.5235938137
u_10:0.5379152545
u_11:0.5409794826
u_12:0.5433741284
u_13:0.5368858915
u_14:0.5323973292
u_15:0.5364771477
u_16:0.5295091873
u_17:0.5141561248
u_18:0.4864260137
u_19:0.4775667589
u_20:0.4647774791
u_21:0.462849201
u_22:0.4632041612
u_23:0.4554306525
u_24:0.4670618807
u_25:0.4602722609
u_26:0.4688387581
u_27:0.468132195
u_28:0.4806856091
u_29:0.4794723137
u_30:0.4893804733
u_31:0.4938491548
u_32:0.4736214884
u_33:0.4589221527
u_34:0.4547000309
u_35:0.4568704725
u_36:0.4433976397
u_37:0.4661503998
u_38:0.4772950312
u_39:0.4972616066
u_40:0.5006741761
u_41:0.502544818
u_42:0.5084749497
u_43:0.4996051806
u_44:0.5092340438
u_45:0.5085122749
u_46:0.5025411259
u_47:0.4800488378
u_48:0.4585635381
u_49:0.4527223306
u_50:0.4412791904
u_51:0.4525011544
u_52:0.4464605517
u_53:0.4516277186
u_54:0.4440316666
u_55:0.4497087374
u_56:0.4492276766
u_57:0.4421207197
u_58:0.4416424539
u_59:0.43315932
u_60:0.4306856237
u_61:0.4125532923
u_62:0.3411232738
u_63:0.3324747278
u_64:0.2932467064
u_65:0.2700001143
u_66:0.2633539354
u_67:0.269177678
u_68:0.2615605613
u_69:0.264812872
u_70:0.2699862749
u_71:0.2778029208
u_72:0.2962426165
u_73:0.2959852929
u_74:0.3388572359
u_75:0.3593497957
u_76:0.3569847716
u_77:0.4005838271
u_78:0.4494419214
u_79:0.4982819202
u_80:0.5470992143
u_81:0.5576948636
u_82:0.646751224
u_83:0.6734837712
u_84:0.6897386471
u_85:0.6957004892
u_86:0.7172803336
u_87:0.7223645514
u_88:0.737296749
u_89:0.7395498755
u_90:0.7492900219
u_91:0.751888149
u_92:0.7465864659
u_93:0.7388175691
u_94:0.7236718037
u_95:0.7307114795
u_96:0.7198101208
u_97:0.7062013116
u_98:0.6588860349
u_99:0.5452778978
[Objective]
0.01094448437
