[Grid]
nodes:100
dt_0:0.02
dt_1:0.02
dt_2:0.02
dt_3:0.02
dt_4:0.02
dt_5:0.02
dt_6:0.02
dt_7:0.02
dt_8:0.02
dt_9:0.02
dt_10:0.02
dt_11:0.02
dt_12:0.02
dt_13:0.02
dt_14:0.02
dt_15:0.02
dt_16:0.02
dt_17:0.02
dt_18:0.02
dt_19:0.02
dt_20:0.02
dt_21:0.02
dt_22:0.02
dt_23:0.02
dt_24:0.02
dt_25:0.02
dt_26:0.02
dt_27:0.02
dt_28:0.02
dt_29:0.02
dt_30:0.02
dt_31:0.02
dt_32:0.02
dt_33:0.02
dt_34:0.02
dt_35:0.02
dt_36:0.02
dt_37:0.02
dt_38:0.02
dt_39:0.02
dt_40:0.02
dt_41:0.02
dt_42:0.02
dt_43:0.02
dt_44:0.02
dt_45:0.02
dt_46:0.02
dt_47:0.02
dt_48:0.02
dt_49:0.02
dt_50:0.02
dt_51:0.02
dt_52:0.02
dt_53:0.02
dt_54:0.02
dt_55:0.02
dt_56:0.02
dt_57:0.02
dt_58:0.02
dt_59:0.02
dt_60:0.02
dt_61:0.02
dt_62:0.02
dt_63:0.02
dt_64:0.02
dt_65:0.02
dt_66:0.02
dt_67:0.02
dt_68:0.02
dt_69:0.02
dt_70:0.02
dt_71:0.02
dt_72:0.02
dt_73:0.02
dt_74:0.02
dt_75:0.02
dt_76:0.02
dt_77:0.02
dt_78:0.02
dt_79:0.02
dt_80:0.02
dt_81:0.02
dt_82:0.02
dt_83:0.02
dt_84:0.02
dt_85:0.02
dt_86:0.02
dt_87:0.02
dt_88:0.02
dt_89:0.02
dt_90:0.02
dt_91:0.02
dt_92:0.02
dt_93:0.02
dt_94:0.02
dt_95:0.02
dt_96:0.02
dt_97:0.02
dt_98:0.02
dt_99:0.02
[Control]
u_0:0.09468430161
u_1:0.2223040898
u_2:0.3275644192
u_3:0.4616861058
u_4:0.4584590757
u_5:0.5392554973
u_6:0.6077148499
u_7:0.6207336056
u_8:0.6145269305
u_9:0.5635940739
u_10:0.5864170148
u_11:0.5630685242
u_12:0.574621506
u_13:0.6377143854
u_14:0.5906974855
u_15:0.6151605114
u_16:0.6014193218
u_17:0.5290735129
u_18:0.4031012604
u_19:0.3687289092
u_20:0.3625971863
u_21:0.386896934
u_22:0.4461081554
u_23:0.4746044587
u_24:0.4804693138
u_25:0.520409096
u_26:0.4652559456
u_27:0.5234698904
u_28:0.5415010028
u_29:0.502872539
u_30:0.4851240197
u_31:0.5043741319
u_32:0.4064189519
u_33:0.4372923549
u_34:0.4412870434
u_35:0.4313176406
u_36:0.4192973009
u_37:0.4402671737
u_38:0.4565669669
u_39:0.4556577544
u_40:0.5134837094
u_41:0.5663437578
u_42:0.5612584255
u_43:0.5704460881
u_44:0.5818942269
u_45:0.5604917166
u_46:0.5438460637
u_47:0.5444532151
u_48:0.4863303018
u_49:0.4331391488
u_50:0.4378147619
u_51:0.4280848946
u_52:0.3615559576
u_53:0.4577564185
u_54:0.4247487889
u_55:0.4970310699
u_56:0.4959868578
u_57:0.4430673261
u_58:0.4617987069
u_59:0.5201717393
u_60:0.45509875
u_61:0.4645756
u_62:0.4580990767
u_63:0.3663558992
u_64:0.3633851551
u_65:0.3224694882
u_66:0.2766791443
u_67:0.1425519099
u_68:0.1278757078
u_69:0.1299792885
u_70:0.1115351237
u_71:0.1488742592
u_72:0.1878739711
u_73:0.2285629007
u_74:0.2708463775
u_75:0.3145470791
u_76:0.3594316462
u_77:0.4052288954
u_78:0.4516426937
u_79:0.4983614166
u_80:0.5450653357
u_81:0.5914329606
u_82:0.637147223
u_83:0.6819023784
u_84:0.7254126268
u_85:0.7674237546
u_86:0.8077296688
u_87:0.846196834
u_88:0.8828022138
u_89:0.8633553193
u_90:0.8640995209
u_91:0.8475952467
u_92:0.7110289806
u_93:0.7163473181
u_94:0.6496993126
u_95:0.7080534394
u_96:0.6192713127
u_97:0.6690264473
u_98:0.6086885273
u_99:0.5466612442
[Objective]
0.01087128294
