[Grid]
nodes:100
dt_0:0.02
dt_1:0.02
dt_2:0.02
dt_3:0.02
dt_4:0.02
dt_5:0.02
dt_6:0.02
dt_7:0.02
dt_8:0.02
dt_9:0.02
dt_10:0.02
dt_11:0.02
dt_12:0.02
dt_13:0.02
dt_14:0.02
dt_15:0.02
dt_16:0.02
dt_17:0.02
dt_18:0.02
dt_19:0.02
dt_20:0.02
dt_21:0.02
dt_22:0.02
dt_23:0.02
dt_24:0.02
dt_25:0.02
dt_26:0.02
dt_27:0.02
dt_28:0.02
dt_29:0.02
dt_30:0.02
dt_31:0.02
dt_32:0.02
dt_33:0.02
dt_34:0.02
dt_35:0.02
dt_36:0.02
dt_37:0.02
dt_38:0.02
dt_39:0.02
dt_40:0.02
dt_41:0.02
dt_42:0.02
dt_43:0.02
dt_44:0.02
dt_45:0.02
dt_46:0.02
dt_47:0.02
dt_48:0.02
dt_49:0.02
dt_50:0.02
dt_51:0.02
dt_52:0.02
dt_53:0.02
dt_54:0.02
dt_55:0.02
dt_56:0.02
dt_57:0.02
dt_58:0.02
dt_59:0.02
dt_60:0.02
dt_61:0.02
dt_62:0.02
dt_63:0.02
dt_64:0.02
dt_65:0.02
dt_66:0.02
dt_67:0.02
dt_68:0.02
dt_69:0.02
dt_70:0.02
dt_71:0.02
dt_72:0.02
dt_73:0.02
dt_74:0.02
dt_75:0.02
dt_76:0.02
dt_77:0.02
dt_78:0.02
dt_79:0.02
dt_80:0.02
dt_81:0.02
dt_82:0.02
dt_83:0.02
dt_84:0.02
dt_85:0.02
dt_86:0.02
dt_87:0.02
dt_88:0.02
dt_89:0.02
dt_90:0.02
dt_91:0.02
dt_92:0.02
dt_93:0.02
dt_94:0.02
dt_95:0.02
dt_96:0.02
dt_97:0.02
dt_98:0.02
dt_99:0.02
[Control]
u_0:0.1704970217
u_1:0.3823182382
u_2:0.4314467066
u_3:0.4567436015
u_4:0.4529261472
u_5:0.4852260399
u_6:0.4887158335
u_7:0.5246416359
u_8:0.5244568848
u_9:0.5180693087
u_10:0.549185004
u_11:0.5409150562
u_12:0.5398395866
u_13:0.5282815103
u_14:0.5409410095
u_15:0.5441238981
u_16:0.5425254477
u_17:0.5056626071
u_18:0.4952071879
u_19:0.4932739572
u_20:0.4589857275
u_21:0.450381662
u_22:0.4783717964
u_23:0.4798573667
u_24:0.4880063782
u_25:0.4752567711
u_26:0.4610231246
u_27:0.4744060887
u_28:0.4862646283
u_29:0.4857775283
u_30:0.4857242049
u_31:0.460496463
u_32:0.4490472172
u_33:0.4545120766
u_34:0.4292412965
u_35:0.435982206
u_36:0.4493162563
u_37:0.4566381636
u_38:0.4518572805
u_39:0.5142381482
u_40:0.5291760975
u_41:0.5334883955
u_42:0.5230018198
u_43:0.5324496303
u_44:0.5399070609
u_45:0.524113501
u_46:0.5167244896
u_47:0.4893373794
u_48:0.4699714662
u_49:0.4392799505
u_50:0.4347217395
u_51:0.446118027
u_52:0.4350449154
u_53:0.4270451864
u_54:0.4129139855
u_55:0.4367242713
u_56:0.4754489139
u_57:0.465053422
u_58:0.4505749151
u_59:0.4422602382
u_60:0.4392266078
u_61:0.3791517453
u_62:0.3516446541
u_63:0.3180622761
u_64:0.2976933101
u_65:0.2753075145
u_66:0.2861412018
u_67:0.2610003554
u_68:0.245605589
u_69:0.2538891131
u_70:0.2574058961
u_71:0.2716196257
u_72:0.2847190839
u_73:0.3055453733
u_74:0.330726772
u_75:0.3186628895
u_76:0.364636265
u_77:0.4157319327
u_78:0.4496955786
u_79:0.4985009385
u_80:0.547312195
u_81:0.5812953871
u_82:0.6324311653
u_83:0.6434112752
u_84:0.6617328194
u_85:0.7028244502
u_86:0.7248836647
u_87:0.7361474616
u_88:0.7448706367
u_89:0.7785014704
u_90:0.7527799422
u_91:0.7482192151
u_92:0.769700196
u_93:0.7367790581
u_94:0.7267348608
u_95:0.7180023923
u_96:0.6774768807
u_97:0.6629181511
u_98:0.6206114143
u_99:0.5496217389
[Objective]
0.0109297461
