[Grid]
nodes:100
dt_0:0.02
dt_1:0.02
dt_2:0.02
dt_3:0.02
dt_4:0.02
dt_5:0.02
dt_6:0.02
dt_7:0.02
dt_8:0.02
dt_9:0.02
dt_10:0.02
dt_11:0.02
dt_12:0.02
dt_13:0.02
dt_14:0.02
dt_15:0.02
dt_16:0.02
dt_17:0.02
dt_18:0.02
dt_19:0.02
dt_20:0.02
dt_21:0.02
dt_22:0.02
dt_23:0.02
dt_24:0.02
dt_25:0.02
dt_26:0.02
dt_27:0.02
dt_28:0.02
dt_29:0.02
dt_30:0.02
dt_31:0.02
dt_32:0.02
dt_33:0.02
dt_34:0.02
dt_35:0.02
dt_36:0.02
dt_37:0.02
dt_38:0.02
dt_39:0.02
dt_40:0.02
dt_41:0.02
dt_42:0.02
dt_43:0.02
dt_44:0.02
dt_45:0.02
dt_46:0.02
dt_47:0.02
dt_48:0.02
dt_49:0.02
dt_50:0.02
dt_51:0.02
dt_52:0.02
dt_53:0.02
dt_54:0.02
dt_55:0.02
dt_56:0.02
dt_57:0.02
dt_58:0.02
dt_59:0.02
dt_60:0.02
dt_61:0.02
dt_62:0.02
dt_63:0.02
dt_64:0.02
dt_65:0.02
dt_66:0.02
dt_67:0.02
dt_68:0.02
dt_69:0.02
dt_70:0.02
dt_71:0.02
dt_72:0.02
dt_73:0.02
dt_74:0.02
dt_75:0.02
dt_76:0.02
dt_77:0.02
dt_78:0.02
dt_79:0.02
dt_80:0.02
dt_81:0.02
dt_82:0.02
dt_83:0.02
dt_84:0.02
dt_85:0.02
dt_86:0.02
dt_87:0.02
dt_88:0.02
dt_89:0.02
dt_90:0.02
dt_91:0.02
dt_92:0.02
dt_93:0.02
dt_94:0.02
dt_95:0.02
dt_96:0.02
dt_97:0.02
dt_98:0.02
dt_99:0.02
[Control]
u_0:0.1706957293
u_1:0.3827374372
u_2:0.3794284325
u_3:0.4910076498
u_4:0.493934702
u_5:0.4916795878
u_6:0.4772738164
u_7:0.5137850305
u_8:0.5101386505
u_9:0.5341395026
u_10:0.5487748764
u_11:0.554880232
u_12:0.5542283316
u_13:0.54887328
u_14:0.5120034457
u_15:0.5316696851
u_16:0.5312198461
u_17:0.4963741431
u_18:0.4859416641
u_19:0.4491233801
u_20:0.4648396751
u_21:0.4812885097
u_22:0.4554015497
u_23:0.4836366975
u_24:0.4879337302
u_25:0.4979768935
u_26:0.4825979356
u_27:0.4763752857
u_28:0.4835139473
u_29:0.4763775819
u_30:0.4707248184
u_31:0.4563916796
u_32:0.4726098935
u_33:0.4557040752
u_34:0.4351950985
u_35:0.4417551585
u_36:0.4647491153
u_37:0.4407255876
u_38:0.4679472785
u_39:0.5245627776
u_40:0.5281348401
u_41:0.5152772228
u_42:0.5056163897
u_43:0.5178967935
u_44:0.5179842219
u_45:0.5292268949
u_46:0.5102581472
u_47:0.5009507469
u_48:0.4571145225
u_49:0.4608884829
u_50:0.4429228368
u_51:0.4341034711
u_52:0.4200161858
u_53:0.4009173198
u_54:0.4385030716
u_55:0.4564516998
u_56:0.4351999849
u_57:0.4355505231
u_58:0.4581601981
u_59:0.4330629409
u_60:0.4681550814
u_61:0.4210385153
u_62:0.378646776
u_63:0.3087715129
u_64:0.3045846518
u_65:0.2954911363
u_66:0.274751312
u_67:0.2650350185
u_68:0.2530010029
u_69:0.2371617856
u_70:0.2483601161
u_71:0.27340516
u_72:0.2985357361
u_73:0.3104582452
u_74:0.3190752715
u_75:0.3468175231
u_76:0.3374967122
u_77:0.3998931307
u_78:0.4500106879
u_79:0.498421468
u_80:0.546826449
u_81:0.5969265523
u_82:0.6592944232
u_83:0.6296690191
u_84:0.6672970908
u_85:0.6726090978
u_86:0.7355903578
u_87:0.766708408
u_88:0.7409828079
u_89:0.756330886
u_90:0.7556130576
u_91:0.7575613659
u_92:0.7506625745
u_93:0.7173533677
u_94:0.6981553464
u_95:0.7007548596
u_96:0.7035171026
u_97:0.6869479204
u_98:0.6456679668
u_99:0.5458461821
[Objective]
0.0109333841
