[Grid]
nodes:100
dt_0:0.02
dt_1:0.02
dt_2:0.02
dt_3:0.02
dt_4:0.02
dt_5:0.02
dt_6:0.02
dt_7:0.02
dt_8:0.02
dt_9:0.02
dt_10:0.02
dt_11:0.02
dt_12:0.02
dt_13:0.02
dt_14:0.02
dt_15:0.02
dt_16:0.02
dt_17:0.02
dt_18:0.02
dt_19:0.02
dt_20:0.02
dt_21:0.02
dt_22:0.02
dt_23:0.02
dt_24:0.02
dt_25:0.02
dt_26:0.02
dt_27:0.02
dt_28:0.02
dt_29:0.02
dt_30:0.02
dt_31:0.02
dt_32:0.02
dt_33:0.02
dt_34:0.02
dt_35:0.02
dt_36:0.02
dt_37:0.02
dt_38:0.02
dt_39:0.02
dt_40:0.02
dt_41:0.02
dt_42:0.02
dt_43:0.02
dt_44:0.02
dt_45:0.02
dt_46:0.02
dt_47:0.02
dt_48:0.02
dt_49:0.02
dt_50:0.02
dt_51:0.02
dt_52:0.02
dt_53:0.02
dt_54:0.02
dt_55:0.02
dt_56:0.02
dt_57:0.02
dt_58:0.02
dt_59:0.02
dt_60:0.02
dt_61:0.02
dt_62:0.02
dt_63:0.02
dt_64:0.02
dt_65:0.02
dt_66:0.02
dt_67:0.02
dt_68:0.02
dt_69:0.02
dt_70:0.02
dt_71:0.02
dt_72:0.02
dt_73:0.02
dt_74:0.02
dt_75:0.02
dt_76:0.02
dt_77:0.02
dt_78:0.02
dt_79:0.02
dt_80:0.02
dt_81:0.02
dt_82:0.02
dt_83:0.02
dt_84:0.02
dt_85:0.02
dt_86:0.02
dt_87:0.02
dt_88:0.02
dt_89:0.02
dt_90:0.02
dt_91:0.02
dt_92:0.02
dt_93:0.02
dt_94:0.02
dt_95:0.02
dt_96:0.02
dt_97:0.02
dt_98:0.02
dt_99:0.02
[Control]
u_0:0.1722713307
u_1:0.3583685961
u_2:0.3944576248
u_3:0.423460249
u_4:0.4594883037
u_5:0.5174924552
u_6:0.5246534861
u_7:0.5185309224
u_8:0.4963785008
u_9:0.5120815766
u_10:0.5144167697
u_11:0.5628036816
u_12:0.5563762469
u_13:0.579864865
u_14:0.5547916845
u_15:0.5650155811
u_16:0.550635651
u_17:0.5072660673
u_18:0.5014008112
u_19:0.4628137467
u_20:0.4722695193
u_21:0.4562897457
u_22:0.4640781802
u_23:0.4711789563
u_24:0.4790935586
u_25:0.4591001364
u_26:0.4833630391
u_27:0.4678655192
u_28:0.4873504454
u_29:0.494123872
u_30:0.4696600574
u_31:0.4526400192
u_32:0.4435416658
u_33:0.4370595317
u_34:0.4420843601
u_35:0.4426337074
u_36:0.4580584866
u_37:0.45751259
u_38:0.481044861
u_39:0.4970789134
u_40:0.5076939962
u_41:0.5112466672
u_42:0.5348528285
u_43:0.5399369135
u_44:0.5444808811
u_45:0.5344283623
u_46:0.5247907085
u_47:0.5278512862
u_48:0.4559618682
u_49:0.4559271282
u_50:0.4266309816
u_51:0.4407345397
u_52:0.4221647151
u_53:0.4599625832
u_54:0.4498293804
u_55:0.4511849402
u_56:0.4599108488
u_57:0.4559651942
u_58:0.4434790196
u_59:0.4588078933
u_60:0.3990741649
u_61:0.3996323659
u_62:0.3509004099
u_63:0.3371140947
u_64:0.3050452818
u_65:0.2829428706
u_66:0.2780247757
u_67:0.2476811406
u_68:0.2247184653
u_69:0.2486632637
u_70:0.2511216027
u_71:0.253127214
u_72:0.2536596424
u_73:0.2792010377
u_74:0.3097781944
u_75:0.3378965566
u_76:0.3845140216
u_77:0.4197546432
u_78:0.4495665228
u_79:0.4983880848
u_80:0.5471987321
u_81:0.5769767108
u_82:0.6121569571
u_83:0.6586817882
u_84:0.6866677048
u_85:0.6989231628
u_86:0.7317315557
u_87:0.7444831992
u_88:0.7654389484
u_89:0.7648191286
u_90:0.775785498
u_91:0.7502197205
u_92:0.787500747
u_93:0.7436527328
u_94:0.7121916519
u_95:0.7090557259
u_96:0.7110537277
u_97:0.661244393
u_98:0.5798894436
u_99:0.5276748948
[Objective]
0.01092193848
