[Grid]
nodes:100
dt_0:0.02
dt_1:0.02
dt_2:0.02
dt_3:0.02
dt_4:0.02
dt_5:0.02
dt_6:0.02
dt_7:0.02
dt_8:0.02
dt_9:0.02
dt_10:0.02
dt_11:0.02
dt_12:0.02
dt_13:0.02
dt_14:0.02
dt_15:0.02
dt_16:0.02
dt_17:0.02
dt_18:0.02
dt_19:0.02
dt_20:0.02
dt_21:0.02
dt_22:0.02
dt_23:0.02
dt_24:0.02
dt_25:0.02
dt_26:0.02
dt_27:0.02
dt_28:0.02
dt_29:0.02
dt_30:0.02
dt_31:0.02
dt_32:0.02
dt_33:0.02
dt_34:0.02
dt_35:0.02
dt_36:0.02
dt_37:0.02
dt_38:0.02
dt_39:0.02
dt_40:0.02
dt_41:0.02
dt_42:0.02
dt_43:0.02
dt_44:0.02
dt_45:0.02
dt_46:0.02
dt_47:0.02
dt_48:0.02
dt_49:0.02
dt_50:0.02
dt_51:0.02
dt_52:0.02
dt_53:0.02
dt_54:0.02
dt_55:0.02
dt_56:0.02
dt_57:0.02
dt_58:0.02
dt_59:0.02
dt_60:0.02
dt_61:0.02
dt_62:0.02
dt_63:0.02
dt_64:0.02
dt_65:0.02
dt_66:0.02
dt_67:0.02
dt_68:0.02
dt_69:0.02
dt_70:0.02
dt_71:0.02
dt_72:0.02
dt_73:0.02
dt_74:0.02
dt_75:0.02
dt_76:0.02
dt_77:0.02
dt_78:0.02
dt_79:0.02
dt_80:0.02
dt_81:0.02
dt_82:0.02
dt_83:0.02
dt_84:0.02
dt_85:0.02
dt_86:0.02
dt_87:0.02
dt_88:0.02
dt_89:0.02
dt_90:0.02
dt_91:0.02
dt_92:0.02
dt_93:0.02
dt_94:0.02
dt_95:0.02
dt_96:0.02
dt_97:0.02
dt_98:0.02
dt_99:0.02
[Control]
u_0:0.144140326
u_1:0.2672123397
u_2:0.3806463234
u_3:0.4251077538
u_4:0.4353079867
u_5:0.5034971042
u_6:0.4668086177
u_7:0.552345747
u_8:0.5446911431
u_9:0.575976166
u_10:0.5799274191
u_11:0.6110034843
u_12:0.5742587218
u_13:0.5858296911
u_14:0.5724456841
u_15:0.5799311687
u_16:0.5551739765
u_17:0.5352306604
u_18:0.4714818884
u_19:0.4701711139
u_20:0.4395760002
u_21:0.4281375726
u_22:0.4679104105
u_23:0.4199399569
u_24:0.4425019981
u_25:0.442368474
u_26:0.4560652154
u_27:0.5092192782
u_28:0.4917821747
u_29:0.4791268702
u_30:0.5233623935
u_31:0.4927365702
u_32:0.4495133421
u_33:0.4388113422
u_34:0.4621889726
u_35:0.4478060566
u_36:0.4676168606
u_37:0.4509365029
u_38:0.4560168377
u_39:0.5081856184
u_40:0.4993479275
u_41:0.5261126529
u_42:0.4999696307
u_43:0.5172739033
u_44:0.5365996388
u_45:0.5724054845
u_46:0.5071151035
u_47:0.4950026543
u_48:0.4633842611
u_49:0.4920578825
u_50:0.4641787426
u_51:0.4760074463
u_52:0.4702831849
u_53:0.412587158
u_54:0.4034376984
u_55:0.4495399371
u_56:0.4765948519
u_57:0.4425769292
u_58:0.4661153444
u_59:0.449817579
u_60:0.4663910539
u_61:0.452425324
u_62:0.424906097
u_63:0.3110453619
u_64:0.2638194833
u_65:0.2954429163
u_66:0.2165050379
u_67:0.2289173897
u_68:0.2090428159
u_69:0.2113944837
u_70:0.2469187205
u_71:0.2570907973
u_72:0.2603950346
u_73:0.2397653845
u_74:0.3227404683
u_75:0.3086108043
u_76:0.355609393
u_77:0.4029549248
u_78:0.4505832565
u_79:0.4983615554
u_80:0.5461250589
u_81:0.5937072472
u_82:0.6409698641
u_83:0.6878392176
u_84:0.6735195677
u_85:0.756223626
u_86:0.7352149234
u_87:0.7176562939
u_88:0.7490270585
u_89:0.7739611903
u_90:0.8254136255
u_91:0.8215920321
u_92:0.7799526012
u_93:0.7434911966
u_94:0.7016785576
u_95:0.67896771
u_96:0.7123735328
u_97:0.6820190826
u_98:0.5820497271
u_99:0.4483917079
[Objective]
0.0109033349
