[Grid]
nodes:100
dt_0:0.02
dt_1:0.02
dt_2:0.02
dt_3:0.02
dt_4:0.02
dt_5:0.02
dt_6:0.02
dt_7:0.02
dt_8:0.02
dt_9:0.02
dt_10:0.02
dt_11:0.02
dt_12:0.02
dt_13:0.02
dt_14:0.02
dt_15:0.02
dt_16:0.02
dt_17:0.02
dt_18:0.02
dt_19:0.02
dt_20:0.02
dt_21:0.02
dt_22:0.02
dt_23:0.02
dt_24:0.02
dt_25:0.02
dt_26:0.02
dt_27:0.02
dt_28:0.02
dt_29:0.02
dt_30:0.02
dt_31:0.02
dt_32:0.02
dt_33:0.02
dt_34:0.02
dt_35:0.02
dt_36:0.02
dt_37:0.02
dt_38:0.02
dt_39:0.02
dt_40:0.02
dt_41:0.02
dt_42:0.02
dt_43:0.02
dt_44:0.02
dt_45:0.02
dt_46:0.02
dt_47:0.02
dt_48:0.02
dt_49:0.02
dt_50:0.02
dt_51:0.02
dt_52:0.02
dt_53:0.02
dt_54:0.02
dt_55:0.02
dt_56:0.02
dt_57:0.02
dt_58:0.02
dt_59:0.02
dt_60:0.02
dt_61:0.02
dt_62:0.02
dt_63:0.02
dt_64:0.02
dt_65:0.02
dt_66:0.02
dt_67:0.02
dt_68:0.02
dt_69:0.02
dt_70:0.02
dt_71:0.02
dt_72:0.02
dt_73:0.02
dt_74:0.02
dt_75:0.02
dt_76:0.02
dt_77:0.02
dt_78:0.02
dt_79:0.02
dt_80:0.02
dt_81:0.02
dt_82:0.02
dt_83:0.02
dt_84:0.02
dt_85:0.02
dt_86:0.02
dt_87:0.02
dt_88:0.02
dt_89:0.02
dt_90:0.02
dt_91:0.02
dt_92:0.02
dt_93:0.02
dt_94:0.02
dt_95:0.02
dt_96:0.02
dt_97:0.02
dt_98:0.02
dt_99:0.02
[Control]
u_0:0.1702380676
u_1:0.4167905637
u_2:0.4123403732
u_3:0.4160057659
u_4:0.4816580891
u_5:0.4807867884
u_6:0.4808730705
u_7:0.5241816751
u_8:0.5154886583
u_9:0.5399718561
u_10:0.5310078323
u_11:0.5244861092
u_12:0.5358746345
u_13:0.5554266891
u_14:0.5530764137
u_15:0.5466052195
u_16:0.5563387698
u_17:0.5123742071
u_18:0.4913409149
u_19:0.4843949269
u_20:0.4793556456
u_21:0.451546609
u_22:0.4563143994
u_23:0.4778421889
u_24:0.4864519066
u_25:0.474574004
u_26:0.4670759326
u_27:0.4696596806
u_28:0.4853863626
u_29:0.4805240088
u_30:0.479046506
u_31:0.4848350426
u_32:0.455710368
u_33:0.4342925844
u_34:0.4302412951
u_35:0.4322587293
u_36:0.4552770505
u_37:0.4437479176
u_38:0.4419757708
u_39:0.5208553908
u_40:0.5356711046
u_41:0.5275504244
u_42:0.5175036017
u_43:0.5386519043
u_44:0.542397059
u_45:0.5477341222
u_46:0.5084807704
u_47:0.4899650988
u_48:0.4694405158
u_49:0.4593963631
u_50:0.440819724
u_51:0.4151771437
u_52:0.4455009735
u_53:0.4195937036
u_54:0.4237215739
u_55:0.4559453531
u_56:0.4737044134
u_57:0.4612562285
u_58:0.4542540188
u_59:0.4329639069
u_60:0.4371543159
u_61:0.3601176664
u_62:0.3499093045
u_63:0.3311823105
u_64:0.2905952591
u_65:0.274040335
u_66:0.2756301971
u_67:0.240403364
u_68:0.2739463194
u_69:0.2701152786
u_70:0.2576462566
u_71:0.2567812035
u_72:0.2657421739
u_73:0.3072041639
u_74:0.3077232513
u_75:0.3263872542
u_76:0.41109737
u_77:0.3892488126
u_78:0.4497576555
u_79:0.4985524261
u_80:0.5473605203
u_81:0.6079121872
u_82:0.5861458841
u_83:0.6437868899
u_84:0.6703658003
u_85:0.7173276633
u_86:0.7186948522
u_87:0.7292694539
u_88:0.7460477267
u_89:0.7693891297
u_90:0.7617597763
u_91:0.7632226061
u_92:0.7815557766
u_93:0.7115335612
u_94:0.7311724218
u_95:0.7292522169
u_96:0.7090391736
u_97:0.6414974175
u_98:0.6031141172
u_99:0.5579999417
[Objective]
0.01092737712
