[Grid]
nodes:100
dt_0:0.02
dt_1:0.02
dt_2:0.02
dt_3:0.02
dt_4:0.02
dt_5:0.02
dt_6:0.02
dt_7:0.02
dt_8:0.02
dt_9:0.02
dt_10:0.02
dt_11:0.02
dt_12:0.02
dt_13:0.02
dt_14:0.02
dt_15:0.02
dt_16:0.02
dt_17:0.02
dt_18:0.02
dt_19:0.02
dt_20:0.02
dt_21:0.02
dt_22:0.02
dt_23:0.02
dt_24:0.02
dt_25:0.02
dt_26:0.02
dt_27:0.02
dt_28:0.02
dt_29:0.02
dt_30:0.02
dt_31:0.02
dt_32:0.02
dt_33:0.02
dt_34:0.02
dt_35:0.02
dt_36:0.02
dt_37:0.02
dt_38:0.02
dt_39:0.02
dt_40:0.02
dt_41:0.02
dt_42:0.02
dt_43:0.02
dt_44:0.02
dt_45:0.02
dt_46:0.02
dt_47:0.02
dt_48:0.02
dt_49:0.02
dt_50:0.02
dt_51:0.02
dt_52:0.02
dt_53:0.02
dt_54:0.02
dt_55:0.02
dt_56:0.02
dt_57:0.02
dt_58:0.02
dt_59:0.02
dt_60:0.02
dt_61:0.02
dt_62:0.02
dt_63:0.02
dt_64:0.02
dt_65:0.02
dt_66:0.02
dt_67:0.02
dt_68:0.02
dt_69:0.02
dt_70:0.02
dt_71:0.02
dt_72:0.02
dt_73:0.02
dt_74:0.02
dt_75:0.02
dt_76:0.02
dt_77:0.02
dt_78:0.02
dt_79:0.02
dt_80:0.02
dt_81:0.02
dt_82:0.02
dt_83:0.02
dt_84:0.02
dt_85:0.02
dt_86:0.02
dt_87:0.02
dt_88:0.02
dt_89:0.02
dt_90:0.02
dt_91:0.02
dt_92:0.02
dt_93:0.02
dt_94:0.02
dt_95:0.02
dt_96:0.02
dt_97:0.02
dt_98:0.02
dt_99:0.02
[Control]
u_0:0.1681143479
u_1:0.4122077045
u_2:0.4661601324
u_3:0.4665147661
u_4:0.488452516
u_5:0.4937222692
u_6:0.5007454869
u_7:0.4940695898
u_8:0.5147889798
u_9:0.5348937754
u_10:0.5358170993
u_11:0.5282039717
u_12:0.5262897227
u_13:0.5239592864
u_14:0.5177425878
u_15:0.5287059797
u_16:0.5224378908
u_17:0.5044959791
u_18:0.4838381974
u_19:0.4741843791
u_20:0.4654387833
u_21:0.4658571438
u_22:0.4746945175
u_23:0.4706823938
u_24:0.4716149929
u_25:0.471995955
u_26:0.4746527154
u_27:0.4767017245
u_28:0.4760325176
u_29:0.4810766037
u_30:0.4879198693
u_31:0.4791634457
u_32:0.4757763965
u_33:0.4635776204
u_34:0.451307934
u_35:0.4506473677
u_36:0.4633522961
u_37:0.4611202296
u_38:0.480802605
u_39:0.4889858334
u_40:0.4855677506
u_41:0.5031288223
u_42:0.5112761554
u_43:0.5035275611
u_44:0.5043622568
u_45:0.5108945624
u_46:0.5063186653
u_47:0.4830738438
u_48:0.4619666431
u_49:0.4530548356
u_50:0.4343840587
u_51:0.4377133851
u_52:0.4397304932
u_53:0.439601181
u_54:0.4506445934
u_55:0.4452867556
u_56:0.4430157976
u_57:0.4479125547
u_58:0.4559298925
u_59:0.4511092035
u_60:0.4289173838
u_61:0.4331961821
u_62:0.3107515722
u_63:0.303523659
u_64:0.2952554876
u_65:0.2745525863
u_66:0.279763668
u_67:0.275887214
u_68:0.2774639257
u_69:0.2788631024
u_70:0.273971833
u_71:0.2702594211
u_72:0.2770853854
u_73:0.3071894315
u_74:0.3247486825
u_75:0.3434008265
u_76:0.3803420175
u_77:0.4054211948
u_78:0.4487770551
u_79:0.4975496919
u_80:0.5461875629
u_81:0.5946538687
u_82:0.6421819219
u_83:0.6639757115
u_84:0.6795252422
u_85:0.693389799
u_86:0.7099467215
u_87:0.7327466525
u_88:0.737861325
u_89:0.7360543915
u_90:0.7404973477
u_91:0.7472775112
u_92:0.7428767055
u_93:0.7373660677
u_94:0.7248944532
u_95:0.7262890135
u_96:0.7242109274
u_97:0.723479582
u_98:0.6585359298
u_99:0.5451613153
[Objective]
0.01094723351
