[Grid]
nodes:100
dt_0:0.02
dt_1:0.02
dt_2:0.02
dt_3:0.02
dt_4:0.02
dt_5:0.02
dt_6:0.02
dt_7:0.02
dt_8:0.02
dt_9:0.02
dt_10:0.02
dt_11:0.02
dt_12:0.02
dt_13:0.02
dt_14:0.02
dt_15:0.02
dt_16:0.02
dt_17:0.02
dt_18:0.02
dt_19:0.02
dt_20:0.02
dt_21:0.02
dt_22:0.02
dt_23:0.02
dt_24:0.02
dt_25:0.02
dt_26:0.02
dt_27:0.02
dt_28:0.02
dt_29:0.02
dt_30:0.02
dt_31:0.02
dt_32:0.02
dt_33:0.02
dt_34:0.02
dt_35:0.02
dt_36:0.02
dt_37:0.02
dt_38:0.02
dt_39:0.02
dt_40:0.02
dt_41:0.02
dt_42:0.02
dt_43:0.02
dt_44:0.02
dt_45:0.02
dt_46:0.02
dt_47:0.02
dt_48:0.02
dt_49:0.02
dt_50:0.02
dt_51:0.02
dt_52:0.02
dt_53:0.02
dt_54:0.02
dt_55:0.02
dt_56:0.02
dt_57:0.02
dt_58:0.02
dt_59:0.02
dt_60:0.02
dt_61:0.02
dt_62:0.02
dt_63:0.02
dt_64:0.02
dt_65:0.02
dt_66:0.02
dt_67:0.02
dt_68:0.02
dt_69:0.02
dt_70:0.02
dt_71:0.02
dt_72:0.02
dt_73:0.02
dt_74:0.02
dt_75:0.02
dt_76:0.02
dt_77:0.02
dt_78:0.02
dt_79:0.02
dt_80:0.02
dt_81:0.02
dt_82:0.02
dt_83:0.02
dt_84:0.02
dt_85:0.02
dt_86:0.02
dt_87:0.02
dt_88:0.02
dt_89:0.02
dt_90:0.02
dt_91:0.02
dt_92:0.02
dt_93:0.02
dt_94:0.02
dt_95:0.02
dt_96:0.02
dt_97:0.02
dt_98:0.02
dt_99:0.02
[Control]
u_0:0.170508674
u_1:0.3801637721
u_2:0.4174095771
u_3:0.4690498912
u_4:0.4671093632
u_5:0.4850477715
u_6:0.5028890053
u_7:0.5090431467
u_8:0.5247556583
u_9:0.5191731165
u_10:0.5349832139
u_11:0.5481876708
u_12:0.5442444746
u_13:0.5449587711
u_14:0.5447579893
u_15:0.5459508291
u_16:0.5120415589
u_17:0.4983969841
u_18:0.4925027062
u_19:0.4625279047
u_20:0.4645347766
u_21:0.4754648842
u_22:0.476401261
u_23:0.4671309834
u_24:0.476250951
u_25:0.4775482077
u_26:0.489190052
u_27:0.4825660247
u_28:0.4715211264
u_29:0.4851805781
u_30:0.4728377137
u_31:0.4635720239
u_32:0.448882236
u_33:0.4692579041
u_34:0.4456867061
u_35:0.4596595066
u_36:0.4546780332
u_37:0.426899457
u_38:0.4749619655
u_39:0.514627359
u_40:0.5173393655
u_41:0.5078960185
u_42:0.5240345713
u_43:0.5191936099
u_44:0.5289634178
u_45:0.52782385
u_46:0.5098544059
u_47:0.4863554942
u_48:0.4771207212
u_49:0.4552156563
u_50:0.4297562663
u_51:0.4257693654
u_52:0.4251214081
u_53:0.4391417091
u_54:0.4401812346
u_55:0.4356423728
u_56:0.4310040571
u_57:0.4527366168
u_58:0.4774832431
u_59:0.4490271424
u_60:0.4401007526
u_61:0.3963433826
u_62:0.347450942
u_63:0.3263181668
u_64:0.3094947088
u_65:0.2922599831
u_66:0.2805376346
u_67:0.2472494767
u_68:0.2466343464
u_69:0.2662280454
u_70:0.2594327939
u_71:0.2696453606
u_72:0.2974513781
u_73:0.3024480557
u_74:0.3076115422
u_75:0.3365092416
u_76:0.3612875267
u_77:0.4013647833
u_78:0.4498710803
u_79:0.498421634
u_80:0.5469663601
u_81:0.595455052
u_82:0.6355031535
u_83:0.6457705814
u_84:0.6770334944
u_85:0.6765338179
u_86:0.732913944
u_87:0.7487138286
u_88:0.7424802398
u_89:0.7543778464
u_90:0.7492359562
u_91:0.7593708922
u_92:0.7550572286
u_93:0.7295995569
u_94:0.7180614665
u_95:0.7085239126
u_96:0.6842281522
u_97:0.6839042116
u_98:0.6339145353
u_99:0.5459907667
[Objective]
0.01093387165
