[Grid]
nodes:100
dt_0:0.02
dt_1:0.02
dt_2:0.02
dt_3:0.02
dt_4:0.02
dt_5:0.02
dt_6:0.02
dt_7:0.02
dt_8:0.02
dt_9:0.02
dt_10:0.02
dt_11:0.02
dt_12:0.02
dt_13:0.02
dt_14:0.02
dt_15:0.02
dt_16:0.02
dt_17:0.02
dt_18:0.02
dt_19:0.02
dt_20:0.02
dt_21:0.02
dt_22:0.02
dt_23:0.02
dt_24:0.02
dt_25:0.02
dt_26:0.02
dt_27:0.02
dt_28:0.02
dt_29:0.02
dt_30:0.02
dt_31:0.02
dt_32:0.02
dt_33:0.02
dt_34:0.02
dt_35:0.02
dt_36:0.02
dt_37:0.02
dt_38:0.02
dt_39:0.02
dt_40:0.02
dt_41:0.02
dt_42:0.02
dt_43:0.02
dt_44:0.02
dt_45:0.02
dt_46:0.02
dt_47:0.02
dt_48:0.02
dt_49:0.02
dt_50:0.02
dt_51:0.02
dt_52:0.02
dt_53:0.02
dt_54:0.02
dt_55:0.02
dt_56:0.02
dt_57:0.02
dt_58:0.02
dt_59:0.02
dt_60:0.02
dt_61:0.02
dt_62:0.02
dt_63:0.02
dt_64:0.02
dt_65:0.02
dt_66:0.02
dt_67:0.02
dt_68:0.02
dt_69:0.02
dt_70:0.02
dt_71:0.02
dt_72:0.02
dt_73:0.02
dt_74:0.02
dt_75:0.02
dt_76:0.02
dt_77:0.02
dt_78:0.02
dt_79:0.02
dt_80:0.02
dt_81:0.02
dt_82:0.02
dt_83:0.02
dt_84:0.02
dt_85:0.02
dt_86:0.02
dt_87:0.02
dt_88:0.02
dt_89:0.02
dt_90:0.02
dt_91:0.02
dt_92:0.02
dt_93:0.02
dt_94:0.02
dt_95:0.02
dt_96:0.02
dt_97:0.02
dt_98:0.02
dt_99:0.02
[Control]
u_0:0.1650411344
u_1:0.277360895
u_2:0.3776397751
u_3:0.4021329427
u_4:0.4576042395
u_5:0.4827459897
u_6:0.5168617488
u_7:0.5124725352
u_8:0.5594380529
u_9:0.5701690075
u_10:0.579383975
u_11:0.5648732901
u_12:0.5755761511
u_13:0.5881960299
u_14:0.5857604043
u_15:0.5756453008
u_16:0.5579594225
u_17:0.5340047202
u_18:0.4613627763
u_19:0.4421681735
u_20:0.4612649653
u_21:0.4444630622
u_22:0.4509730958
u_23:0.437062224
u_24:0.460696799
u_25:0.4636558545
u_26:0.4627684817
u_27:0.4749157057
u_28:0.4853443695
u_29:0.4912502486
u_30:0.4972673909
u_31:0.4807929521
u_32:0.4780111548
u_33:0.4452604127
u_34:0.4310961947
u_35:0.4459929046
u_36:0.4505772319
u_37:0.4717934149
u_38:0.4873926551
u_39:0.4728118625
u_40:0.4901318759
u_41:0.5541406895
u_42:0.5135603645
u_43:0.5393546473
u_44:0.5258803237
u_45:0.5507454386
u_46:0.5134217143
u_47:0.4853124352
u_48:0.4944624123
u_49:0.4751602743
u_50:0.4681663218
u_51:0.4422282687
u_52:0.4193790463
u_53:0.4453394843
u_54:0.4453430048
u_55:0.4515036355
u_56:0.4528409073
u_57:0.4660930734
u_58:0.4465650286
u_59:0.4412025022
u_60:0.4637422775
u_61:0.4475895543
u_62:0.3729327815
u_63:0.3458181389
u_64:0.3198379056
u_65:0.2522852405
u_66:0.2644322218
u_67:0.2155793641
u_68:0.2010362578
u_69:0.2107266366
u_70:0.2529575065
u_71:0.2227769526
u_72:0.2632674328
u_73:0.2529712237
u_74:0.3098406477
u_75:0.3501008647
u_76:0.354692062
u_77:0.4024265749
u_78:0.4503621448
u_79:0.4984141616
u_80:0.546459061
u_81:0.594372678
u_82:0.6420686703
u_83:0.6466022395
u_84:0.6867834951
u_85:0.7192864226
u_86:0.7402707918
u_87:0.7497919658
u_88:0.7665916507
u_89:0.7968275255
u_90:0.8229036472
u_91:0.7765740362
u_92:0.7615285523
u_93:0.7449721191
u_94:0.7139832254
u_95:0.7060924683
u_96:0.709661131
u_97:0.6572677043
u_98:0.5762284928
u_99:0.4764505559
[Objective]
0.01090926985
