[Grid]
nodes:100
dt_0:0.02
dt_1:0.02
dt_2:0.02
dt_3:0.02
dt_4:0.02
dt_5:0.02
dt_6:0.02
dt_7:0.02
dt_8:0.02
dt_9:0.02
dt_10:0.02
dt_11:0.02
dt_12:0.02
dt_13:0.02
dt_14:0.02
dt_15:0.02
dt_16:0.02
dt_17:0.02
dt_18:0.02
dt_19:0.02
dt_20:0.02
dt_21:0.02
dt_22:0.02
dt_23:0.02
dt_24:0.02
dt_25:0.02
dt_26:0.02
dt_27:0.02
dt_28:0.02
dt_29:0.02
dt_30:0.02
dt_31:0.02
dt_32:0.02
dt_33:0.02
dt_34:0.02
dt_35:0.02
dt_36:0.02
dt_37:0.02
dt_38:0.02
dt_39:0.02
dt_40:0.02
dt_41:0.02
dt_42:0.02
dt_43:0.02
dt_44:0.02
dt_45:0.02
dt_46:0.02
dt_47:0.02
dt_48:0.02
dt_49:0.02
dt_50:0.02
dt_51:0.02
dt_52:0.02
dt_53:0.02
dt_54:0.02
dt_55:0.02
dt_56:0.02
dt_57:0.02
dt_58:0.02
dt_59:0.02
dt_60:0.02
dt_61:0.02
dt_62:0.02
dt_63:0.02
dt_64:0.02
dt_65:0.02
dt_66:0.02
dt_67:0.02
dt_68:0.02
dt_69:0.02
dt_70:0.02
dt_71:0.02
dt_72:0.02
dt_73:0.02
dt_74:0.02
dt_75:0.02
dt_76:0.02
dt_77:0.02
dt_78:0.02
dt_79:0.02
dt_80:0.02
dt_81:0.02
dt_82:0.02
dt_83:0.02
dt_84:0.02
dt_85:0.02
dt_86:0.02
dt_87:0.02
dt_88:0.02
dt_89:0.02
dt_90:0.02
dt_91:0.02
dt_92:0.02
dt_93:0.02
dt_94:0.02
dt_95:0.02
dt_96:0.02
dt_97:0.02
dt_98:0.02
dt_99:0.02
[Control]
u_0:0.1033588117
u_1:0.2511118457
u_2:0.3591392706
u_3:0.3857762406
u_4:0.4738460191
u_5:0.5029377889
u_6:0.5293355583
u_7:0.5282019761
u_8:0.5774800034
u_9:0.6157839763
u_10:0.6328213269
u_11:0.5853240157
u_12:0.5975015066
u_13:0.5702355811
u_14:0.558372199
u_15:0.5704854196
u_16:0.5504830539
u_17:0.5064780998
u_18:0.5100302232
u_19:0.4788759509
u_20:0.4237347075
u_21:0.4355423102
u_22:0.4014281866
u_23:0.4202868734
u_24:0.4357733053
u_25:0.4966807739
u_26:0.4804202196
u_27:0.5038187054
u_28:0.4991170084
u_29:0.5197418601
u_30:0.4796081684
u_31:0.4596018955
u_32:0.4635341515
u_33:0.4474332058
u_34:0.4679535795
u_35:0.4453612472
u_36:0.4594513462
u_37:0.4462517167
u_38:0.4736872998
u_39:0.4715503453
u_40:0.5144761331
u_41:0.5460992458
u_42:0.5166337937
u_43:0.5073982183
u_44:0.5239004999
u_45:0.5565225825
u_46:0.5283563282
u_47:0.5300486404
u_48:0.4869023666
u_49:0.455256474
u_50:0.4514383431
u_51:0.4916274752
u_52:0.4587860238
u_53:0.4179149614
u_54:0.4010015324
u_55:0.4247245618
u_56:0.4618622557
u_57:0.5036029073
u_58:0.4907077906
u_59:0.481294991
u_60:0.4632453979
u_61:0.4499487281
u_62:0.3946118184
u_63:0.3334584564
u_64:0.3142033735
u_65:0.2847696531
u_66:0.2386408272
u_67:0.19172337
u_68:0.1968956797
u_69:0.2250115572
u_70:0.1916161314
u_71:0.2267901921
u_72:0.2179395663
u_73:0.2550668817
u_74:0.2661569614
u_75:0.3114269679
u_76:0.3574200483
u_77:0.4040310545
u_78:0.4510836958
u_79:0.498359746
u_80:0.5456207361
u_81:0.5926263997
u_82:0.6391529583
u_83:0.6850143188
u_84:0.7300904388
u_85:0.7409032831
u_86:0.7776410669
u_87:0.7682505761
u_88:0.7692201228
u_89:0.8005822506
u_90:0.7936799741
u_91:0.8300692567
u_92:0.8029457998
u_93:0.7183209566
u_94:0.7285929805
u_95:0.674960565
u_96:0.6728136905
u_97:0.6408298895
u_98:0.5580715061
u_99:0.4935823446
[Objective]
0.01089500612
