[Grid]
nodes:100
dt_0:0.02
dt_1:0.02
dt_2:0.02
dt_3:0.02
dt_4:0.02
dt_5:0.02
dt_6:0.02
dt_7:0.02
dt_8:0.02
dt_9:0.02
dt_10:0.02
dt_11:0.02
dt_12:0.02
dt_13:0.02
dt_14:0.02
dt_15:0.02
dt_16:0.02
dt_17:0.02
dt_18:0.02
dt_19:0.02
dt_20:0.02
dt_21:0.02
dt_22:0.02
dt_23:0.02
dt_24:0.02
dt_25:0.02
dt_26:0.02
dt_27:0.02
dt_28:0.02
dt_29:0.02
dt_30:0.02
dt_31:0.02
dt_32:0.02
dt_33:0.02
dt_34:0.02
dt_35:0.02
dt_36:0.02
dt_37:0.02
dt_38:0.02
dt_39:0.02
dt_40:0.02
dt_41:0.02
dt_42:0.02
dt_43:0.02
dt_44:0.02
dt_45:0.02
dt_46:0.02
dt_47:0.02
dt_48:0.02
dt_49:0.02
dt_50:0.02
dt_51:0.02
dt_52:0.02
dt_53:0.02
dt_54:0.02
dt_55:0.02
dt_56:0.02
dt_57:0.02
dt_58:0.02
dt_59:0.02
dt_60:0.02
dt_61:0.02
dt_62:0.02
dt_63:0.02
dt_64:0.02
dt_65:0.02
dt_66:0.02
dt_67:0.02
dt_68:0.02
dt_69:0.02
dt_70:0.02
dt_71:0.02
dt_72:0.02
dt_73:0.02
dt_74:0.02
dt_75:0.02
dt_76:0.02
dt_77:0.02
dt_78:0.02
dt_79:0.02
dt_80:0.02
dt_81:0.02
dt_82:0.02
dt_83:0.02
dt_84:0.02
dt_85:0.02
dt_86:0.02
dt_87:0.02
dt_88:0.02
dt_89:0.02
dt_90:0.02
dt_91:0.02
dt_92:0.02
dt_93:0.02
dt_94:0.02
dt_95:0.02
dt_96:0.02
dt_97:0.02
dt_98:0.02
dt_99:0.02
[Control]
u_0:0.1749337358
u_1:0.3069503151
u_2:0.3655586452
u_3:0.4195719808
u_4:0.4320786661
u_5:0.5045210748
u_6:0.5199556064
u_7:0.5212606715
u_8:0.5327155256
u_9:0.5358632346
u_10:0.5592547029
u_11:0.5792453067
u_12:0.5598829842
u_13:0.5898521438
u_14:0.5749379612
u_15:0.5829430282
u_16:0.5550288507
u_17:0.5177917394
u_18:0.4785958169
u_19:0.4775776286
u_20:0.4564370185
u_21:0.4363154524
u_22:0.4480199331
u_23:0.4595829873
u_24:0.4501682298
u_25:0.4718308815
u_26:0.4869405033
u_27:0.4888596192
u_28:0.4792212988
u_29:0.478294667
u_30:0.4655172013
u_31:0.4586810068
u_32:0.4658331727
u_33:0.4593939555
u_34:0.4468869662
u_35:0.4504901458
u_36:0.4486441629
u_37:0.4583656492
u_38:0.4718148655
u_39:0.4798340719
u_40:0.4963539395
u_41:0.5328442545
u_42:0.5486235566
u_43:0.5462708037
u_44:0.5196890386
u_45:0.5362422998
u_46:0.53160392
u_47:0.4923482057
u_48:0.4826194363
u_49:0.4549171048
u_50:0.4549913576
u_51:0.4354449553
u_52:0.4354199926
u_53:0.4446558349
u_54:0.4659174845
u_55:0.4572972539
u_56:0.4681841369
u_57:0.4348414682
u_58:0.447315315
u_59:0.4466952321
u_60:0.4543232332
u_61:0.4208743334
u_62:0.3362907627
u_63:0.3384311008
u_64:0.3324163143
u_65:0.3030967468
u_66:0.2244415877
u_67:0.2427033895
u_68:0.2158478839
u_69:0.2175990712
u_70:0.2200326262
u_71:0.249395107
u_72:0.2537653736
u_73:0.2857108626
u_74:0.3123169048
u_75:0.3350686032
u_76:0.3828851343
u_77:0.4015783096
u_78:0.4498996269
u_79:0.4982671699
u_80:0.5466061571
u_81:0.5948380107
u_82:0.6133689188
u_83:0.660928724
u_84:0.6832943988
u_85:0.7330178434
u_86:0.7293665329
u_87:0.7486715274
u_88:0.785656243
u_89:0.7721729211
u_90:0.7632185646
u_91:0.778345445
u_92:0.7632818191
u_93:0.7374706527
u_94:0.7475527746
u_95:0.7370187778
u_96:0.6902069909
u_97:0.6483967088
u_98:0.5558874688
u_99:0.5042294896
[Objective]
0.01091399885
