[Grid]
nodes:100
dt_0:0.02
dt_1:0.02
dt_2:0.02
dt_3:0.02
dt_4:0.02
dt_5:0.02
dt_6:0.02
dt_7:0.02
dt_8:0.02
dt_9:0.02
dt_10:0.02
dt_11:0.02
dt_12:0.02
dt_13:0.02
dt_14:0.02
dt_15:0.02
dt_16:0.02
dt_17:0.02
dt_18:0.02
dt_19:0.02
dt_20:0.02
dt_21:0.02
dt_22:0.02
dt_23:0.02
dt_24:0.02
dt_25:0.02
dt_26:0.02
dt_27:0.02
dt_28:0.02
dt_29:0.02
dt_30:0.02
dt_31:0.02
dt_32:0.02
dt_33:0.02
dt_34:0.02
dt_35:0.02
dt_36:0.02
dt_37:0.02
dt_38:0.02
dt_39:0.02
dt_40:0.02
dt_41:0.02
dt_42:0.02
dt_43:0.02
dt_44:0.02
dt_45:0.02
dt_46:0.02
dt_47:0.02
dt_48:0.02
dt_49:0.02
dt_50:0.02
dt_51:0.02
dt_52:0.02
dt_53:0.02
dt_54:0.02
dt_55:0.02
dt_56:0.02
dt_57:0.02
dt_58:0.02
dt_59:0.02
dt_60:0.02
dt_61:0.02
dt_62:0.02
dt_63:0.02
dt_64:0.02
dt_65:0.02
dt_66:0.02
dt_67:0.02
dt_68:0.02
dt_69:0.02
dt_70:0.02
dt_71:0.02
dt_72:0.02
dt_73:0.02
dt_74:0.02
dt_75:0.02
dt_76:0.02
dt_77:0.02
dt_78:0.02
dt_79:0.02
dt_80:0.02
dt_81:0.02
dt_82:0.02
dt_83:0.02
dt_84:0.02
dt_85:0.02
dt_86:0.02
dt_87:0.02
dt_88:0.02
dt_89:0.02
dt_90:0.02
dt_91:0.02
dt_92:0.02
dt_93:0.02
dt_94:0.02
dt_95:0.02
dt_96:0.02
dt_97:0.02
dt_98:0.02
dt_99:0.02
[Control]
u_0:0.1720842367
u_1:0.3579762419
u_2:0.3984562217
u_3:0.4432990858
u_4:0.4395114289
u_5:0.51896788
u_6:0.5227211416
u_7:0.5241580253
u_8:0.5032441286
u_9:0.4975665744
u_10:0.5039340618
u_11:0.5676886547
u_12:0.5722629778
u_13:0.5721458563
u_14:0.557825455
u_15:0.5455969807
u_16:0.5581743125
u_17:0.5107254609
u_18:0.4984280869
u_19:0.4720946378
u_20:0.4610436106
u_21:0.4680300486
u_22:0.4602950592
u_23:0.4836997205
u_24:0.4616485819
u_25:0.4618845799
u_26:0.4687968863
u_27:0.4824959139
u_28:0.477889572
u_29:0.5095041518
u_30:0.4794139972
u_31:0.4418064314
u_32:0.4345646821
u_33:0.4482481348
u_34:0.4266070138
u_35:0.4446159024
u_36:0.4679976233
u_37:0.452859233
u_38:0.4800695709
u_39:0.5064117924
u_40:0.5045169232
u_41:0.5196792163
u_42:0.5178700744
u_43:0.5363851838
u_44:0.5425870862
u_45:0.5472753294
u_46:0.5283712194
u_47:0.5260528589
u_48:0.4544744557
u_49:0.4338045266
u_50:0.4490255204
u_51:0.4282240412
u_52:0.430696437
u_53:0.4545644865
u_54:0.4589844969
u_55:0.4517880541
u_56:0.4479043044
u_57:0.4620114667
u_58:0.4579118613
u_59:0.4442929714
u_60:0.3990434031
u_61:0.3948778055
u_62:0.3697846415
u_63:0.3255000892
u_64:0.2914279396
u_65:0.2879427667
u_66:0.2794381744
u_67:0.2354386381
u_68:0.2365171178
u_69:0.258665812
u_70:0.2448546047
u_71:0.2555157346
u_72:0.2555174693
u_73:0.2812355064
u_74:0.3225378426
u_75:0.3224915771
u_76:0.3802982904
u_77:0.4254972059
u_78:0.4495392644
u_79:0.4983711823
u_80:0.5471897309
u_81:0.5711901414
u_82:0.6163143998
u_83:0.6740052277
u_84:0.673789779
u_85:0.7152634942
u_86:0.7129646143
u_87:0.7370141746
u_88:0.7579620054
u_89:0.7663933239
u_90:0.7839858002
u_91:0.7468960133
u_92:0.7974341042
u_93:0.7438297566
u_94:0.6979958381
u_95:0.7046339529
u_96:0.7206583049
u_97:0.6661191184
u_98:0.5859222007
u_99:0.5218370249
[Objective]
0.01092160035
