[Grid]
nodes:100
dt_0:0.02
dt_1:0.02
dt_2:0.02
dt_3:0.02
dt_4:0.02
dt_5:0.02
dt_6:0.02
dt_7:0.02
dt_8:0.02
dt_9:0.02
dt_10:0.02
dt_11:0.02
dt_12:0.02
dt_13:0.02
dt_14:0.02
dt_15:0.02
dt_16:0.02
dt_17:0.02
dt_18:0.02
dt_19:0.02
dt_20:0.02
dt_21:0.02
dt_22:0.02
dt_23:0.02
dt_24:0.02
dt_25:0.02
dt_26:0.02
dt_27:0.02
dt_28:0.02
dt_29:0.02
dt_30:0.02
dt_31:0.02
dt_32:0.02
dt_33:0.02
dt_34:0.02
dt_35:0.02
dt_36:0.02
dt_37:0.02
dt_38:0.02
dt_39:0.02
dt_40:0.02
dt_41:0.02
dt_42:0.02
dt_43:0.02
dt_44:0.02
dt_45:0.02
dt_46:0.02
dt_47:0.02
dt_48:0.02
dt_49:0.02
dt_50:0.02
dt_51:0.02
dt_52:0.02
dt_53:0.02
dt_54:0.02
dt_55:0.02
dt_56:0.02
dt_57:0.02
dt_58:0.02
dt_59:0.02
dt_60:0.02
dt_61:0.02
dt_62:0.02
dt_63:0.02
dt_64:0.02
dt_65:0.02
dt_66:0.02
dt_67:0.02
dt_68:0.02
dt_69:0.02
dt_70:0.02
dt_71:0.02
dt_72:0.02
dt_73:0.02
dt_74:0.02
dt_75:0.02
dt_76:0.02
dt_77:0.02
dt_78:0.02
dt_79:0.02
dt_80:0.02
dt_81:0.02
dt_82:0.02
dt_83:0.02
dt_84:0.02
dt_85:0.02
dt_86:0.02
dt_87:0.02
dt_88:0.02
dt_89:0.02
dt_90:0.02
dt_91:0.02
dt_92:0.02
dt_93:0.02
dt_94:0.02
dt_95:0.02
dt_96:0.02
dt_97:0.02
dt_98:0.02
dt_99:0.02
[Control]
u_0:0.1680214455
u_1:0.4120741107
u_2:0.4710908226
u_3:0.4648715304
u_4:0.4922456398
u_5:0.4863227635
u_6:0.4994275101
u_7:0.5019805678
u_8:0.5189980645
u_9:0.5320658978
u_10:0.5287877845
u_11:0.528074907
u_12:0.5283925326
u_13:0.5287212465
u_14:0.5195073572
u_15:0.5209916865
u_16:0.5233590874
u_17:0.5027613422
u_18:0.4841835348
u_19:0.4709576612
u_20:0.4688794341
u_21:0.4651852421
u_22:0.47723434
u_23:0.4750135802
u_24:0.4691404127
u_25:0.4710245525
u_26:0.4721454725
u_27:0.47180056
u_28:0.4843530831
u_29:0.4839956524
u_30:0.481017128
u_31:0.482831438
u_32:0.4719661137
u_33:0.4604301416
u_34:0.4558798062
u_35:0.4567693461
u_36:0.4523021588
u_37:0.4652893613
u_38:0.4824730113
u_39:0.4866614398
u_40:0.4919885714
u_41:0.498416742
u_42:0.5041017975
u_43:0.5060278357
u_44:0.5068732655
u_45:0.5091768818
u_46:0.5090915154
u_47:0.4877888862
u_48:0.4633340824
u_49:0.4527607134
u_50:0.4370270698
u_51:0.4328159809
u_52:0.4345239342
u_53:0.4423269174
u_54:0.4471950844
u_55:0.4462175759
u_56:0.4501532584
u_57:0.4443704658
u_58:0.4545790424
u_59:0.4495600135
u_60:0.4368731826
u_61:0.4287493884
u_62:0.3078897567
u_63:0.3031353433
u_64:0.2917951726
u_65:0.2875128355
u_66:0.2737660589
u_67:0.2749804095
u_68:0.2758280258
u_69:0.2782134641
u_70:0.268517911
u_71:0.2685679968
u_72:0.2840262184
u_73:0.3053691087
u_74:0.3268357778
u_75:0.3437817801
u_76:0.3823915726
u_77:0.4020640557
u_78:0.4487808273
u_79:0.4975306309
u_80:0.546143122
u_81:0.5945775232
u_82:0.6428232097
u_83:0.662472067
u_84:0.6846945215
u_85:0.6951838113
u_86:0.7123864854
u_87:0.7316477141
u_88:0.728636044
u_89:0.7423218974
u_90:0.7428864687
u_91:0.7419973187
u_92:0.7464901539
u_93:0.7412446247
u_94:0.7251696523
u_95:0.7155807342
u_96:0.7266444203
u_97:0.7261430615
u_98:0.6585286392
u_99:0.5451588986
[Objective]
0.01094742712
