[Grid]
nodes:100
dt_0:0.02
dt_1:0.02
dt_2:0.02
dt_3:0.02
dt_4:0.02
dt_5:0.02
dt_6:0.02
dt_7:0.02
dt_8:0.02
dt_9:0.02
dt_10:0.02
dt_11:0.02
dt_12:0.02
dt_13:0.02
dt_14:0.02
dt_15:0.02
dt_16:0.02
dt_17:0.02
dt_18:0.02
dt_19:0.02
dt_20:0.02
dt_21:0.02
dt_22:0.02
dt_23:0.02
dt_24:0.02
dt_25:0.02
dt_26:0.02
dt_27:0.02
dt_28:0.02
dt_29:0.02
dt_30:0.02
dt_31:0.02
dt_32:0.02
dt_33:0.02
dt_34:0.02
dt_35:0.02
dt_36:0.02
dt_37:0.02
dt_38:0.02
dt_39:0.02
dt_40:0.02
dt_41:0.02
dt_42:0.02
dt_43:0.02
dt_44:0.02
dt_45:0.02
dt_46:0.02
dt_47:0.02
dt_48:0.02
dt_49:0.02
dt_50:0.02
dt_51:0.02
dt_52:0.02
dt_53:0.02
dt_54:0.02
dt_55:0.02
dt_56:0.02
dt_57:0.02
dt_58:0.02
dt_59:0.02
dt_60:0.02
dt_61:0.02
dt_62:0.02
dt_63:0.02
dt_64:0.02
dt_65:0.02
dt_66:0.02
dt_67:0.02
dt_68:0.02
dt_69:0.02
dt_70:0.02
dt_71:0.02
dt_72:0.02
dt_73:0.02
dt_74:0.02
dt_75:0.02
dt_76:0.02
dt_77:0.02
dt_78:0.02
dt_79:0.02
dt_80:0.02
dt_81:0.02
dt_82:0.02
dt_83:0.02
dt_84:0.02
dt_85:0.02
dt_86:0.02
dt_87:0.02
dt_88:0.02
dt_89:0.02
dt_90:0.02
dt_91:0.02
dt_92:0.02
dt_93:0.02
dt_94:0.02
dt_95:0.02
dt_96:0.02
dt_97:0.02
dt_98:0.02
dt_99:0.02
[Control]
u_0:0.1706890602
u_1:0.374519879
u_2:0.4155592093
u_3:0.452888714
u_4:0.486870769
u_5:0.4909103869
u_6:0.5026363197
u_7:0.5170399816
u_8:0.5223112902
u_9:0.5239246629
u_10:0.526810374
u_11:0.5435208719
u_12:0.551848817
u_13:0.5508042976
u_14:0.5620962054
u_15:0.5570765181
u_16:0.5128742259
u_17:0.5004013248
u_18:0.4650773963
u_19:0.4769193766
u_20:0.4708995919
u_21:0.4640116155
u_22:0.437884751
u_23:0.4527584385
u_24:0.4651314889
u_25:0.477435303
u_26:0.490401151
u_27:0.4841258376
u_28:0.4788445109
u_29:0.5078266524
u_30:0.4819407802
u_31:0.4707062096
u_32:0.4612782557
u_33:0.4533264514
u_34:0.44221236
u_35:0.4545951723
u_36:0.464238762
u_37:0.475585187
u_38:0.4631310772
u_39:0.4823084654
u_40:0.4995967015
u_41:0.507447307
u_42:0.4978540524
u_43:0.5093827736
u_44:0.523102466
u_45:0.526778654
u_46:0.5009252351
u_47:0.4892573794
u_48:0.4777311216
u_49:0.4524950846
u_50:0.4506064903
u_51:0.4531749734
u_52:0.4413945144
u_53:0.4220397808
u_54:0.4258940494
u_55:0.4319091615
u_56:0.4363365656
u_57:0.4420398689
u_58:0.450079548
u_59:0.4611492589
u_60:0.4473910045
u_61:0.3972650707
u_62:0.3532866207
u_63:0.3382260604
u_64:0.2967569804
u_65:0.2856948322
u_66:0.2827417424
u_67:0.2821820042
u_68:0.2700416909
u_69:0.2730631619
u_70:0.2601647811
u_71:0.2620228161
u_72:0.2802916954
u_73:0.2834453171
u_74:0.3115082311
u_75:0.3510037728
u_76:0.3593729163
u_77:0.4013413532
u_78:0.4498746821
u_79:0.4984525495
u_80:0.5470291277
u_81:0.595559176
u_82:0.6375248771
u_83:0.6317047987
u_84:0.660427651
u_85:0.7072723936
u_86:0.7370080151
u_87:0.7521324703
u_88:0.7570977587
u_89:0.7491520005
u_90:0.7484518502
u_91:0.747990247
u_92:0.7215528119
u_93:0.7282139601
u_94:0.7202114719
u_95:0.7149882001
u_96:0.7041594947
u_97:0.6796226206
u_98:0.6578050076
u_99:0.545685428
[Objective]
0.01093743541
