[Grid]
nodes:100
dt_0:0.02
dt_1:0.02
dt_2:0.02
dt_3:0.02
dt_4:0.02
dt_5:0.02
dt_6:0.02
dt_7:0.02
dt_8:0.02
dt_9:0.02
dt_10:0.02
dt_11:0.02
dt_12:0.02
dt_13:0.02
dt_14:0.02
dt_15:0.02
dt_16:0.02
dt_17:0.02
dt_18:0.02
dt_19:0.02
dt_20:0.02
dt_21:0.02
dt_22:0.02
dt_23:0.02
dt_24:0.02
dt_25:0.02
dt_26:0.02
dt_27:0.02
dt_28:0.02
dt_29:0.02
dt_30:0.02
dt_31:0.02
dt_32:0.02
dt_33:0.02
dt_34:0.02
dt_35:0.02
dt_36:0.02
dt_37:0.02
dt_38:0.02
dt_39:0.02
dt_40:0.02
dt_41:0.02
dt_42:0.02
dt_43:0.02
dt_44:0.02
dt_45:0.02
dt_46:0.02
dt_47:0.02
dt_48:0.02
dt_49:0.02
dt_50:0.02
dt_51:0.02
dt_52:0.02
dt_53:0.02
dt_54:0.02
dt_55:0.02
dt_56:0.02
dt_57:0.02
dt_58:0.02
dt_59:0.02
dt_60:0.02
dt_61:0.02
dt_62:0.02
dt_63:0.02
dt_64:0.02
dt_65:0.02
dt_66:0.02
dt_67:0.02
dt_68:0.02
dt_69:0.02
dt_70:0.02
dt_71:0.02
dt_72:0.02
dt_73:0.02
dt_74:0.02
dt_75:0.02
dt_76:0.02
dt_77:0.02
dt_78:0.02
dt_79:0.02
dt_80:0.02
dt_81:0.02
dt_82:0.02
dt_83:0.02
dt_84:0.02
dt_85:0.02
dt_86:0.02
dt_87:0.02
dt_88:0.02
dt_89:0.02
dt_90:0.02
dt_91:0.02
dt_92:0.02
dt_93:0.02
dt_94:0.02
dt_95:0.02
dt_96:0.02
dt_97:0.02
dt_98:0.02
dt_99:0.02
[Control]
u_0:0.09267547426
u_1:0.2448696997
u_2:0.3726270393
u_3:0.3668228399
u_4:0.4846559071
u_5:0.510437072
u_6:0.5268262289
u_7:0.5455499594
u_8:0.6009511805
u_9:0.592749199
u_10:0.6540801215
u_11:0.5725824369
u_12:0.5802240553
u_13:0.58093711
u_14:0.5842446219
u_15:0.5711553625
u_16:0.541704134
u_17:0.4949371411
u_18:0.5087776373
u_19:0.4757192512
u_20:0.4116950651
u_21:0.4268949246
u_22:0.4345400612
u_23:0.4188131988
u_24:0.4122485304
u_25:0.5058145733
u_26:0.5058249731
u_27:0.4868192877
u_28:0.5212142928
u_29:0.48933127
u_30:0.4962693873
u_31:0.447925994
u_32:0.4585733649
u_33:0.4741265249
u_34:0.4387452974
u_35:0.4572639861
u_36:0.4528742071
u_37:0.4392901093
u_38:0.4690261416
u_39:0.4787372873
u_40:0.525139349
u_41:0.5198193141
u_42:0.5436531466
u_43:0.5223414015
u_44:0.5180080092
u_45:0.5631950698
u_46:0.5327356312
u_47:0.5225461325
u_48:0.4758432018
u_49:0.4809997159
u_50:0.4571216955
u_51:0.4482810395
u_52:0.4512519993
u_53:0.4296440104
u_54:0.4047357496
u_55:0.4338533476
u_56:0.4668124004
u_57:0.5033188534
u_58:0.4932081285
u_59:0.4839013455
u_60:0.470019199
u_61:0.4496802935
u_62:0.3650678306
u_63:0.3670995124
u_64:0.3203188642
u_65:0.2903646782
u_66:0.255968743
u_67:0.1925130787
u_68:0.17313609
u_69:0.1966320275
u_70:0.1977017542
u_71:0.2023612866
u_72:0.237230812
u_73:0.2233304703
u_74:0.2673164022
u_75:0.3121953892
u_76:0.3579128386
u_77:0.4043209879
u_78:0.4512132775
u_79:0.4983479151
u_80:0.5454657652
u_81:0.5923056431
u_82:0.6386194082
u_83:0.6841892372
u_84:0.7288501094
u_85:0.7725225602
u_86:0.7581786133
u_87:0.7924266846
u_88:0.7962221188
u_89:0.7960977575
u_90:0.8179521179
u_91:0.7963265056
u_92:0.8104083896
u_93:0.7290541226
u_94:0.715723113
u_95:0.6911277341
u_96:0.655162114
u_97:0.6263160014
u_98:0.5495660131
u_99:0.5149508193
[Objective]
0.01089220992
