[Grid]
nodes:100
dt_0:0.02
dt_1:0.02
dt_2:0.02
dt_3:0.02
dt_4:0.02
dt_5:0.02
dt_6:0.02
dt_7:0.02
dt_8:0.02
dt_9:0.02
dt_10:0.02
dt_11:0.02
dt_12:0.02
dt_13:0.02
dt_14:0.02
dt_15:0.02
dt_16:0.02
dt_17:0.02
dt_18:0.02
dt_19:0.02
dt_20:0.02
dt_21:0.02
dt_22:0.02
dt_23:0.02
dt_24:0.02
dt_25:0.02
dt_26:0.02
dt_27:0.02
dt_28:0.02
dt_29:0.02
dt_30:0.02
dt_31:0.02
dt_32:0.02
dt_33:0.02
dt_34:0.02
dt_35:0.02
dt_36:0.02
dt_37:0.02
dt_38:0.02
dt_39:0.02
dt_40:0.02
dt_41:0.02
dt_42:0.02
dt_43:0.02
dt_44:0.02
dt_45:0.02
dt_46:0.02
dt_47:0.02
dt_48:0.02
dt_49:0.02
dt_50:0.02
dt_51:0.02
dt_52:0.02
dt_53:0.02
dt_54:0.02
dt_55:0.02
dt_56:0.02
dt_57:0.02
dt_58:0.02
dt_59:0.02
dt_60:0.02
dt_61:0.02
dt_62:0.02
dt_63:0.02
dt_64:0.02
dt_65:0.02
dt_66:0.02
dt_67:0.02
dt_68:0.02
dt_69:0.02
dt_70:0.02
dt_71:0.02
dt_72:0.02
dt_73:0.02
dt_74:0.02
dt_75:0.02
dt_76:0.02
dt_77:0.02
dt_78:0.02
dt_79:0.02
dt_80:0.02
dt_81:0.02
dt_82:0.02
dt_83:0.02
dt_84:0.02
dt_85:0.02
dt_86:0.02
dt_87:0.02
dt_88:0.02
dt_89:0.02
dt_90:0.02
dt_91:0.02
dt_92:0.02
dt_93:0.02
dt_94:0.02
dt_95:0.02
dt_96:0.02
dt_97:0.02
dt_98:0.02
dt_99:0.02
[Control]
u_0:0.1706239788
u_1:0.3712762239
u_2:0.4213867854
u_3:0.4556525639
u_4:0.4854972254
u_5:0.4930291304
u_6:0.5020670591
u_7:0.5106694964
u_8:0.5232089639
u_9:0.5305077857
u_10:0.5305214012
u_11:0.5483507011
u_12:0.5399466341
u_13:0.5504754079
u_14:0.5554096903
u_15:0.5541551497
u_16:0.5204723587
u_17:0.4948899579
u_18:0.4840630892
u_19:0.468437791
u_20:0.4648045145
u_21:0.4504963185
u_22:0.4520134949
u_23:0.4619143674
u_24:0.457894008
u_25:0.4723631744
u_26:0.4799029488
u_27:0.4957782901
u_28:0.4934094083
u_29:0.488961042
u_30:0.4767698068
u_31:0.4768568597
u_32:0.4502395561
u_33:0.4669680958
u_34:0.4575753846
u_35:0.4540464045
u_36:0.4524663897
u_37:0.462795126
u_38:0.4800279796
u_39:0.4830909869
u_40:0.4881565631
u_41:0.5062352186
u_42:0.5139699693
u_43:0.51126561
u_44:0.5212327052
u_45:0.5147831284
u_46:0.4970416068
u_47:0.4916781485
u_48:0.4859909256
u_49:0.4467994946
u_50:0.4488676005
u_51:0.447321451
u_52:0.444581279
u_53:0.4364265919
u_54:0.4204349655
u_55:0.430700999
u_56:0.4403289027
u_57:0.4437513011
u_58:0.4446489057
u_59:0.4562793664
u_60:0.4440724933
u_61:0.4062661063
u_62:0.3482475136
u_63:0.3361670324
u_64:0.3009182503
u_65:0.2776548263
u_66:0.2852222355
u_67:0.2745921314
u_68:0.2798942288
u_69:0.2729371531
u_70:0.2652236686
u_71:0.2627735361
u_72:0.2807655183
u_73:0.2867084445
u_74:0.3069967194
u_75:0.3501601239
u_76:0.3590865615
u_77:0.4014085429
u_78:0.4499501754
u_79:0.4985476588
u_80:0.5471582727
u_81:0.5957428867
u_82:0.6160510902
u_83:0.6564086898
u_84:0.6630726136
u_85:0.6980990759
u_86:0.746778471
u_87:0.7513924915
u_88:0.739499519
u_89:0.7441621235
u_90:0.7526720259
u_91:0.7497902315
u_92:0.7419299515
u_93:0.7117253086
u_94:0.7183163829
u_95:0.726397197
u_96:0.702582732
u_97:0.6774119515
u_98:0.6600136759
u_99:0.5456548621
[Objective]
0.01093809651
