[Grid]
nodes:100
dt_0:0.02
dt_1:0.02
dt_2:0.02
dt_3:0.02
dt_4:0.02
dt_5:0.02
dt_6:0.02
dt_7:0.02
dt_8:0.02
dt_9:0.02
dt_10:0.02
dt_11:0.02
dt_12:0.02
dt_13:0.02
dt_14:0.02
dt_15:0.02
dt_16:0.02
dt_17:0.02
dt_18:0.02
dt_19:0.02
dt_20:0.02
dt_21:0.02
dt_22:0.02
dt_23:0.02
dt_24:0.02
dt_25:0.02
dt_26:0.02
dt_27:0.02
dt_28:0.02
dt_29:0.02
dt_30:0.02
dt_31:0.02
dt_32:0.02
dt_33:0.02
dt_34:0.02
dt_35:0.02
dt_36:0.02
dt_37:0.02
dt_38:0.02
dt_39:0.02
dt_40:0.02
dt_41:0.02
dt_42:0.02
dt_43:0.02
dt_44:0.02
dt_45:0.02
dt_46:0.02
dt_47:0.02
dt_48:0.02
dt_49:0.02
dt_50:0.02
dt_51:0.02
dt_52:0.02
dt_53:0.02
dt_54:0.02
dt_55:0.02
dt_56:0.02
dt_57:0.02
dt_58:0.02
dt_59:0.02
dt_60:0.02
dt_61:0.02
dt_62:0.02
dt_63:0.02
dt_64:0.02
dt_65:0.02
dt_66:0.02
dt_67:0.02
dt_68:0.02
dt_69:0.02
dt_70:0.02
dt_71:0.02
dt_72:0.02
dt_73:0.02
dt_74:0.02
dt_75:0.02
dt_76:0.02
dt_77:0.02
dt_78:0.02
dt_79:0.02
dt_80:0.02
dt_81:0.02
dt_82:0.02
dt_83:0.02
dt_84:0.02
dt_85:0.02
dt_86:0.02
dt_87:0.02
dt_88:0.02
dt_89:0.02
dt_90:0.02
dt_91:0.02
dt_92:0.02
dt_93:0.02
dt_94:0.02
dt_95:0.02
dt_96:0.02
dt_97:0.02
dt_98:0.02
dt_99:0.02
[Control]
u_0:0.08397709145
u_1:0.2328636586
u_2:0.3142612823
u_3:0.4316413656
u_4:0.4921035425
u_5:0.5220111289
u_6:0.6255152758
u_7:0.589758738
u_8:0.5831909131
u_9:0.6024598393
u_10:0.5804269085
u_11:0.5819977199
u_12:0.5852002352
u_13:0.58688502
u_14:0.6307815871
u_15:0.5850749609
u_16:0.5768427659
u_17:0.5291855281
u_18:0.402337209
u_19:0.3784794427
u_20:0.4308974389
u_21:0.3871329653
u_22:0.4347619895
u_23:0.4721299669
u_24:0.4698912261
u_25:0.4915637272
u_26:0.4907851377
u_27:0.5485498568
u_28:0.5038809056
u_29:0.4753589436
u_30:0.517331002
u_31:0.4707790349
u_32:0.4395340111
u_33:0.4458517371
u_34:0.4281833619
u_35:0.4282699322
u_36:0.4488999991
u_37:0.4276162851
u_38:0.4446740709
u_39:0.4964713446
u_40:0.509964493
u_41:0.517283874
u_42:0.574928419
u_43:0.5738918894
u_44:0.5525829567
u_45:0.5733708621
u_46:0.5559375948
u_47:0.5038376606
u_48:0.4900758755
u_49:0.4824869213
u_50:0.4245369527
u_51:0.4251955018
u_52:0.3660881795
u_53:0.4435153612
u_54:0.4554216258
u_55:0.481295728
u_56:0.4920227033
u_57:0.4570840519
u_58:0.4540625513
u_59:0.5150363531
u_60:0.482602039
u_61:0.4132378722
u_62:0.4495793081
u_63:0.3636586811
u_64:0.3672607985
u_65:0.3187024354
u_66:0.2773636058
u_67:0.144820624
u_68:0.1780906035
u_69:0.1121795794
u_70:0.1504922653
u_71:0.1472662944
u_72:0.1867802371
u_73:0.2278193462
u_74:0.2703433299
u_75:0.3142108924
u_76:0.3592132686
u_77:0.4050965126
u_78:0.4515770324
u_79:0.4983529214
u_80:0.5451127732
u_81:0.5915432398
u_82:0.6373364054
u_83:0.682198033
u_84:0.7258579082
u_85:0.7680838995
u_86:0.8087021995
u_87:0.8476281233
u_88:0.843587083
u_89:0.8807777575
u_90:0.8133317957
u_91:0.8445131655
u_92:0.7504668108
u_93:0.704023994
u_94:0.6729641886
u_95:0.6960726892
u_96:0.6338654785
u_97:0.6390775648
u_98:0.5843106123
u_99:0.547065195
[Objective]
0.01087671849
