[Grid]
nodes:100
dt_0:0.02
dt_1:0.02
dt_2:0.02
dt_3:0.02
dt_4:0.02
dt_5:0.02
dt_6:0.02
dt_7:0.02
dt_8:0.02
dt_9:0.02
dt_10:0.02
dt_11:0.02
dt_12:0.02
dt_13:0.02
dt_14:0.02
dt_15:0.02
dt_16:0.02
dt_17:0.02
dt_18:0.02
dt_19:0.02
dt_20:0.02
dt_21:0.02
dt_22:0.02
dt_23:0.02
dt_24:0.02
dt_25:0.02
dt_26:0.02
dt_27:0.02
dt_28:0.02
dt_29:0.02
dt_30:0.02
dt_31:0.02
dt_32:0.02
dt_33:0.02
dt_34:0.02
dt_35:0.02
dt_36:0.02
dt_37:0.02
dt_38:0.02
dt_39:0.02
dt_40:0.02
dt_41:0.02
dt_42:0.02
dt_43:0.02
dt_44:0.02
dt_45:0.02
dt_46:0.02
dt_47:0.02
dt_48:0.02
dt_49:0.02
dt_50:0.02
dt_51:0.02
dt_52:0.02
dt_53:0.02
dt_54:0.02
dt_55:0.02
dt_56:0.02
dt_57:0.02
dt_58:0.02
dt_59:0.02
dt_60:0.02
dt_61:0.02
dt_62:0.02
dt_63:0.02
dt_64:0.02
dt_65:0.02
dt_66:0.02
dt_67:0.02
dt_68:0.02
dt_69:0.02
dt_70:0.02
dt_71:0.02
dt_72:0.02
dt_73:0.02
dt_74:0.02
dt_75:0.02
dt_76:0.02
dt_77:0.02
dt_78:0.02
dt_79:0.02
dt_80:0.02
dt_81:0.02
dt_82:0.02
dt_83:0.02
dt_84:0.02
dt_85:0.02
dt_86:0.02
dt_87:0.02
dt_88:0.02
dt_89:0.02
dt_90:0.02
dt_91:0.02
dt_92:0.02
dt_93:0.02
dt_94:0.02
dt_95:0.02
dt_96:0.02
dt_97:0.02
dt_98:0.02
dt_99:0.02
[Control]
u_0:0.1706403094
u_1:0.3832983072
u_2:0.3995035845
u_3:0.4473502865
u_4:0.500455318
u_5:0.506864338
u_6:0.5064573956
u_7:0.5096776912
u_8:0.5122922628
u_9:0.5080652199
u_10:0.5272099598
u_11:0.5505990498
u_12:0.5365367296
u_13:0.5582253199
u_14:0.5678101762
u_15:0.5718944815
u_16:0.5050063513
u_17:0.4769842944
u_18:0.4858029292
u_19:0.4839748569
u_20:0.4631479579
u_21:0.4658492844
u_22:0.4632096671
u_23:0.4460307084
u_24:0.4446036523
u_25:0.4654699242
u_26:0.4924459762
u_27:0.5009189861
u_28:0.5066246489
u_29:0.483128993
u_30:0.4708726059
u_31:0.4736188821
u_32:0.4592577256
u_33:0.445282566
u_34:0.4546744694
u_35:0.4532321908
u_36:0.468800927
u_37:0.4650824376
u_38:0.4747917135
u_39:0.4692356954
u_40:0.5118292706
u_41:0.5121867941
u_42:0.4985554743
u_43:0.5055325771
u_44:0.515182812
u_45:0.5279612025
u_46:0.5220589428
u_47:0.4842915807
u_48:0.4560578786
u_49:0.4621188385
u_50:0.4485108682
u_51:0.4615155176
u_52:0.4403525489
u_53:0.4241506721
u_54:0.4299804398
u_55:0.4250656102
u_56:0.445706657
u_57:0.422384566
u_58:0.4529105077
u_59:0.4689635116
u_60:0.451570118
u_61:0.3814463051
u_62:0.3594409446
u_63:0.3414513902
u_64:0.3112024126
u_65:0.2670730379
u_66:0.286249294
u_67:0.2686829612
u_68:0.2784633694
u_69:0.2848602816
u_70:0.2632648575
u_71:0.2573817937
u_72:0.2657288295
u_73:0.2879629769
u_74:0.3088796289
u_75:0.3464951384
u_76:0.3669451485
u_77:0.4013140542
u_78:0.4498696701
u_79:0.4984685128
u_80:0.5470684581
u_81:0.5956283878
u_82:0.630008794
u_83:0.6305428225
u_84:0.6682257619
u_85:0.7023253
u_86:0.7482637037
u_87:0.7620083812
u_88:0.7542595071
u_89:0.7467737006
u_90:0.7508593775
u_91:0.7334758559
u_92:0.7220990829
u_93:0.7429608139
u_94:0.7166507669
u_95:0.6934152422
u_96:0.6929500406
u_97:0.7004151847
u_98:0.6603686402
u_99:0.5456350511
[Objective]
0.01093635899
