[Grid]
nodes:100
dt_0:0.02
dt_1:0.02
dt_2:0.02
dt_3:0.02
dt_4:0.02
dt_5:0.02
dt_6:0.02
dt_7:0.02
dt_8:0.02
dt_9:0.02
dt_10:0.02
dt_11:0.02
dt_12:0.02
dt_13:0.02
dt_14:0.02
dt_15:0.02
dt_16:0.02
dt_17:0.02
dt_18:0.02
dt_19:0.02
dt_20:0.02
dt_21:0.02
dt_22:0.02
dt_23:0.02
dt_24:0.02
dt_25:0.02
dt_26:0.02
dt_27:0.02
dt_28:0.02
dt_29:0.02
dt_30:0.02
dt_31:0.02
dt_32:0.02
dt_33:0.02
dt_34:0.02
dt_35:0.02
dt_36:0.02
dt_37:0.02
dt_38:0.02
dt_39:0.02
dt_40:0.02
dt_41:0.02
dt_42:0.02
dt_43:0.02
dt_44:0.02
dt_45:0.02
dt_46:0.02
dt_47:0.02
dt_48:0.02
dt_49:0.02
dt_50:0.02
dt_51:0.02
dt_52:0.02
dt_53:0.02
dt_54:0.02
dt_55:0.02
dt_56:0.02
dt_57:0.02
dt_58:0.02
dt_59:0.02
dt_60:0.02
dt_61:0.02
dt_62:0.02
dt_63:0.02
dt_64:0.02
dt_65:0.02
dt_66:0.02
dt_67:0.02
dt_68:0.02
dt_69:0.02
dt_70:0.02
dt_71:0.02
dt_72:0.02
dt_73:0.02
dt_74:0.02
dt_75:0.02
dt_76:0.02
dt_77:0.02
dt_78:0.02
dt_79:0.02
dt_80:0.02
dt_81:0.02
dt_82:0.02
dt_83:0.02
dt_84:0.02
dt_85:0.02
dt_86:0.02
dt_87:0.02
dt_88:0.02
dt_89:0.02
dt_90:0.02
dt_91:0.02
dt_92:0.02
dt_93:0.02
dt_94:0.02
dt_95:0.02
dt_96:0.02
dt_97:0.02
dt_98:0.02
dt_99:0.02
[Control]
u_0:0.1689054798
u_1:0.4109373575
u_2:0.4557511545
u_3:0.4528307815
u_4:0.4704705386
u_5:0.4803122472
u_6:0.4986611845
u_7:0.5082426049
u_8:0.4991496756
u_9:0.5304229867
u_10:0.5438267662
u_11:0.5473347061
u_12:0.546935334
u_13:0.5576049951
u_14:0.5364852509
u_15:0.5309065878
u_16:0.5171739815
u_17:0.5076838586
u_18:0.4974551244
u_19:0.4772760245
u_20:0.4595999047
u_21:0.4621323194
u_22:0.4579508042
u_23:0.4482836528
u_24:0.4635095203
u_25:0.4730922442
u_26:0.4774946924
u_27:0.480418812
u_28:0.47331272
u_29:0.4712883973
u_30:0.4869697828
u_31:0.4820048807
u_32:0.4702083456
u_33:0.4800314132
u_34:0.4664468372
u_35:0.4527454378
u_36:0.4432929048
u_37:0.4600135254
u_38:0.4629633295
u_39:0.4919347794
u_40:0.4975532967
u_41:0.5009548838
u_42:0.4966360464
u_43:0.5110122013
u_44:0.5222041706
u_45:0.5073930672
u_46:0.5168495944
u_47:0.4885925439
u_48:0.4632484482
u_49:0.4575490096
u_50:0.4532956445
u_51:0.4450128761
u_52:0.4364953441
u_53:0.4200546135
u_54:0.4460807061
u_55:0.4513519657
u_56:0.4504340658
u_57:0.4494384991
u_58:0.4525582966
u_59:0.4301424013
u_60:0.4135113254
u_61:0.4189222384
u_62:0.3582735108
u_63:0.3178156032
u_64:0.2848199849
u_65:0.2867727466
u_66:0.2729523917
u_67:0.2668591257
u_68:0.2441678161
u_69:0.2803601357
u_70:0.2857385052
u_71:0.2683206835
u_72:0.2776381316
u_73:0.3179831082
u_74:0.3330580958
u_75:0.3435044721
u_76:0.35231442
u_77:0.4010092048
u_78:0.4496974608
u_79:0.4984059636
u_80:0.547109189
u_81:0.5739488964
u_82:0.6232968597
u_83:0.6731331081
u_84:0.6941507096
u_85:0.7132013972
u_86:0.7138972462
u_87:0.7181127637
u_88:0.7443180722
u_89:0.7348478168
u_90:0.7533463238
u_91:0.7496823922
u_92:0.7457456483
u_93:0.7335336721
u_94:0.7248711186
u_95:0.7220781504
u_96:0.7166358388
u_97:0.6880462593
u_98:0.6594508744
u_99:0.5454668895
[Objective]
0.01094201907
