[Grid]
nodes:100
dt_0:0.02
dt_1:0.02
dt_2:0.02
dt_3:0.02
dt_4:0.02
dt_5:0.02
dt_6:0.02
dt_7:0.02
dt_8:0.02
dt_9:0.02
dt_10:0.02
dt_11:0.02
dt_12:0.02
dt_13:0.02
dt_14:0.02
dt_15:0.02
dt_16:0.02
dt_17:0.02
dt_18:0.02
dt_19:0.02
dt_20:0.02
dt_21:0.02
dt_22:0.02
dt_23:0.02
dt_24:0.02
dt_25:0.02
dt_26:0.02
dt_27:0.02
dt_28:0.02
dt_29:0.02
dt_30:0.02
dt_31:0.02
dt_32:0.02
dt_33:0.02
dt_34:0.02
dt_35:0.02
dt_36:0.02
dt_37:0.02
dt_38:0.02
dt_39:0.02
dt_40:0.02
dt_41:0.02
dt_42:0.02
dt_43:0.02
dt_44:0.02
dt_45:0.02
dt_46:0.02
dt_47:0.02
dt_48:0.02
dt_49:0.02
dt_50:0.02
dt_51:0.02
dt_52:0.02
dt_53:0.02
dt_54:0.02
dt_55:0.02
dt_56:0.02
dt_57:0.02
dt_58:0.02
dt_59:0.02
dt_60:0.02
dt_61:0.02
dt_62:0.02
dt_63:0.02
dt_64:0.02
dt_65:0.02
dt_66:0.02
dt_67:0.02
dt_68:0.02
dt_69:0.02
dt_70:0.02
dt_71:0.02
dt_72:0.02
dt_73:0.02
dt_74:0.02
dt_75:0.02
dt_76:0.02
dt_77:0.02
dt_78:0.02
dt_79:0.02
dt_80:0.02
dt_81:0.02
dt_82:0.02
dt_83:0.02
dt_84:0.02
dt_85:0.02
dt_86:0.02
dt_87:0.02
dt_88:0.02
dt_89:0.02
dt_90:0.02
dt_91:0.02
dt_92:0.02
dt_93:0.02
dt_94:0.02
dt_95:0.02
dt_96:0.02
dt_97:0.02
dt_98:0.02
dt_99:0.02
[Control]
u_0:0.1709036575
u_1:0.398151051
u_2:0.4013436851
u_3:0.4189873382
u_4:0.4907698235
u_5:0.4901395311
u_6:0.4840273831
u_7:0.51633794
u_8:0.5218322442
u_9:0.5144098589
u_10:0.5298418268
u_11:0.5478703892
u_12:0.5471519367
u_13:0.5440734977
u_14:0.5577070992
u_15:0.5546233569
u_16:0.5517971276
u_17:0.5141860369
u_18:0.4927102239
u_19:0.4854204398
u_20:0.4771985509
u_21:0.4648572846
u_22:0.4555444598
u_23:0.4554640243
u_24:0.4885092548
u_25:0.4663227025
u_26:0.4818891116
u_27:0.4716124418
u_28:0.489362665
u_29:0.4703860746
u_30:0.4756947268
u_31:0.4738704005
u_32:0.4535681447
u_33:0.4322887866
u_34:0.4323026031
u_35:0.4398416995
u_36:0.4589725985
u_37:0.4568041838
u_38:0.4539664999
u_39:0.5082614797
u_40:0.534934146
u_41:0.5162276597
u_42:0.5277721859
u_43:0.5261700381
u_44:0.5327220762
u_45:0.5527429391
u_46:0.5217104312
u_47:0.4935146718
u_48:0.4793261112
u_49:0.4466243279
u_50:0.4314025254
u_51:0.4347688387
u_52:0.4304912208
u_53:0.446406433
u_54:0.444767435
u_55:0.4382842791
u_56:0.457018392
u_57:0.4703153401
u_58:0.4339565318
u_59:0.4346941586
u_60:0.4503005975
u_61:0.3681044008
u_62:0.3469370389
u_63:0.3326033824
u_64:0.2840095198
u_65:0.286632118
u_66:0.2709967658
u_67:0.2405454393
u_68:0.275744389
u_69:0.2691901146
u_70:0.2412161235
u_71:0.2603659678
u_72:0.2789628132
u_73:0.2787876277
u_74:0.3062606321
u_75:0.3326286863
u_76:0.4018448172
u_77:0.4018767343
u_78:0.4496647647
u_79:0.4984864907
u_80:0.5473117111
u_81:0.5951113135
u_82:0.5951666782
u_83:0.6644268059
u_84:0.6591330403
u_85:0.7085436131
u_86:0.7279882684
u_87:0.7399572898
u_88:0.7397513773
u_89:0.7587269514
u_90:0.7649686717
u_91:0.7809168403
u_92:0.7772838236
u_93:0.7182929851
u_94:0.7140558858
u_95:0.7332175018
u_96:0.7084484827
u_97:0.6505969029
u_98:0.594181393
u_99:0.5453965887
[Objective]
0.01092605941
