[Grid]
nodes:100
dt_0:0.02
dt_1:0.02
dt_2:0.02
dt_3:0.02
dt_4:0.02
dt_5:0.02
dt_6:0.02
dt_7:0.02
dt_8:0.02
dt_9:0.02
dt_10:0.02
dt_11:0.02
dt_12:0.02
dt_13:0.02
dt_14:0.02
dt_15:0.02
dt_16:0.02
dt_17:0.02
dt_18:0.02
dt_19:0.02
dt_20:0.02
dt_21:0.02
dt_22:0.02
dt_23:0.02
dt_24:0.02
dt_25:0.02
dt_26:0.02
dt_27:0.02
dt_28:0.02
dt_29:0.02
dt_30:0.02
dt_31:0.02
dt_32:0.02
dt_33:0.02
dt_34:0.02
dt_35:0.02
dt_36:0.02
dt_37:0.02
dt_38:0.02
dt_39:0.02
dt_40:0.02
dt_41:0.02
dt_42:0.02
dt_43:0.02
dt_44:0.02
dt_45:0.02
dt_46:0.02
dt_47:0.02
dt_48:0.02
dt_49:0.02
dt_50:0.02
dt_51:0.02
dt_52:0.02
dt_53:0.02
dt_54:0.02
dt_55:0.02
dt_56:0.02
dt_57:0.02
dt_58:0.02
dt_59:0.02
dt_60:0.02
dt_61:0.02
dt_62:0.02
dt_63:0.02
dt_64:0.02
dt_65:0.02
dt_66:0.02
dt_67:0.02
dt_68:0.02
dt_69:0.02
dt_70:0.02
dt_71:0.02
dt_72:0.02
dt_73:0.02
dt_74:0.02
dt_75:0.02
dt_76:0.02
dt_77:0.02
dt_78:0.02
dt_79:0.02
dt_80:0.02
dt_81:0.02
dt_82:0.02
dt_83:0.02
dt_84:0.02
dt_85:0.02
dt_86:0.02
dt_87:0.02
dt_88:0.02
dt_89:0.02
dt_90:0.02
dt_91:0.02
dt_92:0.02
dt_93:0.02
dt_94:0.02
dt_95:0.02
dt_96:0.02
dt_97:0.02
dt_98:0.02
dt_99:0.02
[Control]
u_0:0.1706305122
u_1:0.3896837803
u_2:0.4203345866
u_3:0.4424121255
u_4:0.4634655826
u_5:0.4839393388
u_6:0.4944914803
u_7:0.5163709832
u_8:0.5266320941
u_9:0.5316966393
u_10:0.5301421253
u_11:0.5363109938
u_12:0.5373548841
u_13:0.5408437905
u_14:0.5520550152
u_15:0.5468441665
u_16:0.5445614292
u_17:0.5106469441
u_18:0.4987092057
u_19:0.4802221192
u_20:0.4574880757
u_21:0.4698799193
u_22:0.4690886096
u_23:0.4689990954
u_24:0.4797145126
u_25:0.4869590193
u_26:0.4602761495
u_27:0.4731343993
u_28:0.4793678584
u_29:0.4950835404
u_30:0.4663474845
u_31:0.4846902125
u_32:0.4512509984
u_33:0.4450066279
u_34:0.4348318322
u_35:0.4344032999
u_36:0.447188183
u_37:0.4463762018
u_38:0.4560705156
u_39:0.5139402245
u_40:0.5262508879
u_41:0.5275622064
u_42:0.5363867695
u_43:0.5326862005
u_44:0.5318056927
u_45:0.5336887332
u_46:0.5212514186
u_47:0.4849179348
u_48:0.4558762295
u_49:0.4598766806
u_50:0.4437530719
u_51:0.4423659343
u_52:0.4245365743
u_53:0.4358086792
u_54:0.4165575071
u_55:0.4376923216
u_56:0.4725502224
u_57:0.4672230925
u_58:0.4575400668
u_59:0.4362828311
u_60:0.4266378599
u_61:0.38102524
u_62:0.3521282125
u_63:0.3234519651
u_64:0.282394593
u_65:0.2901227739
u_66:0.2739438303
u_67:0.2550075807
u_68:0.2596292462
u_69:0.2517384585
u_70:0.2664997605
u_71:0.2623861206
u_72:0.2766751615
u_73:0.3045603362
u_74:0.3190434652
u_75:0.3213002361
u_76:0.3772968885
u_77:0.41475631
u_78:0.4496459481
u_79:0.4985053691
u_80:0.5473712661
u_81:0.5822822145
u_82:0.6197846805
u_83:0.6448922467
u_84:0.670067997
u_85:0.716543491
u_86:0.7104367407
u_87:0.7288285568
u_88:0.7505367827
u_89:0.7701919753
u_90:0.7710179939
u_91:0.7635049723
u_92:0.7584533415
u_93:0.7340879971
u_94:0.7164300062
u_95:0.718179818
u_96:0.6963972456
u_97:0.6540386471
u_98:0.6188491761
u_99:0.5456890514
[Objective]
0.01092882565
