[Grid]
nodes:100
dt_0:0.02
dt_1:0.02
dt_2:0.02
dt_3:0.02
dt_4:0.02
dt_5:0.02
dt_6:0.02
dt_7:0.02
dt_8:0.02
dt_9:0.02
dt_10:0.02
dt_11:0.02
dt_12:0.02
dt_13:0.02
dt_14:0.02
dt_15:0.02
dt_16:0.02
dt_17:0.02
dt_18:0.02
dt_19:0.02
dt_20:0.02
dt_21:0.02
dt_22:0.02
dt_23:0.02
dt_24:0.02
dt_25:0.02
dt_26:0.02
dt_27:0.02
dt_28:0.02
dt_29:0.02
dt_30:0.02
dt_31:0.02
dt_32:0.02
dt_33:0.02
dt_34:0.02
dt_35:0.02
dt_36:0.02
dt_37:0.02
dt_38:0.02
dt_39:0.02
dt_40:0.02
dt_41:0.02
dt_42:0.02
dt_43:0.02
dt_44:0.02
dt_45:0.02
dt_46:0.02
dt_47:0.02
dt_48:0.02
dt_49:0.02
dt_50:0.02
dt_51:0.02
dt_52:0.02
dt_53:0.02
dt_54:0.02
dt_55:0.02
dt_56:0.02
dt_57:0.02
dt_58:0.02
dt_59:0.02
dt_60:0.02
dt_61:0.02
dt_62:0.02
dt_63:0.02
dt_64:0.02
dt_65:0.02
dt_66:0.02
dt_67:0.02
dt_68:0.02
dt_69:0.02
dt_70:0.02
dt_71:0.02
dt_72:0.02
dt_73:0.02
dt_74:0.02
dt_75:0.02
dt_76:0.02
dt_77:0.02
dt_78:0.02
dt_79:0.02
dt_80:0.02
dt_81:0.02
dt_82:0.02
dt_83:0.02
dt_84:0.02
dt_85:0.02
dt_86:0.02
dt_87:0.02
dt_88:0.02
dt_89:0.02
dt_90:0.02
dt_91:0.02
dt_92:0.02
dt_93:0.02
dt_94:0.02
dt_95:0.02
dt_96:0.02
dt_97:0.02
dt_98:0.02
dt_99:0.02
[Control]
u_0:0.1693147608
u_1:0.3978265175
u_2:0.4532612196
u_3:0.4582769489
u_4:0.4594401664
u_5:0.4943002444
u_6:0.5055514345
u_7:0.4975514786
u_8:0.5107452404
u_9:0.5175083289
u_10:0.5398194662
u_11:0.551522845
u_12:0.5600785872
u_13:0.5457042621
u_14:0.5466577193
u_15:0.5325996763
u_16:0.5182569465
u_17:0.5084663804
u_18:0.4920526882
u_19:0.4759741597
u_20:0.4579807344
u_21:0.4588122521
u_22:0.4564901145
u_23:0.4605520828
u_24:0.46384234
u_25:0.4562549323
u_26:0.4876373934
u_27:0.4715944226
u_28:0.4777104227
u_29:0.4818166754
u_30:0.4806456147
u_31:0.4834363858
u_32:0.4754117
u_33:0.4681936747
u_34:0.4597370829
u_35:0.4590109895
u_36:0.4609261319
u_37:0.4646001381
u_38:0.456495478
u_39:0.4738314052
u_40:0.4940719832
u_41:0.497456384
u_42:0.5136729888
u_43:0.5124703486
u_44:0.5208858887
u_45:0.5100082524
u_46:0.5093923048
u_47:0.4811492257
u_48:0.477433219
u_49:0.4534223838
u_50:0.4520746608
u_51:0.4492919694
u_52:0.4284027603
u_53:0.428628954
u_54:0.4405240854
u_55:0.4494251779
u_56:0.4492930633
u_57:0.4626702884
u_58:0.4514327778
u_59:0.4232039581
u_60:0.4205678362
u_61:0.4119298319
u_62:0.3522346743
u_63:0.3189444745
u_64:0.2922367793
u_65:0.2810545245
u_66:0.269911965
u_67:0.2712988296
u_68:0.2634285605
u_69:0.2680087414
u_70:0.2705314606
u_71:0.2807118209
u_72:0.3078059173
u_73:0.2950432873
u_74:0.3268700136
u_75:0.3428754479
u_76:0.3524495293
u_77:0.4010800711
u_78:0.4497147177
u_79:0.4983717521
u_80:0.5470169592
u_81:0.5956171186
u_82:0.5936510852
u_83:0.6779027799
u_84:0.6883664292
u_85:0.7253463277
u_86:0.7177174664
u_87:0.7192021144
u_88:0.7395769965
u_89:0.7381273883
u_90:0.7448321758
u_91:0.7427182474
u_92:0.7426643613
u_93:0.7391317545
u_94:0.7269030341
u_95:0.7287379271
u_96:0.7092797574
u_97:0.679614873
u_98:0.6596175889
u_99:0.5455421292
[Objective]
0.01094116312
