[Grid]
nodes:100
dt_0:0.02
dt_1:0.02
dt_2:0.02
dt_3:0.02
dt_4:0.02
dt_5:0.02
dt_6:0.02
dt_7:0.02
dt_8:0.02
dt_9:0.02
dt_10:0.02
dt_11:0.02
dt_12:0.02
dt_13:0.02
dt_14:0.02
dt_15:0.02
dt_16:0.02
dt_17:0.02
dt_18:0.02
dt_19:0.02
dt_20:0.02
dt_21:0.02
dt_22:0.02
dt_23:0.02
dt_24:0.02
dt_25:0.02
dt_26:0.02
dt_27:0.02
dt_28:0.02
dt_29:0.02
dt_30:0.02
dt_31:0.02
dt_32:0.02
dt_33:0.02
dt_34:0.02
dt_35:0.02
dt_36:0.02
dt_37:0.02
dt_38:0.02
dt_39:0.02
dt_40:0.02
dt_41:0.02
dt_42:0.02
dt_43:0.02
dt_44:0.02
dt_45:0.02
dt_46:0.02
dt_47:0.02
dt_48:0.02
dt_49:0.02
dt_50:0.02
dt_51:0.02
dt_52:0.02
dt_53:0.02
dt_54:0.02
dt_55:0.02
dt_56:0.02
dt_57:0.02
dt_58:0.02
dt_59:0.02
dt_60:0.02
dt_61:0.02
dt_62:0.02
dt_63:0.02
dt_64:0.02
dt_65:0.02
dt_66:0.02
dt_67:0.02
dt_68:0.02
dt_69:0.02
dt_70:0.02
dt_71:0.02
dt_72:0.02
dt_73:0.02
dt_74:0.02
dt_75:0.02
dt_76:0.02
dt_77:0.02
dt_78:0.02
dt_79:0.02
dt_80:0.02
dt_81:0.02
dt_82:0.02
dt_83:0.02
dt_84:0.02
dt_85:0.02
dt_86:0.02
dt_87:0.02
dt_88:0.02
dt_89:0.02
dt_90:0.02
dt_91:0.02
dt_92:0.02
dt_93:0.02
dt_94:0.02
dt_95:0.02
dt_96:0.02
dt_97:0.02
dt_98:0.02
dt_99:0.02
[Control]
u_0:0.09010551886
u_1:0.2382620625
u_2:0.3577114487
u_3:0.3741075864
u_4:0.5021847715
u_5:0.5222079794
u_6:0.5206889035
u_7:0.5614923748
u_8:0.5930759917
u_9:0.6066308492
u_10:0.6470505032
u_11:0.5930285823
u_12:0.5720563631
u_13:0.5638547863
u_14:0.5783027144
u_15:0.6009338519
u_16:0.5220343183
u_17:0.5276548554
u_18:0.4639166666
u_19:0.4729609531
u_20:0.4248436895
u_21:0.4074986648
u_22:0.4506401319
u_23:0.4116494912
u_24:0.4138089419
u_25:0.5281189095
u_26:0.5082560042
u_27:0.4971166901
u_28:0.4949907592
u_29:0.4971622949
u_30:0.4770882035
u_31:0.4829132383
u_32:0.4593996679
u_33:0.4450472802
u_34:0.4519264266
u_35:0.4334327455
u_36:0.4563023045
u_37:0.4584356349
u_38:0.4444300407
u_39:0.4935840572
u_40:0.5031338715
u_41:0.5467202189
u_42:0.5228016062
u_43:0.5344856713
u_44:0.5464109094
u_45:0.5434736491
u_46:0.556934754
u_47:0.5074202106
u_48:0.4976457794
u_49:0.4539425129
u_50:0.4778412706
u_51:0.4326907931
u_52:0.4209814015
u_53:0.4250217693
u_54:0.4354673551
u_55:0.4398125047
u_56:0.4813995348
u_57:0.4755070146
u_58:0.5038004069
u_59:0.4716572929
u_60:0.4939447332
u_61:0.4446455545
u_62:0.3486972349
u_63:0.3953961552
u_64:0.3103651038
u_65:0.315434114
u_66:0.2652312131
u_67:0.1894165262
u_68:0.1676018094
u_69:0.1626892982
u_70:0.2093615958
u_71:0.1752538238
u_72:0.2181393236
u_73:0.224694182
u_74:0.2682352229
u_75:0.3128066783
u_76:0.3583066545
u_77:0.4045549642
u_78:0.4513215527
u_79:0.4983462695
u_80:0.5453539657
u_81:0.5920674086
u_82:0.6382199913
u_83:0.6835701973
u_84:0.7279202649
u_85:0.7711429477
u_86:0.7772470051
u_87:0.819500485
u_88:0.7845131402
u_89:0.8299687205
u_90:0.8233815756
u_91:0.7992699974
u_92:0.7946574267
u_93:0.7295292654
u_94:0.7023328356
u_95:0.6885501466
u_96:0.6560393525
u_97:0.6211503286
u_98:0.5303477749
u_99:0.5475932861
[Objective]
0.01088908712
