[Grid]
nodes:100
dt_0:0.02
dt_1:0.02
dt_2:0.02
dt_3:0.02
dt_4:0.02
dt_5:0.02
dt_6:0.02
dt_7:0.02
dt_8:0.02
dt_9:0.02
dt_10:0.02
dt_11:0.02
dt_12:0.02
dt_13:0.02
dt_14:0.02
dt_15:0.02
dt_16:0.02
dt_17:0.02
dt_18:0.02
dt_19:0.02
dt_20:0.02
dt_21:0.02
dt_22:0.02
dt_23:0.02
dt_24:0.02
dt_25:0.02
dt_26:0.02
dt_27:0.02
dt_28:0.02
dt_29:0.02
dt_30:0.02
dt_31:0.02
dt_32:0.02
dt_33:0.02
dt_34:0.02
dt_35:0.02
dt_36:0.02
dt_37:0.02
dt_38:0.02
dt_39:0.02
dt_40:0.02
dt_41:0.02
dt_42:0.02
dt_43:0.02
dt_44:0.02
dt_45:0.02
dt_46:0.02
dt_47:0.02
dt_48:0.02
dt_49:0.02
dt_50:0.02
dt_51:0.02
dt_52:0.02
dt_53:0.02
dt_54:0.02
dt_55:0.02
dt_56:0.02
dt_57:0.02
dt_58:0.02
dt_59:0.02
dt_60:0.02
dt_61:0.02
dt_62:0.02
dt_63:0.02
dt_64:0.02
dt_65:0.02
dt_66:0.02
dt_67:0.02
dt_68:0.02
dt_69:0.02
dt_70:0.02
dt_71:0.02
dt_72:0.02
dt_73:0.02
dt_74:0.02
dt_75:0.02
dt_76:0.02
dt_77:0.02
dt_78:0.02
dt_79:0.02
dt_80:0.02
dt_81:0.02
dt_82:0.02
dt_83:0.02
dt_84:0.02
dt_85:0.02
dt_86:0.02
dt_87:0.02
dt_88:0.02
dt_89:0.02
dt_90:0.02
dt_91:0.02
dt_92:0.02
dt_93:0.02
dt_94:0.02
dt_95:0.02
dt_96:0.02
dt_97:0.02
dt_98:0.02
dt_99:0.02
[Control]
u_0:0.1721356161
u_1:0.2310780464
u_2:0.4712438269
u_3:0.4493036045
u_4:0.449227478
u_5:0.6329758656
u_6:0.5688392267
u_7:0.5850135456
u_8:0.5837856122
u_9:0.5900580271
u_10:0.5484140583
u_11:0.5262671688
u_12:0.7077041836
u_13:0.5140094332
u_14:0.6858388489
u_15:0.767434795
u_16:0.6505593674
u_17:0.528072746
u_18:0.4061302502
u_19:0.2909872993
u_20:0.1888713125
u_21:0.2927969326
u_22:0.4947836255
u_23:0.5264332497
u_24:0.3834400816
u_25:0.5772310519
u_26:0.5338164068
u_27:0.5074493559
u_28:0.489027138
u_29:0.6201762891
u_30:0.5392279177
u_31:0.5473475867
u_32:0.3643682345
u_33:0.384245435
u_34:0.3253283041
u_35:0.4856202795
u_36:0.4688419655
u_37:0.3146284929
u_38:0.279618671
u_39:0.4568444495
u_40:0.6386611898
u_41:0.6179296418
u_42:0.6762082736
u_43:0.5154293566
u_44:0.5318231058
u_45:0.6857139527
u_46:0.7204270054
u_47:0.5428946606
u_48:0.3607221521
u_49:0.3810005642
u_50:0.3221080073
u_51:0.4820246689
u_52:0.4643962106
u_53:0.3087196791
u_54:0.2714113944
u_55:0.4451633935
u_56:0.6218251378
u_57:0.5935173996
u_58:0.453765632
u_59:0.4572591281
u_60:0.6038862531
u_61:0.4052118903
u_62:0.4409614704
u_63:0.4558453856
u_64:0.2603825552
u_65:0.4160903896
u_66:0.1831650808
u_67:0.02385416907
u_68:0.0528981472
u_69:0.08391401524
u_70:0.1171642972
u_71:0.1527124913
u_72:0.1904911052
u_73:0.2303432449
u_74:0.272050065
u_75:0.3153495811
u_76:0.3599498226
u_77:0.4055381616
u_78:0.4517880452
u_79:0.4983639935
u_80:0.5449255037
u_81:0.5911303648
u_82:0.6366378214
u_83:0.6811120176
u_84:0.7242262024
u_85:0.7656683021
u_86:0.8051486836
u_87:0.8424112992
u_88:0.8772500464
u_89:0.9095333772
u_90:0.9392428378
u_91:0.9665382278
u_92:0.8049110724
u_93:0.5689539835
u_94:0.7207508881
u_95:0.5604480088
u_96:0.7670190386
u_97:0.8199706314
u_98:0.6566933364
u_99:0.5445461142
[Objective]
0.01079936322
