[Grid]
nodes:100
dt_0:0.02
dt_1:0.02
dt_2:0.02
dt_3:0.02
dt_4:0.02
dt_5:0.02
dt_6:0.02
dt_7:0.02
dt_8:0.02
dt_9:0.02
dt_10:0.02
dt_11:0.02
dt_12:0.02
dt_13:0.02
dt_14:0.02
dt_15:0.02
dt_16:0.02
dt_17:0.02
dt_18:0.02
dt_19:0.02
dt_20:0.02
dt_21:0.02
dt_22:0.02
dt_23:0.02
dt_24:0.02
dt_25:0.02
dt_26:0.02
dt_27:0.02
dt_28:0.02
dt_29:0.02
dt_30:0.02
dt_31:0.02
dt_32:0.02
dt_33:0.02
dt_34:0.02
dt_35:0.02
dt_36:0.02
dt_37:0.02
dt_38:0.02
dt_39:0.02
dt_40:0.02
dt_41:0.02
dt_42:0.02
dt_43:0.02
dt_44:0.02
dt_45:0.02
dt_46:0.02
dt_47:0.02
dt_48:0.02
dt_49:0.02
dt_50:0.02
dt_51:0.02
dt_52:0.02
dt_53:0.02
dt_54:0.02
dt_55:0.02
dt_56:0.02
dt_57:0.02
dt_58:0.02
dt_59:0.02
dt_60:0.02
dt_61:0.02
dt_62:0.02
dt_63:0.02
dt_64:0.02
dt_65:0.02
dt_66:0.02
dt_67:0.02
dt_68:0.02
dt_69:0.02
dt_70:0.02
dt_71:0.02
dt_72:0.02
dt_73:0.02
dt_74:0.02
dt_75:0.02
dt_76:0.02
dt_77:0.02
dt_78:0.02
dt_79:0.02
dt_80:0.02
dt_81:0.02
dt_82:0.02
dt_83:0.02
dt_84:0.02
dt_85:0.02
dt_86:0.02
dt_87:0.02
dt_88:0.02
dt_89:0.02
dt_90:0.02
dt_91:0.02
dt_92:0.02
dt_93:0.02
dt_94:0.02
dt_95:0.02
dt_96:0.02
dt_97:0.02
dt_98:0.02
dt_99:0.02
[Control]
u_0:0.1698400582
u_1:0.3835688449
u_2:0.4477933671
u_3:0.4528718428
u_4:0.471123584
u_5:0.4918794196
u_6:0.5123680694
u_7:0.4955699012
u_8:0.5110245945
u_9:0.5216822361
u_10:0.5579398972
u_11:0.5444303645
u_12:0.5427520842
u_13:0.5474240661
u_14:0.5453923669
u_15:0.5471530766
u_16:0.522166372
u_17:0.491150064
u_18:0.4931759109
u_19:0.4750638568
u_20:0.4598952234
u_21:0.4651345409
u_22:0.4469345615
u_23:0.4589483117
u_24:0.4672933558
u_25:0.4489508543
u_26:0.5004852698
u_27:0.4805668981
u_28:0.4786694793
u_29:0.4755714556
u_30:0.4826328366
u_31:0.4852334669
u_32:0.4631341247
u_33:0.4707423134
u_34:0.4630259397
u_35:0.4600673088
u_36:0.457235506
u_37:0.4629021028
u_38:0.4623145871
u_39:0.4671019824
u_40:0.4999850844
u_41:0.5063627253
u_42:0.5163833646
u_43:0.5115127973
u_44:0.5077139715
u_45:0.5206191137
u_46:0.4995708376
u_47:0.4849838783
u_48:0.4773526211
u_49:0.4701176685
u_50:0.4459504261
u_51:0.4383327674
u_52:0.4284789705
u_53:0.4290869947
u_54:0.4399183775
u_55:0.4444818316
u_56:0.4554023695
u_57:0.4452198302
u_58:0.4516885028
u_59:0.4308296861
u_60:0.4366297281
u_61:0.4047705886
u_62:0.3598170036
u_63:0.3199182284
u_64:0.2914708248
u_65:0.2878683038
u_66:0.2769145844
u_67:0.270568809
u_68:0.2658314835
u_69:0.2604543631
u_70:0.2830447701
u_71:0.2912501333
u_72:0.2751409
u_73:0.2900504004
u_74:0.3288514657
u_75:0.3381749882
u_76:0.352868747
u_77:0.4013731011
u_78:0.4499248946
u_79:0.498529798
u_80:0.5471456949
u_81:0.5957345063
u_82:0.6031863442
u_83:0.6754787059
u_84:0.673309262
u_85:0.7045557998
u_86:0.7251617246
u_87:0.7324734456
u_88:0.7404590533
u_89:0.7482311957
u_90:0.752527789
u_91:0.7440074238
u_92:0.7375076673
u_93:0.7424167673
u_94:0.7277532242
u_95:0.718355886
u_96:0.6877212903
u_97:0.6945635015
u_98:0.6597555643
u_99:0.5455688111
[Objective]
0.01094010322
