[Grid]
nodes:100
dt_0:0.02
dt_1:0.02
dt_2:0.02
dt_3:0.02
dt_4:0.02
dt_5:0.02
dt_6:0.02
dt_7:0.02
dt_8:0.02
dt_9:0.02
dt_10:0.02
dt_11:0.02
dt_12:0.02
dt_13:0.02
dt_14:0.02
dt_15:0.02
dt_16:0.02
dt_17:0.02
dt_18:0.02
dt_19:0.02
dt_20:0.02
dt_21:0.02
dt_22:0.02
dt_23:0.02
dt_24:0.02
dt_25:0.02
dt_26:0.02
dt_27:0.02
dt_28:0.02
dt_29:0.02
dt_30:0.02
dt_31:0.02
dt_32:0.02
dt_33:0.02
dt_34:0.02
dt_35:0.02
dt_36:0.02
dt_37:0.02
dt_38:0.02
dt_39:0.02
dt_40:0.02
dt_41:0.02
dt_42:0.02
dt_43:0.02
dt_44:0.02
dt_45:0.02
dt_46:0.02
dt_47:0.02
dt_48:0.02
dt_49:0.02
dt_50:0.02
dt_51:0.02
dt_52:0.02
dt_53:0.02
dt_54:0.02
dt_55:0.02
dt_56:0.02
dt_57:0.02
dt_58:0.02
dt_59:0.02
dt_60:0.02
dt_61:0.02
dt_62:0.02
dt_63:0.02
dt_64:0.02
dt_65:0.02
dt_66:0.02
dt_67:0.02
dt_68:0.02
dt_69:0.02
dt_70:0.02
dt_71:0.02
dt_72:0.02
dt_73:0.02
dt_74:0.02
dt_75:0.02
dt_76:0.02
dt_77:0.02
dt_78:0.02
dt_79:0.02
dt_80:0.02
dt_81:0.02
dt_82:0.02
dt_83:0.02
dt_84:0.02
dt_85:0.02
dt_86:0.02
dt_87:0.02
dt_88:0.02
dt_89:0.02
dt_90:0.02
dt_91:0.02
dt_92:0.02
dt_93:0.02
dt_94:0.02
dt_95:0.02
dt_96:0.02
dt_97:0.02
dt_98:0.02
dt_99:0.02
[Control]
u_0:0.1680879682
u_1:0.4121697746
u_2:0.4615110755
u_3:0.4835418649
u_4:0.4901625271
u_5:0.4848271057
u_6:0.4987381166
u_7:0.4937629521
u_8:0.4978285638
u_9:0.5187686419
u_10:0.5253659926
u_11:0.5239038604
u_12:0.5444712053
u_13:0.5384898549
u_14:0.5318998536
u_15:0.5390885646
u_16:0.5254385812
u_17:0.5018788854
u_18:0.4746932513
u_19:0.4774735401
u_20:0.4661373671
u_21:0.4633648421
u_22:0.4640418111
u_23:0.4693421076
u_24:0.4788780639
u_25:0.4726123016
u_26:0.4796849618
u_27:0.4794397009
u_28:0.4867455994
u_29:0.483611551
u_30:0.4758930461
u_31:0.4683357249
u_32:0.4566705985
u_33:0.4543871959
u_34:0.4498830123
u_35:0.4569127622
u_36:0.4597005247
u_37:0.4828628624
u_38:0.4857951609
u_39:0.5033936128
u_40:0.4997154118
u_41:0.501051523
u_42:0.4969894967
u_43:0.4968150998
u_44:0.5044275967
u_45:0.5025627188
u_46:0.4960782752
u_47:0.493551868
u_48:0.445831276
u_49:0.4565669725
u_50:0.4575206308
u_51:0.4460408498
u_52:0.4368374472
u_53:0.4476526021
u_54:0.4439572589
u_55:0.4412438286
u_56:0.4380765309
u_57:0.446137852
u_58:0.4562444456
u_59:0.4366957947
u_60:0.4413327484
u_61:0.4259499224
u_62:0.3210670924
u_63:0.3106538627
u_64:0.3097685284
u_65:0.2892930865
u_66:0.2796162548
u_67:0.268483242
u_68:0.2566873591
u_69:0.2637732206
u_70:0.2768232166
u_71:0.263049479
u_72:0.2844287732
u_73:0.3064948649
u_74:0.3155943941
u_75:0.333591313
u_76:0.4063021947
u_77:0.3998470508
u_78:0.4488376189
u_79:0.4977166357
u_80:0.5464865762
u_81:0.5838251065
u_82:0.6328031546
u_83:0.6731766529
u_84:0.6839182636
u_85:0.6937350773
u_86:0.7130800089
u_87:0.732073596
u_88:0.7295127975
u_89:0.735861932
u_90:0.7499692792
u_91:0.7493360667
u_92:0.7448926339
u_93:0.7409472486
u_94:0.727557636
u_95:0.7263150137
u_96:0.7195085029
u_97:0.714964265
u_98:0.6587275921
u_99:0.545225288
[Objective]
0.01094599586
