[Grid]
nodes:100
dt_0:0.02
dt_1:0.02
dt_2:0.02
dt_3:0.02
dt_4:0.02
dt_5:0.02
dt_6:0.02
dt_7:0.02
dt_8:0.02
dt_9:0.02
dt_10:0.02
dt_11:0.02
dt_12:0.02
dt_13:0.02
dt_14:0.02
dt_15:0.02
dt_16:0.02
dt_17:0.02
dt_18:0.02
dt_19:0.02
dt_20:0.02
dt_21:0.02
dt_22:0.02
dt_23:0.02
dt_24:0.02
dt_25:0.02
dt_26:0.02
dt_27:0.02
dt_28:0.02
dt_29:0.02
dt_30:0.02
dt_31:0.02
dt_32:0.02
dt_33:0.02
dt_34:0.02
dt_35:0.02
dt_36:0.02
dt_37:0.02
dt_38:0.02
dt_39:0.02
dt_40:0.02
dt_41:0.02
dt_42:0.02
dt_43:0.02
dt_44:0.02
dt_45:0.02
dt_46:0.02
dt_47:0.02
dt_48:0.02
dt_49:0.02
dt_50:0.02
dt_51:0.02
dt_52:0.02
dt_53:0.02
dt_54:0.02
dt_55:0.02
dt_56:0.02
dt_57:0.02
dt_58:0.02
dt_59:0.02
dt_60:0.02
dt_61:0.02
dt_62:0.02
dt_63:0.02
dt_64:0.02
dt_65:0.02
dt_66:0.02
dt_67:0.02
dt_68:0.02
dt_69:0.02
dt_70:0.02
dt_71:0.02
dt_72:0.02
dt_73:0.02
dt_74:0.02
dt_75:0.02
dt_76:0.02
dt_77:0.02
dt_78:0.02
dt_79:0.02
dt_80:0.02
dt_81:0.02
dt_82:0.02
dt_83:0.02
dt_84:0.02
dt_85:0.02
dt_86:0.02
dt_87:0.02
dt_88:0.02
dt_89:0.02
dt_90:0.02
dt_91:0.02
dt_92:0.02
dt_93:0.02
dt_94:0.02
dt_95:0.02
dt_96:0.02
dt_97:0.02
dt_98:0.02
dt_99:0.02
[Control]
u_0:0.1701431668
u_1:0.3738209569
u_2:0.4439810874
u_3:0.4579307309
u_4:0.4814470635
u_5:0.4732402469
u_6:0.5052332203
u_7:0.5140011067
u_8:0.5262689891
u_9:0.5184753926
u_10:0.5487329681
u_11:0.5488062933
u_12:0.5357928483
u_13:0.5448817258
u_14:0.552252815
u_15:0.5469499639
u_16:0.5234347406
u_17:0.5023900806
u_18:0.4864329666
u_19:0.4671071163
u_20:0.4550747326
u_21:0.4653678543
u_22:0.4484571325
u_23:0.4638143035
u_24:0.4582660097
u_25:0.4591909597
u_26:0.4831148551
u_27:0.4956856052
u_28:0.4887511057
u_29:0.4811166654
u_30:0.479912188
u_31:0.4714063881
u_32:0.4722017288
u_33:0.4603284156
u_34:0.4613875585
u_35:0.4553643728
u_36:0.4593267504
u_37:0.4605662352
u_38:0.4677608398
u_39:0.4768356524
u_40:0.4981631726
u_41:0.5062305359
u_42:0.513732074
u_43:0.5182291417
u_44:0.510945318
u_45:0.5100046553
u_46:0.5058014567
u_47:0.4823436627
u_48:0.4797465882
u_49:0.4679849895
u_50:0.4376488969
u_51:0.4414256481
u_52:0.4302011331
u_53:0.4393559399
u_54:0.4370749369
u_55:0.450866561
u_56:0.4403323285
u_57:0.4481204932
u_58:0.4371745038
u_59:0.445212766
u_60:0.437623703
u_61:0.4080757235
u_62:0.3535383601
u_63:0.3268655303
u_64:0.2955611931
u_65:0.2908005829
u_66:0.2754849866
u_67:0.2690103279
u_68:0.2616527212
u_69:0.2689911197
u_70:0.2842764773
u_71:0.2761318252
u_72:0.2797462599
u_73:0.2867231637
u_74:0.3226865715
u_75:0.3420138679
u_76:0.352982601
u_77:0.4014539552
u_78:0.4499844031
u_79:0.4985765957
u_80:0.5471865745
u_81:0.5957753598
u_82:0.605296653
u_83:0.6701958507
u_84:0.6760470183
u_85:0.6983000168
u_86:0.7251379916
u_87:0.7350409327
u_88:0.7488486308
u_89:0.7519858022
u_90:0.7441089552
u_91:0.7516020844
u_92:0.7445444616
u_93:0.7431172069
u_94:0.724250026
u_95:0.7059445503
u_96:0.6913069746
u_97:0.6907816517
u_98:0.6598974309
u_99:0.5456162301
[Objective]
0.01093954904
