[Grid]
nodes:100
dt_0:0.02
dt_1:0.02
dt_2:0.02
dt_3:0.02
dt_4:0.02
dt_5:0.02
dt_6:0.02
dt_7:0.02
dt_8:0.02
dt_9:0.02
dt_10:0.02
dt_11:0.02
dt_12:0.02
dt_13:0.02
dt_14:0.02
dt_15:0.02
dt_16:0.02
dt_17:0.02
dt_18:0.02
dt_19:0.02
dt_20:0.02
dt_21:0.02
dt_22:0.02
dt_23:0.02
dt_24:0.02
dt_25:0.02
dt_26:0.02
dt_27:0.02
dt_28:0.02
dt_29:0.02
dt_30:0.02
dt_31:0.02
dt_32:0.02
dt_33:0.02
dt_34:0.02
dt_35:0.02
dt_36:0.02
dt_37:0.02
dt_38:0.02
dt_39:0.02
dt_40:0.02
dt_41:0.02
dt_42:0.02
dt_43:0.02
dt_44:0.02
dt_45:0.02
dt_46:0.02
dt_47:0.02
dt_48:0.02
dt_49:0.02
dt_50:0.02
dt_51:0.02
dt_52:0.02
dt_53:0.02
dt_54:0.02
dt_55:0.02
dt_56:0.02
dt_57:0.02
dt_58:0.02
dt_59:0.02
dt_60:0.02
dt_61:0.02
dt_62:0.02
dt_63:0.02
dt_64:0.02
dt_65:0.02
dt_66:0.02
dt_67:0.02
dt_68:0.02
dt_69:0.02
dt_70:0.02
dt_71:0.02
dt_72:0.02
dt_73:0.02
dt_74:0.02
dt_75:0.02
dt_76:0.02
dt_77:0.02
dt_78:0.02
dt_79:0.02
dt_80:0.02
dt_81:0.02
dt_82:0.02
dt_83:0.02
dt_84:0.02
dt_85:0.02
dt_86:0.02
dt_87:0.02
dt_88:0.02
dt_89:0.02
dt_90:0.02
dt_91:0.02
dt_92:0.02
dt_93:0.02
dt_94:0.02
dt_95:0.02
dt_96:0.02
dt_97:0.02
dt_98:0.02
dt_99:0.02
[Control]
u_0:0.08494526876
u_1:0.2336578025
u_2:0.3277788578
u_3:0.4098341419
u_4:0.5081697505
u_5:0.5100440861
u_6:0.5980041446
u_7:0.5908230846
u_8:0.5877585534
u_9:0.5848617525
u_10:0.6216558477
u_11:0.5777392122
u_12:0.6016218113
u_13:0.556118425
u_14:0.6109972943
u_15:0.5982833449
u_16:0.5587774095
u_17:0.529175687
u_18:0.4017564932
u_19:0.4122820784
u_20:0.4195780121
u_21:0.4204177355
u_22:0.4279385997
u_23:0.4512468917
u_24:0.4743000005
u_25:0.4671317352
u_26:0.5222636912
u_27:0.5392370098
u_28:0.4764664485
u_29:0.5051359522
u_30:0.4912303939
u_31:0.462765173
u_32:0.4824594292
u_33:0.4134065045
u_34:0.4560127576
u_35:0.4422519568
u_36:0.4196872795
u_37:0.4420521822
u_38:0.4431912673
u_39:0.5097506101
u_40:0.5168025277
u_41:0.5010854446
u_42:0.5476237549
u_43:0.5602778126
u_44:0.582064514
u_45:0.5591450816
u_46:0.5576027845
u_47:0.4907397817
u_48:0.4834448879
u_49:0.4989489497
u_50:0.4522026464
u_51:0.4033385163
u_52:0.3894554128
u_53:0.4467771333
u_54:0.4430649805
u_55:0.4869397133
u_56:0.4633840217
u_57:0.4539285779
u_58:0.491947308
u_59:0.4757647617
u_60:0.5094624685
u_61:0.4118756738
u_62:0.4137472885
u_63:0.3986875469
u_64:0.3352579516
u_65:0.3177354164
u_66:0.2753119631
u_67:0.1732786074
u_68:0.1537629774
u_69:0.1518167019
u_70:0.1268354766
u_71:0.1816686526
u_72:0.1857069752
u_73:0.227092009
u_74:0.269852257
u_75:0.3138834815
u_76:0.3590015313
u_77:0.4049695328
u_78:0.4515162975
u_79:0.4983495785
u_80:0.5451663281
u_81:0.5916614858
u_82:0.6375365716
u_83:0.682509344
u_84:0.7263260073
u_85:0.7687780511
u_86:0.8097272452
u_87:0.8131555085
u_88:0.8671413223
u_89:0.8409907111
u_90:0.8374397299
u_91:0.8157318535
u_92:0.7654629898
u_93:0.7099494377
u_94:0.698953425
u_95:0.6665556673
u_96:0.6661512165
u_97:0.6163463968
u_98:0.5663774215
u_99:0.5472965118
[Objective]
0.01088110928
