[Grid]
nodes:100
dt_0:0.02
dt_1:0.02
dt_2:0.02
dt_3:0.02
dt_4:0.02
dt_5:0.02
dt_6:0.02
dt_7:0.02
dt_8:0.02
dt_9:0.02
dt_10:0.02
dt_11:0.02
dt_12:0.02
dt_13:0.02
dt_14:0.02
dt_15:0.02
dt_16:0.02
dt_17:0.02
dt_18:0.02
dt_19:0.02
dt_20:0.02
dt_21:0.02
dt_22:0.02
dt_23:0.02
dt_24:0.02
dt_25:0.02
dt_26:0.02
dt_27:0.02
dt_28:0.02
dt_29:0.02
dt_30:0.02
dt_31:0.02
dt_32:0.02
dt_33:0.02
dt_34:0.02
dt_35:0.02
dt_36:0.02
dt_37:0.02
dt_38:0.02
dt_39:0.02
dt_40:0.02
dt_41:0.02
dt_42:0.02
dt_43:0.02
dt_44:0.02
dt_45:0.02
dt_46:0.02
dt_47:0.02
dt_48:0.02
dt_49:0.02
dt_50:0.02
dt_51:0.02
dt_52:0.02
dt_53:0.02
dt_54:0.02
dt_55:0.02
dt_56:0.02
dt_57:0.02
dt_58:0.02
dt_59:0.02
dt_60:0.02
dt_61:0.02
dt_62:0.02
dt_63:0.02
dt_64:0.02
dt_65:0.02
dt_66:0.02
dt_67:0.02
dt_68:0.02
dt_69:0.02
dt_70:0.02
dt_71:0.02
dt_72:0.02
dt_73:0.02
dt_74:0.02
dt_75:0.02
dt_76:0.02
dt_77:0.02
dt_78:0.02
dt_79:0.02
dt_80:0.02
dt_81:0.02
dt_82:0.02
dt_83:0.02
dt_84:0.02
dt_85:0.02
dt_86:0.02
dt_87:0.02
dt_88:0.02
dt_89:0.02
dt_90:0.02
dt_91:0.02
dt_92:0.02
dt_93:0.02
dt_94:0.02
dt_95:0.02
dt_96:0.02
dt_97:0.02
dt_98:0.02
dt_99:0.02
[Control]
u_0:0.1175179631
u_1:0.2525022957
u_2:0.3659609614
u_3:0.3943575358
u_4:0.463146879
u_5:0.4920124431
u_6:0.5133241954
u_7:0.5387176807
u_8:0.5673206248
u_9:0.6186425097
u_10:0.6010236672
u_11:0.6023873158
u_12:0.6011171168
u_13:0.5523692295
u_14:0.5797979946
u_15:0.5513513598
u_16:0.5578940483
u_17:0.5333921083
u_18:0.4898663385
u_19:0.4751077518
u_20:0.4485354714
u_21:0.4121869113
u_22:0.4160396211
u_23:0.4215939471
u_24:0.4406485042
u_25:0.4662806154
u_26:0.4883217381
u_27:0.4863096044
u_28:0.5225014626
u_29:0.5097844216
u_30:0.4782452295
u_31:0.4828010088
u_32:0.440556037
u_33:0.4589328829
u_34:0.4585712179
u_35:0.4749183648
u_36:0.4325015904
u_37:0.4611976686
u_38:0.4522530007
u_39:0.4901315989
u_40:0.52450242
u_41:0.5292368591
u_42:0.5034711765
u_43:0.5248296468
u_44:0.5194922449
u_45:0.5420468948
u_46:0.5502314321
u_47:0.5119460109
u_48:0.4774657178
u_49:0.4431605745
u_50:0.4763758305
u_51:0.4892388553
u_52:0.4707696388
u_53:0.4170099514
u_54:0.3970309269
u_55:0.4267458979
u_56:0.4607548317
u_57:0.4779918684
u_58:0.4948198131
u_59:0.4809536468
u_60:0.4645700935
u_61:0.4398859014
u_62:0.4207910384
u_63:0.3139256886
u_64:0.3047563763
u_65:0.280219419
u_66:0.2218979296
u_67:0.2165555421
u_68:0.1995876251
u_69:0.2261370101
u_70:0.2075804079
u_71:0.218603839
u_72:0.2420635535
u_73:0.271421108
u_74:0.2650068792
u_75:0.3106631397
u_76:0.3569281967
u_77:0.4037386619
u_78:0.450947936
u_79:0.4983607919
u_80:0.5457587411
u_81:0.5929215203
u_82:0.6396484196
u_83:0.6857831656
u_84:0.7312476811
u_85:0.7245594012
u_86:0.7535320947
u_87:0.7764586569
u_88:0.7649731284
u_89:0.7584734436
u_90:0.8202504477
u_91:0.8228245924
u_92:0.805078195
u_93:0.7415719988
u_94:0.7054658153
u_95:0.6658125923
u_96:0.6826628989
u_97:0.6677221622
u_98:0.5652231379
u_99:0.4732633362
[Objective]
0.01089752346
