[Grid]
nodes:100
dt_0:0.02
dt_1:0.02
dt_2:0.02
dt_3:0.02
dt_4:0.02
dt_5:0.02
dt_6:0.02
dt_7:0.02
dt_8:0.02
dt_9:0.02
dt_10:0.02
dt_11:0.02
dt_12:0.02
dt_13:0.02
dt_14:0.02
dt_15:0.02
dt_16:0.02
dt_17:0.02
dt_18:0.02
dt_19:0.02
dt_20:0.02
dt_21:0.02
dt_22:0.02
dt_23:0.02
dt_24:0.02
dt_25:0.02
dt_26:0.02
dt_27:0.02
dt_28:0.02
dt_29:0.02
dt_30:0.02
dt_31:0.02
dt_32:0.02
dt_33:0.02
dt_34:0.02
dt_35:0.02
dt_36:0.02
dt_37:0.02
dt_38:0.02
dt_39:0.02
dt_40:0.02
dt_41:0.02
dt_42:0.02
dt_43:0.02
dt_44:0.02
dt_45:0.02
dt_46:0.02
dt_47:0.02
dt_48:0.02
dt_49:0.02
dt_50:0.02
dt_51:0.02
dt_52:0.02
dt_53:0.02
dt_54:0.02
dt_55:0.02
dt_56:0.02
dt_57:0.02
dt_58:0.02
dt_59:0.02
dt_60:0.02
dt_61:0.02
dt_62:0.02
dt_63:0.02
dt_64:0.02
dt_65:0.02
dt_66:0.02
dt_67:0.02
dt_68:0.02
dt_69:0.02
dt_70:0.02
dt_71:0.02
dt_72:0.02
dt_73:0.02
dt_74:0.02
dt_75:0.02
dt_76:0.02
dt_77:0.02
dt_78:0.02
dt_79:0.02
dt_80:0.02
dt_81:0.02
dt_82:0.02
dt_83:0.02
dt_84:0.02
dt_85:0.02
dt_86:0.02
dt_87:0.02
dt_88:0.02
dt_89:0.02
dt_90:0.02
dt_91:0.02
dt_92:0.02
dt_93:0.02
dt_94:0.02
dt_95:0.02
dt_96:0.02
dt_97:0.02
dt_98:0.02
dt_99:0.02
[Control]
u_0:0.1686508261
u_1:0.4129770083
u_2:0.4504139931
u_3:0.4659641766
u_4:0.4817958308
u_5:0.484240743
u_6:0.4872229113
u_7:0.4939453497
u_8:0.5318291747
u_9:0.5231160971
u_10:0.526307887
u_11:0.5441262484
u_12:0.5453930636
u_13:0.5491070765
u_14:0.5290059584
u_15:0.5393925731
u_16:0.531703763
u_17:0.5155082457
u_18:0.4886802003
u_19:0.4736142997
u_20:0.4695555889
u_21:0.4518877396
u_22:0.4590389049
u_23:0.4557039223
u_24:0.46464259
u_25:0.4752135546
u_26:0.4713886863
u_27:0.4700826956
u_28:0.4699773368
u_29:0.4694644184
u_30:0.4923216647
u_31:0.493614488
u_32:0.4832593987
u_33:0.4643304231
u_34:0.4593523686
u_35:0.441916694
u_36:0.4529525946
u_37:0.4581782111
u_38:0.4640174619
u_39:0.5037235673
u_40:0.5031302702
u_41:0.5076467487
u_42:0.4986289296
u_43:0.502673115
u_44:0.511321501
u_45:0.5163186873
u_46:0.5080152168
u_47:0.4756861353
u_48:0.4694148667
u_49:0.4529205613
u_50:0.4433361273
u_51:0.4413718485
u_52:0.4355300312
u_53:0.443692304
u_54:0.4570196508
u_55:0.4647280666
u_56:0.4453860585
u_57:0.4245551712
u_58:0.4416926628
u_59:0.4451589659
u_60:0.4292435186
u_61:0.4092401008
u_62:0.3471521681
u_63:0.3160751212
u_64:0.3162234542
u_65:0.2638784132
u_66:0.2590435955
u_67:0.2622488889
u_68:0.2603963512
u_69:0.2634772168
u_70:0.2682288363
u_71:0.2878552473
u_72:0.288785072
u_73:0.3016164819
u_74:0.3527542879
u_75:0.3410670057
u_76:0.3540354752
u_77:0.4008081157
u_78:0.4495764421
u_79:0.4983473481
u_80:0.5471050958
u_81:0.5628215947
u_82:0.6372045707
u_83:0.6741160029
u_84:0.6918326405
u_85:0.7113852638
u_86:0.7094233323
u_87:0.724224386
u_88:0.7368558194
u_89:0.7374524344
u_90:0.7606658793
u_91:0.7428265222
u_92:0.7533626379
u_93:0.7368560434
u_94:0.7199946106
u_95:0.7311253187
u_96:0.7155790167
u_97:0.7014409764
u_98:0.659068166
u_99:0.5453390397
[Objective]
0.01094336344
