[Grid]
nodes:100
dt_0:0.02
dt_1:0.02
dt_2:0.02
dt_3:0.02
dt_4:0.02
dt_5:0.02
dt_6:0.02
dt_7:0.02
dt_8:0.02
dt_9:0.02
dt_10:0.02
dt_11:0.02
dt_12:0.02
dt_13:0.02
dt_14:0.02
dt_15:0.02
dt_16:0.02
dt_17:0.02
dt_18:0.02
dt_19:0.02
dt_20:0.02
dt_21:0.02
dt_22:0.02
dt_23:0.02
dt_24:0.02
dt_25:0.02
dt_26:0.02
dt_27:0.02
dt_28:0.02
dt_29:0.02
dt_30:0.02
dt_31:0.02
dt_32:0.02
dt_33:0.02
dt_34:0.02
dt_35:0.02
dt_36:0.02
dt_37:0.02
dt_38:0.02
dt_39:0.02
dt_40:0.02
dt_41:0.02
dt_42:0.02
dt_43:0.02
dt_44:0.02
dt_45:0.02
dt_46:0.02
dt_47:0.02
dt_48:0.02
dt_49:0.02
dt_50:0.02
dt_51:0.02
dt_52:0.02
dt_53:0.02
dt_54:0.02
dt_55:0.02
dt_56:0.02
dt_57:0.02
dt_58:0.02
dt_59:0.02
dt_60:0.02
dt_61:0.02
dt_62:0.02
dt_63:0.02
dt_64:0.02
dt_65:0.02
dt_66:0.02
dt_67:0.02
dt_68:0.02
dt_69:0.02
dt_70:0.02
dt_71:0.02
dt_72:0.02
dt_73:0.02
dt_74:0.02
dt_75:0.02
dt_76:0.02
dt_77:0.02
dt_78:0.02
dt_79:0.02
dt_80:0.02
dt_81:0.02
dt_82:0.02
dt_83:0.02
dt_84:0.02
dt_85:0.02
dt_86:0.02
dt_87:0.02
dt_88:0.02
dt_89:0.02
dt_90:0.02
dt_91:0.02
dt_92:0.02
dt_93:0.02
dt_94:0.02
dt_95:0.02
dt_96:0.02
dt_97:0.02
dt_98:0.02
dt_99:0.02
[Control]
u_0:0.1727228406
u_1:0.350653531
u_2:0.3873576563
u_3:0.4209641404
u_4:0.4512818241
u_5:0.5280620104
u_6:0.5128336783
u_7:0.5242528278
u_8:0.5269672118
u_9:0.4993273734
u_10:0.505485863
u_11:0.556619293
u_12:0.5864698535
u_13:0.5851911978
u_14:0.5567433841
u_15:0.5573222205
u_16:0.55879324
u_17:0.5132521988
u_18:0.4988989144
u_19:0.478772808
u_20:0.4384957763
u_21:0.45357541
u_22:0.4644015838
u_23:0.4666579614
u_24:0.4946984575
u_25:0.4805826147
u_26:0.4588882672
u_27:0.4796357486
u_28:0.4702531919
u_29:0.4910321875
u_30:0.4769864648
u_31:0.4653195555
u_32:0.436584536
u_33:0.4265437782
u_34:0.4380100277
u_35:0.4598341702
u_36:0.4486402646
u_37:0.4721385817
u_38:0.4712728184
u_39:0.4952519033
u_40:0.4861121194
u_41:0.5132277731
u_42:0.5281494204
u_43:0.5403514716
u_44:0.5509873932
u_45:0.5608936215
u_46:0.5231104458
u_47:0.5314113199
u_48:0.457788391
u_49:0.4574730021
u_50:0.4288825263
u_51:0.4060000204
u_52:0.4412965872
u_53:0.4541058332
u_54:0.4529650042
u_55:0.4441787755
u_56:0.4738531528
u_57:0.471212714
u_58:0.4487490287
u_59:0.4580804127
u_60:0.4261543198
u_61:0.3737429229
u_62:0.3256601136
u_63:0.3287546198
u_64:0.3278482343
u_65:0.3083074621
u_66:0.2748683422
u_67:0.2392010383
u_68:0.222871653
u_69:0.216745169
u_70:0.2557676285
u_71:0.2476482925
u_72:0.242470069
u_73:0.2861879205
u_74:0.3187579117
u_75:0.321731271
u_76:0.4076612924
u_77:0.4010699987
u_78:0.4496948478
u_79:0.4983336922
u_80:0.5469537009
u_81:0.5955197016
u_82:0.5888222874
u_83:0.6745860309
u_84:0.6773132835
u_85:0.7034548702
u_86:0.7527596172
u_87:0.7637948085
u_88:0.7605432953
u_89:0.7388953004
u_90:0.759854934
u_91:0.7729562808
u_92:0.7772170692
u_93:0.7721759522
u_94:0.7084741441
u_95:0.7154583977
u_96:0.7245880958
u_97:0.6489453085
u_98:0.5347495162
u_99:0.5562770937
[Objective]
0.01091889472
