[Grid]
nodes:100
dt_0:0.02
dt_1:0.02
dt_2:0.02
dt_3:0.02
dt_4:0.02
dt_5:0.02
dt_6:0.02
dt_7:0.02
dt_8:0.02
dt_9:0.02
dt_10:0.02
dt_11:0.02
dt_12:0.02
dt_13:0.02
dt_14:0.02
dt_15:0.02
dt_16:0.02
dt_17:0.02
dt_18:0.02
dt_19:0.02
dt_20:0.02
dt_21:0.02
dt_22:0.02
dt_23:0.02
dt_24:0.02
dt_25:0.02
dt_26:0.02
dt_27:0.02
dt_28:0.02
dt_29:0.02
dt_30:0.02
dt_31:0.02
dt_32:0.02
dt_33:0.02
dt_34:0.02
dt_35:0.02
dt_36:0.02
dt_37:0.02
dt_38:0.02
dt_39:0.02
dt_40:0.02
dt_41:0.02
dt_42:0.02
dt_43:0.02
dt_44:0.02
dt_45:0.02
dt_46:0.02
dt_47:0.02
dt_48:0.02
dt_49:0.02
dt_50:0.02
dt_51:0.02
dt_52:0.02
dt_53:0.02
dt_54:0.02
dt_55:0.02
dt_56:0.02
dt_57:0.02
dt_58:0.02
dt_59:0.02
dt_60:0.02
dt_61:0.02
dt_62:0.02
dt_63:0.02
dt_64:0.02
dt_65:0.02
dt_66:0.02
dt_67:0.02
dt_68:0.02
dt_69:0.02
dt_70:0.02
dt_71:0.02
dt_72:0.02
dt_73:0.02
dt_74:0.02
dt_75:0.02
dt_76:0.02
dt_77:0.02
dt_78:0.02
dt_79:0.02
dt_80:0.02
dt_81:0.02
dt_82:0.02
dt_83:0.02
dt_84:0.02
dt_85:0.02
dt_86:0.02
dt_87:0.02
dt_88:0.02
dt_89:0.02
dt_90:0.02
dt_91:0.02
dt_92:0.02
dt_93:0.02
dt_94:0.02
dt_95:0.02
dt_96:0.02
dt_97:0.02
dt_98:0.02
dt_99:0.02
[Control]
u_0:0.1706758388
u_1:0.3845394868
u_2:0.3949457367
u_3:0.4766675956
u_4:0.4780126076
u_5:0.4871089316
u_6:0.4996558145
u_7:0.4915663932
u_8:0.5170589068
u_9:0.5458269046
u_10:0.5348866163
u_11:0.5565507353
u_12:0.55183172
u_13:0.5315943281
u_14:0.5347888342
u_15:0.5212694821
u_16:0.5447325641
u_17:0.5044107339
u_18:0.491791635
u_19:0.4633654845
u_20:0.4620387791
u_21:0.4623713735
u_22:0.4682097787
u_23:0.4956409799
u_24:0.4834008006
u_25:0.4761045867
u_26:0.4775221262
u_27:0.481685799
u_28:0.4746567679
u_29:0.4865767282
u_30:0.4623292215
u_31:0.4771729061
u_32:0.4661125948
u_33:0.433745785
u_34:0.4474837356
u_35:0.4393231167
u_36:0.4478517919
u_37:0.4482292123
u_38:0.4688498567
u_39:0.529025461
u_40:0.52106738
u_41:0.5218543915
u_42:0.5117519007
u_43:0.5158530751
u_44:0.5287698427
u_45:0.5418172817
u_46:0.5064614558
u_47:0.4913342624
u_48:0.472385331
u_49:0.452186813
u_50:0.4290589856
u_51:0.4421678352
u_52:0.4253771453
u_53:0.4041436735
u_54:0.4555968131
u_55:0.4478865813
u_56:0.445650856
u_57:0.4353025705
u_58:0.4485893078
u_59:0.4366049088
u_60:0.4604166646
u_61:0.4154763725
u_62:0.3597735069
u_63:0.3130679614
u_64:0.299456189
u_65:0.2935587185
u_66:0.2748184265
u_67:0.2634118439
u_68:0.2466583254
u_69:0.2573120946
u_70:0.2557713342
u_71:0.2530230571
u_72:0.2982508553
u_73:0.306077305
u_74:0.315642011
u_75:0.3453104441
u_76:0.3514450675
u_77:0.405653003
u_78:0.4497964276
u_79:0.4983858808
u_80:0.5469642139
u_81:0.5910732402
u_82:0.645220603
u_83:0.650743099
u_84:0.6459591311
u_85:0.6858861194
u_86:0.7465173951
u_87:0.7394203301
u_88:0.7444078943
u_89:0.7683006868
u_90:0.7582004323
u_91:0.7504123563
u_92:0.7484943682
u_93:0.7377883575
u_94:0.7125404466
u_95:0.7080416304
u_96:0.6863840413
u_97:0.677131366
u_98:0.6336255038
u_99:0.5460391705
[Objective]
0.01093195759
