[Grid]
nodes:100
dt_0:0.02
dt_1:0.02
dt_2:0.02
dt_3:0.02
dt_4:0.02
dt_5:0.02
dt_6:0.02
dt_7:0.02
dt_8:0.02
dt_9:0.02
dt_10:0.02
dt_11:0.02
dt_12:0.02
dt_13:0.02
dt_14:0.02
dt_15:0.02
dt_16:0.02
dt_17:0.02
dt_18:0.02
dt_19:0.02
dt_20:0.02
dt_21:0.02
dt_22:0.02
dt_23:0.02
dt_24:0.02
dt_25:0.02
dt_26:0.02
dt_27:0.02
dt_28:0.02
dt_29:0.02
dt_30:0.02
dt_31:0.02
dt_32:0.02
dt_33:0.02
dt_34:0.02
dt_35:0.02
dt_36:0.02
dt_37:0.02
dt_38:0.02
dt_39:0.02
dt_40:0.02
dt_41:0.02
dt_42:0.02
dt_43:0.02
dt_44:0.02
dt_45:0.02
dt_46:0.02
dt_47:0.02
dt_48:0.02
dt_49:0.02
dt_50:0.02
dt_51:0.02
dt_52:0.02
dt_53:0.02
dt_54:0.02
dt_55:0.02
dt_56:0.02
dt_57:0.02
dt_58:0.02
dt_59:0.02
dt_60:0.02
dt_61:0.02
dt_62:0.02
dt_63:0.02
dt_64:0.02
dt_65:0.02
dt_66:0.02
dt_67:0.02
dt_68:0.02
dt_69:0.02
dt_70:0.02
dt_71:0.02
dt_72:0.02
dt_73:0.02
dt_74:0.02
dt_75:0.02
dt_76:0.02
dt_77:0.02
dt_78:0.02
dt_79:0.02
dt_80:0.02
dt_81:0.02
dt_82:0.02
dt_83:0.02
dt_84:0.02
dt_85:0.02
dt_86:0.02
dt_87:0.02
dt_88:0.02
dt_89:0.02
dt_90:0.02
dt_91:0.02
dt_92:0.02
dt_93:0.02
dt_94:0.02
dt_95:0.02
dt_96:0.02
dt_97:0.02
dt_98:0.02
dt_99:0.02
[Control]
u_0:0.05211956722
u_1:0.1051181858
u_2:0.1913708878
u_3:0.3021363302
u_4:0.4288456151
u_5:0.5632056007
u_6:0.670106353
u_7:0.6764156365
u_8:0.6773017689
u_9:0.6775216534
u_10:0.6917960937
u_11:0.6995535868
u_12:0.700878553
u_13:0.7110404174
u_14:0.728788331
u_15:0.7241135792
u_16:0.7207079846
u_17:0.7168513999
u_18:0.6923401839
u_19:0.6876133703
u_20:0.6584839864
u_21:0.5964442535
u_22:0.5340031928
u_23:0.4713873653
u_24:0.4088534501
u_25:0.3790052144
u_26:0.3735082808
u_27:0.3383942195
u_28:0.3272720925
u_29:0.336426454
u_30:0.324080757
u_31:0.3184095787
u_32:0.3256453294
u_33:0.3352412255
u_34:0.3330698813
u_35:0.3319762555
u_36:0.333205092
u_37:0.3389045699
u_38:0.3475006506
u_39:0.3952773759
u_40:0.4069261649
u_41:0.4016863295
u_42:0.3994235681
u_43:0.4125227396
u_44:0.4103249338
u_45:0.3945024525
u_46:0.3912285296
u_47:0.3832625626
u_48:0.3828087275
u_49:0.3838226014
u_50:0.4046101591
u_51:0.3972776822
u_52:0.3950633577
u_53:0.4104249282
u_54:0.4138197218
u_55:0.4385615653
u_56:0.532841112
u_57:0.5916824269
u_58:0.6409443423
u_59:0.6612740002
u_60:0.6650029291
u_61:0.658620603
u_62:0.6516511893
u_63:0.6723988319
u_64:0.6770354438
u_65:0.6651289102
u_66:0.6782531991
u_67:0.6769603914
u_68:0.6702929743
u_69:0.681132944
u_70:0.6868976715
u_71:0.6754532371
u_72:0.6759171953
u_73:0.6769885564
u_74:0.6893433655
u_75:0.6857884323
u_76:0.6803843743
u_77:0.6749481928
u_78:0.678410692
u_79:0.6034345433
u_80:0.5747882869
u_81:0.5021163442
u_82:0.4675558693
u_83:0.4421231966
u_84:0.4320269341
u_85:0.4256021995
u_86:0.4249630254
u_87:0.4204021579
u_88:0.3961853485
u_89:0.3987656984
u_90:0.3954288727
u_91:0.3831654655
u_92:0.3860210054
u_93:0.3847995617
u_94:0.3942003851
u_95:0.3905652133
u_96:0.3891002734
u_97:0.3870238098
u_98:0.3830653791
u_99:0.3631345526
[Objective]
0.01180968637
