[Grid]
nodes:100
dt_0:0.02
dt_1:0.02
dt_2:0.02
dt_3:0.02
dt_4:0.02
dt_5:0.02
dt_6:0.02
dt_7:0.02
dt_8:0.02
dt_9:0.02
dt_10:0.02
dt_11:0.02
dt_12:0.02
dt_13:0.02
dt_14:0.02
dt_15:0.02
dt_16:0.02
dt_17:0.02
dt_18:0.02
dt_19:0.02
dt_20:0.02
dt_21:0.02
dt_22:0.02
dt_23:0.02
dt_24:0.02
dt_25:0.02
dt_26:0.02
dt_27:0.02
dt_28:0.02
dt_29:0.02
dt_30:0.02
dt_31:0.02
dt_32:0.02
dt_33:0.02
dt_34:0.02
dt_35:0.02
dt_36:0.02
dt_37:0.02
dt_38:0.02
dt_39:0.02
dt_40:0.02
dt_41:0.02
dt_42:0.02
dt_43:0.02
dt_44:0.02
dt_45:0.02
dt_46:0.02
dt_47:0.02
dt_48:0.02
dt_49:0.02
dt_50:0.02
dt_51:0.02
dt_52:0.02
dt_53:0.02
dt_54:0.02
dt_55:0.02
dt_56:0.02
dt_57:0.02
dt_58:0.02
dt_59:0.02
dt_60:0.02
dt_61:0.02
dt_62:0.02
dt_63:0.02
dt_64:0.02
dt_65:0.02
dt_66:0.02
dt_67:0.02
dt_68:0.02
dt_69:0.02
dt_70:0.02
dt_71:0.02
dt_72:0.02
dt_73:0.02
dt_74:0.02
dt_75:0.02
dt_76:0.02
dt_77:0.02
dt_78:0.02
dt_79:0.02
dt_80:0.02
dt_81:0.02
dt_82:0.02
dt_83:0.02
dt_84:0.02
dt_85:0.02
dt_86:0.02
dt_87:0.02
dt_88:0.02
dt_89:0.02
dt_90:0.02
dt_91:0.02
dt_92:0.02
dt_93:0.02
dt_94:0.02
dt_95:0.02
dt_96:0.02
dt_97:0.02
dt_98:0.02
dt_99:0.02
[Control]
u_0:0.05211597672
u_1:0.1051130615
u_2:0.1913635318
u_3:0.3021258276
u_4:0.4288308138
u_5:0.5631837787
u_6:0.6696032787
u_7:0.6739442292
u_8:0.6808650282
u_9:0.6800088599
u_10:0.6954552342
u_11:0.6959358385
u_12:0.7039960415
u_13:0.7110054091
u_14:0.7208602927
u_15:0.7267696831
u_16:0.7210920851
u_17:0.7102550455
u_18:0.6947761375
u_19:0.6913179321
u_20:0.658443856
u_21:0.5964305525
u_22:0.5340132282
u_23:0.471422616
u_24:0.4089198167
u_25:0.3753355841
u_26:0.3711214965
u_27:0.3425124894
u_28:0.3356934932
u_29:0.3246363739
u_30:0.3244403654
u_31:0.3244455856
u_32:0.3288730666
u_33:0.3278434563
u_34:0.3305672488
u_35:0.3418398089
u_36:0.3335350956
u_37:0.3378911724
u_38:0.346598662
u_39:0.391268926
u_40:0.3986980046
u_41:0.4081578376
u_42:0.4051955696
u_43:0.4065088784
u_44:0.4074759568
u_45:0.3974834406
u_46:0.3909549954
u_47:0.384791057
u_48:0.3940174512
u_49:0.3813091524
u_50:0.3908445024
u_51:0.3943525482
u_52:0.4001885985
u_53:0.4154226854
u_54:0.4129552305
u_55:0.4385031358
u_56:0.5328010144
u_57:0.5928037111
u_58:0.6408021628
u_59:0.66282809
u_60:0.6540751586
u_61:0.6620189886
u_62:0.6609629845
u_63:0.6704155319
u_64:0.6698769515
u_65:0.6749046525
u_66:0.6726846344
u_67:0.6774471978
u_68:0.6707002899
u_69:0.6834691433
u_70:0.6841267005
u_71:0.6816632659
u_72:0.6745688176
u_73:0.6768005569
u_74:0.6814838107
u_75:0.6856817609
u_76:0.6816791332
u_77:0.6857396564
u_78:0.6706664645
u_79:0.603024199
u_80:0.5748922476
u_81:0.5022352231
u_82:0.4640144546
u_83:0.4453963385
u_84:0.4297094161
u_85:0.4204527484
u_86:0.4299620644
u_87:0.4206939424
u_88:0.4019296119
u_89:0.3908910939
u_90:0.3919778089
u_91:0.393517718
u_92:0.3791568144
u_93:0.3907429406
u_94:0.3891884899
u_95:0.3902741892
u_96:0.3899742216
u_97:0.3891282817
u_98:0.3865936791
u_99:0.3603935704
[Objective]
0.01180992826
