[Grid]
nodes:100
dt_0:0.02
dt_1:0.02
dt_2:0.02
dt_3:0.02
dt_4:0.02
dt_5:0.02
dt_6:0.02
dt_7:0.02
dt_8:0.02
dt_9:0.02
dt_10:0.02
dt_11:0.02
dt_12:0.02
dt_13:0.02
dt_14:0.02
dt_15:0.02
dt_16:0.02
dt_17:0.02
dt_18:0.02
dt_19:0.02
dt_20:0.02
dt_21:0.02
dt_22:0.02
dt_23:0.02
dt_24:0.02
dt_25:0.02
dt_26:0.02
dt_27:0.02
dt_28:0.02
dt_29:0.02
dt_30:0.02
dt_31:0.02
dt_32:0.02
dt_33:0.02
dt_34:0.02
dt_35:0.02
dt_36:0.02
dt_37:0.02
dt_38:0.02
dt_39:0.02
dt_40:0.02
dt_41:0.02
dt_42:0.02
dt_43:0.02
dt_44:0.02
dt_45:0.02
dt_46:0.02
dt_47:0.02
dt_48:0.02
dt_49:0.02
dt_50:0.02
dt_51:0.02
dt_52:0.02
dt_53:0.02
dt_54:0.02
dt_55:0.02
dt_56:0.02
dt_57:0.02
dt_58:0.02
dt_59:0.02
dt_60:0.02
dt_61:0.02
dt_62:0.02
dt_63:0.02
dt_64:0.02
dt_65:0.02
dt_66:0.02
dt_67:0.02
dt_68:0.02
dt_69:0.02
dt_70:0.02
dt_71:0.02
dt_72:0.02
dt_73:0.02
dt_74:0.02
dt_75:0.02
dt_76:0.02
dt_77:0.02
dt_78:0.02
dt_79:0.02
dt_80:0.02
dt_81:0.02
dt_82:0.02
dt_83:0.02
dt_84:0.02
dt_85:0.02
dt_86:0.02
dt_87:0.02
dt_88:0.02
dt_89:0.02
dt_90:0.02
dt_91:0.02
dt_92:0.02
dt_93:0.02
dt_94:0.02
dt_95:0.02
dt_96:0.02
dt_97:0.02
dt_98:0.02
dt_99:0.02
[Control]
u_0:0.05220644081
u_1:0.1052423671
u_2:0.1915505712
u_3:0.3023979519
u_4:0.4292279988
u_5:0.5637651217
u_6:0.661418061
u_7:0.6630058464
u_8:0.675653988
u_9:0.6733531792
u_10:0.6949510284
u_11:0.7008683133
u_12:0.7136113029
u_13:0.7113922212
u_14:0.7252519381
u_15:0.7224662133
u_16:0.7316065044
u_17:0.7301013788
u_18:0.6967173115
u_19:0.6815069941
u_20:0.658242748
u_21:0.5962824269
u_22:0.5338972404
u_23:0.4713218094
u_24:0.4088185927
u_25:0.3847462705
u_26:0.3686222762
u_27:0.3342868335
u_28:0.331812494
u_29:0.3261210401
u_30:0.3282598718
u_31:0.3235920417
u_32:0.3233073191
u_33:0.3215017411
u_34:0.3271639697
u_35:0.3306755846
u_36:0.3404267954
u_37:0.3386310651
u_38:0.3448133922
u_39:0.4031413853
u_40:0.406459138
u_41:0.3991101926
u_42:0.4050249637
u_43:0.4181554491
u_44:0.4137880768
u_45:0.3954877219
u_46:0.3955801234
u_47:0.3871948178
u_48:0.3836221
u_49:0.3817048605
u_50:0.3941227039
u_51:0.4014530097
u_52:0.3992479799
u_53:0.4063904754
u_54:0.4020326094
u_55:0.4390771496
u_56:0.5332677249
u_57:0.5899462513
u_58:0.6395156014
u_59:0.6628354593
u_60:0.658814577
u_61:0.6503102794
u_62:0.669173804
u_63:0.6670645909
u_64:0.6702318125
u_65:0.6692683578
u_66:0.6716087759
u_67:0.6810891507
u_68:0.6901105556
u_69:0.6784451302
u_70:0.6716889554
u_71:0.6803801127
u_72:0.6856692149
u_73:0.6845792822
u_74:0.6796375485
u_75:0.6927098331
u_76:0.6769277579
u_77:0.6708349614
u_78:0.6704969172
u_79:0.6148867822
u_80:0.574558147
u_81:0.5018912956
u_82:0.4717186572
u_83:0.4380557194
u_84:0.4379393947
u_85:0.4329678387
u_86:0.4157427546
u_87:0.4078156985
u_88:0.40797715
u_89:0.3927808395
u_90:0.4029012405
u_91:0.3883578491
u_92:0.3825691583
u_93:0.383993036
u_94:0.3994478689
u_95:0.3862077244
u_96:0.3880765567
u_97:0.386642936
u_98:0.3686616523
u_99:0.3722669592
[Objective]
0.01180910777
