[Grid]
nodes:100
dt_0:0.02
dt_1:0.02
dt_2:0.02
dt_3:0.02
dt_4:0.02
dt_5:0.02
dt_6:0.02
dt_7:0.02
dt_8:0.02
dt_9:0.02
dt_10:0.02
dt_11:0.02
dt_12:0.02
dt_13:0.02
dt_14:0.02
dt_15:0.02
dt_16:0.02
dt_17:0.02
dt_18:0.02
dt_19:0.02
dt_20:0.02
dt_21:0.02
dt_22:0.02
dt_23:0.02
dt_24:0.02
dt_25:0.02
dt_26:0.02
dt_27:0.02
dt_28:0.02
dt_29:0.02
dt_30:0.02
dt_31:0.02
dt_32:0.02
dt_33:0.02
dt_34:0.02
dt_35:0.02
dt_36:0.02
dt_37:0.02
dt_38:0.02
dt_39:0.02
dt_40:0.02
dt_41:0.02
dt_42:0.02
dt_43:0.02
dt_44:0.02
dt_45:0.02
dt_46:0.02
dt_47:0.02
dt_48:0.02
dt_49:0.02
dt_50:0.02
dt_51:0.02
dt_52:0.02
dt_53:0.02
dt_54:0.02
dt_55:0.02
dt_56:0.02
dt_57:0.02
dt_58:0.02
dt_59:0.02
dt_60:0.02
dt_61:0.02
dt_62:0.02
dt_63:0.02
dt_64:0.02
dt_65:0.02
dt_66:0.02
dt_67:0.02
dt_68:0.02
dt_69:0.02
dt_70:0.02
dt_71:0.02
dt_72:0.02
dt_73:0.02
dt_74:0.02
dt_75:0.02
dt_76:0.02
dt_77:0.02
dt_78:0.02
dt_79:0.02
dt_80:0.02
dt_81:0.02
dt_82:0.02
dt_83:0.02
dt_84:0.02
dt_85:0.02
dt_86:0.02
dt_87:0.02
dt_88:0.02
dt_89:0.02
dt_90:0.02
dt_91:0.02
dt_92:0.02
dt_93:0.02
dt_94:0.02
dt_95:0.02
dt_96:0.02
dt_97:0.02
dt_98:0.02
dt_99:0.02
[Control]
u_0:0.05267555945
u_1:0.1059127724
u_2:0.1925202588
u_3:0.3038094338
u_4:0.4312911493
u_5:0.5667944435
u_6:0.5665453193
u_7:0.6168575845
u_8:0.6509714899
u_9:0.7287088315
u_10:0.7256164541
u_11:0.7308790545
u_12:0.7516007811
u_13:0.7295308064
u_14:0.731178616
u_15:0.7714088506
u_16:0.7520945674
u_17:0.7712355322
u_18:0.7341790387
u_19:0.7149068887
u_20:0.6553654585
u_21:0.5948419261
u_22:0.533677544
u_23:0.4722909991
u_24:0.4111241436
u_25:0.3505909723
u_26:0.3301111769
u_27:0.29184199
u_28:0.3100839578
u_29:0.2906556665
u_30:0.3322467346
u_31:0.3377351009
u_32:0.3625404586
u_33:0.3203056779
u_34:0.28590451
u_35:0.3125878096
u_36:0.3412256769
u_37:0.3382936573
u_38:0.2822787057
u_39:0.3862280878
u_40:0.4264359601
u_41:0.4670298275
u_42:0.4416717852
u_43:0.4413302273
u_44:0.4772321596
u_45:0.4181359173
u_46:0.4330731307
u_47:0.4007719339
u_48:0.3683483825
u_49:0.3607185599
u_50:0.3434981349
u_51:0.3244657744
u_52:0.3528782534
u_53:0.3885709279
u_54:0.3877503428
u_55:0.4415039572
u_56:0.5346032276
u_57:0.6266073379
u_58:0.6192025961
u_59:0.6298503286
u_60:0.6936963942
u_61:0.6756494899
u_62:0.6435272506
u_63:0.6475118212
u_64:0.6355363916
u_65:0.7076699709
u_66:0.7186021385
u_67:0.7236900513
u_68:0.6896001396
u_69:0.7161404773
u_70:0.733466407
u_71:0.662137686
u_72:0.6209158521
u_73:0.6549090307
u_74:0.6929384952
u_75:0.7226607683
u_76:0.6749878926
u_77:0.7228365642
u_78:0.6748130751
u_79:0.6443027306
u_80:0.5735090604
u_81:0.501903762
u_82:0.4689997232
u_83:0.4171305392
u_84:0.4208277816
u_85:0.386177062
u_86:0.4121580654
u_87:0.4019524981
u_88:0.3721957439
u_89:0.3918284086
u_90:0.4009206774
u_91:0.489297373
u_92:0.4497883107
u_93:0.3454523237
u_94:0.3776052843
u_95:0.3883415866
u_96:0.3722775157
u_97:0.440280719
u_98:0.3974355603
u_99:0.3226248025
[Objective]
0.0117949104
