[Grid]
nodes:100
dt_0:0.02
dt_1:0.02
dt_2:0.02
dt_3:0.02
dt_4:0.02
dt_5:0.02
dt_6:0.02
dt_7:0.02
dt_8:0.02
dt_9:0.02
dt_10:0.02
dt_11:0.02
dt_12:0.02
dt_13:0.02
dt_14:0.02
dt_15:0.02
dt_16:0.02
dt_17:0.02
dt_18:0.02
dt_19:0.02
dt_20:0.02
dt_21:0.02
dt_22:0.02
dt_23:0.02
dt_24:0.02
dt_25:0.02
dt_26:0.02
dt_27:0.02
dt_28:0.02
dt_29:0.02
dt_30:0.02
dt_31:0.02
dt_32:0.02
dt_33:0.02
dt_34:0.02
dt_35:0.02
dt_36:0.02
dt_37:0.02
dt_38:0.02
dt_39:0.02
dt_40:0.02
dt_41:0.02
dt_42:0.02
dt_43:0.02
dt_44:0.02
dt_45:0.02
dt_46:0.02
dt_47:0.02
dt_48:0.02
dt_49:0.02
dt_50:0.02
dt_51:0.02
dt_52:0.02
dt_53:0.02
dt_54:0.02
dt_55:0.02
dt_56:0.02
dt_57:0.02
dt_58:0.02
dt_59:0.02
dt_60:0.02
dt_61:0.02
dt_62:0.02
dt_63:0.02
dt_64:0.02
dt_65:0.02
dt_66:0.02
dt_67:0.02
dt_68:0.02
dt_69:0.02
dt_70:0.02
dt_71:0.02
dt_72:0.02
dt_73:0.02
dt_74:0.02
dt_75:0.02
dt_76:0.02
dt_77:0.02
dt_78:0.02
dt_79:0.02
dt_80:0.02
dt_81:0.02
dt_82:0.02
dt_83:0.02
dt_84:0.02
dt_85:0.02
dt_86:0.02
dt_87:0.02
dt_88:0.02
dt_89:0.02
dt_90:0.02
dt_91:0.02
dt_92:0.02
dt_93:0.02
dt_94:0.02
dt_95:0.02
dt_96:0.02
dt_97:0.02
dt_98:0.02
dt_99:0.02
[Control]
u_0:0.05225960659
u_1:0.1053183545
u_2:0.1916605112
u_3:0.3025580481
u_4:0.4294621226
u_5:0.5641089835
u_6:0.6528700419
u_7:0.6575691784
u_8:0.6730499485
u_9:0.6781935369
u_10:0.6950686577
u_11:0.7029494004
u_12:0.7127898457
u_13:0.722510194
u_14:0.7189371175
u_15:0.7286680122
u_16:0.7262122087
u_17:0.7361930986
u_18:0.7041531265
u_19:0.6779492316
u_20:0.6580968256
u_21:0.5961882545
u_22:0.5338411063
u_23:0.4712955295
u_24:0.4088182552
u_25:0.3881103135
u_26:0.3609158598
u_27:0.3380025432
u_28:0.333113827
u_29:0.3274668995
u_30:0.3205034924
u_31:0.3208914936
u_32:0.3294114524
u_33:0.3138778612
u_34:0.3272326254
u_35:0.3367640646
u_36:0.3298998244
u_37:0.3391488744
u_38:0.3481501651
u_39:0.4030566307
u_40:0.4131820137
u_41:0.4101657321
u_42:0.4059935751
u_43:0.4051980587
u_44:0.4166336133
u_45:0.395015837
u_46:0.3883255058
u_47:0.3923582072
u_48:0.3958499251
u_49:0.3865780405
u_50:0.3813911236
u_51:0.4045383937
u_52:0.3977405673
u_53:0.3936254219
u_54:0.4070537695
u_55:0.4393002926
u_56:0.5334787472
u_57:0.5876989071
u_58:0.6428988624
u_59:0.6538013818
u_60:0.6549798878
u_61:0.6624444446
u_62:0.6610274358
u_63:0.6698455408
u_64:0.6792377998
u_65:0.6651071896
u_66:0.6731194449
u_67:0.6769765841
u_68:0.6937621799
u_69:0.6672491134
u_70:0.6774599334
u_71:0.6879553249
u_72:0.6830388952
u_73:0.6844717946
u_74:0.6939743415
u_75:0.688359527
u_76:0.672246512
u_77:0.6687770091
u_78:0.6651371407
u_79:0.6226718219
u_80:0.5744910239
u_81:0.5018675908
u_82:0.4696623694
u_83:0.4322912223
u_84:0.4453976854
u_85:0.4325341728
u_86:0.4203255963
u_87:0.410971571
u_88:0.4090774631
u_89:0.3911853014
u_90:0.3872157666
u_91:0.3908848749
u_92:0.3924760747
u_93:0.3903194175
u_94:0.3892028852
u_95:0.3933678231
u_96:0.38688244
u_97:0.380741263
u_98:0.3654076347
u_99:0.3757778153
[Objective]
0.01180873772
