[Grid]
nodes:100
dt_0:0.02
dt_1:0.02
dt_2:0.02
dt_3:0.02
dt_4:0.02
dt_5:0.02
dt_6:0.02
dt_7:0.02
dt_8:0.02
dt_9:0.02
dt_10:0.02
dt_11:0.02
dt_12:0.02
dt_13:0.02
dt_14:0.02
dt_15:0.02
dt_16:0.02
dt_17:0.02
dt_18:0.02
dt_19:0.02
dt_20:0.02
dt_21:0.02
dt_22:0.02
dt_23:0.02
dt_24:0.02
dt_25:0.02
dt_26:0.02
dt_27:0.02
dt_28:0.02
dt_29:0.02
dt_30:0.02
dt_31:0.02
dt_32:0.02
dt_33:0.02
dt_34:0.02
dt_35:0.02
dt_36:0.02
dt_37:0.02
dt_38:0.02
dt_39:0.02
dt_40:0.02
dt_41:0.02
dt_42:0.02
dt_43:0.02
dt_44:0.02
dt_45:0.02
dt_46:0.02
dt_47:0.02
dt_48:0.02
dt_49:0.02
dt_50:0.02
dt_51:0.02
dt_52:0.02
dt_53:0.02
dt_54:0.02
dt_55:0.02
dt_56:0.02
dt_57:0.02
dt_58:0.02
dt_59:0.02
dt_60:0.02
dt_61:0.02
dt_62:0.02
dt_63:0.02
dt_64:0.02
dt_65:0.02
dt_66:0.02
dt_67:0.02
dt_68:0.02
dt_69:0.02
dt_70:0.02
dt_71:0.02
dt_72:0.02
dt_73:0.02
dt_74:0.02
dt_75:0.02
dt_76:0.02
dt_77:0.02
dt_78:0.02
dt_79:0.02
dt_80:0.02
dt_81:0.02
dt_82:0.02
dt_83:0.02
dt_84:0.02
dt_85:0.02
dt_86:0.02
dt_87:0.02
dt_88:0.02
dt_89:0.02
dt_90:0.02
dt_91:0.02
dt_92:0.02
dt_93:0.02
dt_94:0.02
dt_95:0.02
dt_96:0.02
dt_97:0.02
dt_98:0.02
dt_99:0.02
[Control]
u_0:0.05235019851
u_1:0.1054478388
u_2:0.1918478279
u_3:0.3028306941
u_4:0.4298604701
u_5:0.5646931954
u_6:0.6389954975
u_7:0.6471312906
u_8:0.6691057868
u_9:0.6821106993
u_10:0.6993767936
u_11:0.7123015507
u_12:0.7102690131
u_13:0.726873686
u_14:0.7167737729
u_15:0.7368385661
u_16:0.7352215827
u_17:0.7381944833
u_18:0.7119003711
u_19:0.6802967184
u_20:0.6576791616
u_21:0.5959457077
u_22:0.5337376995
u_23:0.471316194
u_24:0.4089665691
u_25:0.3854063973
u_26:0.3526718248
u_27:0.3444958597
u_28:0.3272994169
u_29:0.3285233834
u_30:0.3234963404
u_31:0.3184728122
u_32:0.3121603332
u_33:0.32813759
u_34:0.3231112375
u_35:0.3280100716
u_36:0.3358331138
u_37:0.3289477538
u_38:0.3450168114
u_39:0.4027899119
u_40:0.4283189083
u_41:0.4270531964
u_42:0.4191813099
u_43:0.3988488843
u_44:0.3743330111
u_45:0.3988167368
u_46:0.4177149874
u_47:0.411183749
u_48:0.3933840919
u_49:0.3870778355
u_50:0.3772032478
u_51:0.3844775534
u_52:0.3821085012
u_53:0.3954265847
u_54:0.4103956512
u_55:0.4396687713
u_56:0.5337886688
u_57:0.5843920228
u_58:0.6458435232
u_59:0.6516306586
u_60:0.6521776033
u_61:0.6537465519
u_62:0.6630877319
u_63:0.6819548765
u_64:0.6767215674
u_65:0.6831434084
u_66:0.679594269
u_67:0.6633512377
u_68:0.6659318036
u_69:0.6758415789
u_70:0.6810433539
u_71:0.6954734563
u_72:0.6975276566
u_73:0.6944378101
u_74:0.6862914393
u_75:0.6811617277
u_76:0.6813915162
u_77:0.6640308378
u_78:0.6474069379
u_79:0.6459848789
u_80:0.5742217736
u_81:0.5017560289
u_82:0.4640236125
u_83:0.445181908
u_84:0.4219203296
u_85:0.4288653927
u_86:0.427949415
u_87:0.4344386782
u_88:0.4065808487
u_89:0.38535159
u_90:0.3876626097
u_91:0.3869504866
u_92:0.3863297646
u_93:0.4006490169
u_94:0.3849946309
u_95:0.3888307714
u_96:0.3910239195
u_97:0.3812535492
u_98:0.3747058939
u_99:0.3652666595
[Objective]
0.01180760105
