[Grid]
nodes:100
dt_0:0.02
dt_1:0.02
dt_2:0.02
dt_3:0.02
dt_4:0.02
dt_5:0.02
dt_6:0.02
dt_7:0.02
dt_8:0.02
dt_9:0.02
dt_10:0.02
dt_11:0.02
dt_12:0.02
dt_13:0.02
dt_14:0.02
dt_15:0.02
dt_16:0.02
dt_17:0.02
dt_18:0.02
dt_19:0.02
dt_20:0.02
dt_21:0.02
dt_22:0.02
dt_23:0.02
dt_24:0.02
dt_25:0.02
dt_26:0.02
dt_27:0.02
dt_28:0.02
dt_29:0.02
dt_30:0.02
dt_31:0.02
dt_32:0.02
dt_33:0.02
dt_34:0.02
dt_35:0.02
dt_36:0.02
dt_37:0.02
dt_38:0.02
dt_39:0.02
dt_40:0.02
dt_41:0.02
dt_42:0.02
dt_43:0.02
dt_44:0.02
dt_45:0.02
dt_46:0.02
dt_47:0.02
dt_48:0.02
dt_49:0.02
dt_50:0.02
dt_51:0.02
dt_52:0.02
dt_53:0.02
dt_54:0.02
dt_55:0.02
dt_56:0.02
dt_57:0.02
dt_58:0.02
dt_59:0.02
dt_60:0.02
dt_61:0.02
dt_62:0.02
dt_63:0.02
dt_64:0.02
dt_65:0.02
dt_66:0.02
dt_67:0.02
dt_68:0.02
dt_69:0.02
dt_70:0.02
dt_71:0.02
dt_72:0.02
dt_73:0.02
dt_74:0.02
dt_75:0.02
dt_76:0.02
dt_77:0.02
dt_78:0.02
dt_79:0.02
dt_80:0.02
dt_81:0.02
dt_82:0.02
dt_83:0.02
dt_84:0.02
dt_85:0.02
dt_86:0.02
dt_87:0.02
dt_88:0.02
dt_89:0.02
dt_90:0.02
dt_91:0.02
dt_92:0.02
dt_93:0.02
dt_94:0.02
dt_95:0.02
dt_96:0.02
dt_97:0.02
dt_98:0.02
dt_99:0.02
[Control]
u_0:0.05268476604
u_1:0.1059259839
u_2:0.1925394938
u_3:0.3038377388
u_4:0.4313334745
u_5:0.5461750943
u_6:0.609648932
u_7:0.6143061001
u_8:0.6645553138
u_9:0.6949240663
u_10:0.7099196247
u_11:0.7332860502
u_12:0.7152226287
u_13:0.7567077361
u_14:0.7324279046
u_15:0.7506600613
u_16:0.7276159866
u_17:0.733527306
u_18:0.7247159507
u_19:0.7165539437
u_20:0.6563421656
u_21:0.5952936814
u_22:0.5336709579
u_23:0.4718250725
u_24:0.4101300797
u_25:0.3489205401
u_26:0.3395405738
u_27:0.3294985528
u_28:0.3573022208
u_29:0.3173504921
u_30:0.3076467459
u_31:0.3240752882
u_32:0.3144362703
u_33:0.3212712584
u_34:0.3142691412
u_35:0.3487082378
u_36:0.3282578474
u_37:0.3248018103
u_38:0.3215151701
u_39:0.3970347259
u_40:0.4403866519
u_41:0.4214910805
u_42:0.4271110312
u_43:0.4202027091
u_44:0.4284180704
u_45:0.4054278904
u_46:0.4272142726
u_47:0.4030715242
u_48:0.407155492
u_49:0.3473965744
u_50:0.3730378864
u_51:0.3553782482
u_52:0.3653327064
u_53:0.4107446757
u_54:0.395787193
u_55:0.4405464037
u_56:0.5343971415
u_57:0.606444808
u_58:0.604892094
u_59:0.671361729
u_60:0.6505562887
u_61:0.6397436014
u_62:0.6595201103
u_63:0.6614959177
u_64:0.7105708701
u_65:0.6689308329
u_66:0.7025101695
u_67:0.678945422
u_68:0.6991272159
u_69:0.6976489974
u_70:0.6831103525
u_71:0.6830430074
u_72:0.6740868948
u_73:0.684470293
u_74:0.6917862878
u_75:0.6883041008
u_76:0.6662741451
u_77:0.681231852
u_78:0.6647084398
u_79:0.6453816196
u_80:0.5739081822
u_81:0.5016842806
u_82:0.4573352704
u_83:0.4571418723
u_84:0.417742811
u_85:0.416782441
u_86:0.4062671455
u_87:0.4179723583
u_88:0.412283912
u_89:0.3942375241
u_90:0.4145932412
u_91:0.398490472
u_92:0.391999313
u_93:0.4127696232
u_94:0.3989007306
u_95:0.3902736952
u_96:0.3876578251
u_97:0.3731922204
u_98:0.3685992499
u_99:0.3381642466
[Objective]
0.01180337827
