[Grid]
nodes:100
dt_0:0.02
dt_1:0.02
dt_2:0.02
dt_3:0.02
dt_4:0.02
dt_5:0.02
dt_6:0.02
dt_7:0.02
dt_8:0.02
dt_9:0.02
dt_10:0.02
dt_11:0.02
dt_12:0.02
dt_13:0.02
dt_14:0.02
dt_15:0.02
dt_16:0.02
dt_17:0.02
dt_18:0.02
dt_19:0.02
dt_20:0.02
dt_21:0.02
dt_22:0.02
dt_23:0.02
dt_24:0.02
dt_25:0.02
dt_26:0.02
dt_27:0.02
dt_28:0.02
dt_29:0.02
dt_30:0.02
dt_31:0.02
dt_32:0.02
dt_33:0.02
dt_34:0.02
dt_35:0.02
dt_36:0.02
dt_37:0.02
dt_38:0.02
dt_39:0.02
dt_40:0.02
dt_41:0.02
dt_42:0.02
dt_43:0.02
dt_44:0.02
dt_45:0.02
dt_46:0.02
dt_47:0.02
dt_48:0.02
dt_49:0.02
dt_50:0.02
dt_51:0.02
dt_52:0.02
dt_53:0.02
dt_54:0.02
dt_55:0.02
dt_56:0.02
dt_57:0.02
dt_58:0.02
dt_59:0.02
dt_60:0.02
dt_61:0.02
dt_62:0.02
dt_63:0.02
dt_64:0.02
dt_65:0.02
dt_66:0.02
dt_67:0.02
dt_68:0.02
dt_69:0.02
dt_70:0.02
dt_71:0.02
dt_72:0.02
dt_73:0.02
dt_74:0.02
dt_75:0.02
dt_76:0.02
dt_77:0.02
dt_78:0.02
dt_79:0.02
dt_80:0.02
dt_81:0.02
dt_82:0.02
dt_83:0.02
dt_84:0.02
dt_85:0.02
dt_86:0.02
dt_87:0.02
dt_88:0.02
dt_89:0.02
dt_90:0.02
dt_91:0.02
dt_92:0.02
dt_93:0.02
dt_94:0.02
dt_95:0.02
dt_96:0.02
dt_97:0.02
dt_98:0.02
dt_99:0.02
[Control]
u_0:0.05206996065
u_1:0.1050473502
u_2:0.1912686071
u_3:0.3019879351
u_4:0.4286299551
u_5:0.5628907896
u_6:0.6677957054
u_7:0.6764802643
u_8:0.6764080091
u_9:0.7027320738
u_10:0.7090915495
u_11:0.7016531062
u_12:0.7115886236
u_13:0.7118426385
u_14:0.7013970043
u_15:0.705133533
u_16:0.7123005598
u_17:0.7057827833
u_18:0.6981583659
u_19:0.7029527323
u_20:0.6584789125
u_21:0.5965271893
u_22:0.5341840743
u_23:0.4716926735
u_24:0.4093303873
u_25:0.3642920627
u_26:0.3526985012
u_27:0.3523833805
u_28:0.3488163595
u_29:0.3231833141
u_30:0.3182982607
u_31:0.3367744445
u_32:0.3392715463
u_33:0.3328243201
u_34:0.3321579809
u_35:0.3317657589
u_36:0.3331663272
u_37:0.3526112043
u_38:0.3367230569
u_39:0.3856815554
u_40:0.4035385195
u_41:0.3900938993
u_42:0.4080449836
u_43:0.3986282656
u_44:0.3968765677
u_45:0.405096373
u_46:0.4044642708
u_47:0.3901318197
u_48:0.387324899
u_49:0.4003969601
u_50:0.3870849018
u_51:0.3849485156
u_52:0.3850825878
u_53:0.4133002813
u_54:0.421554092
u_55:0.4384800633
u_56:0.5327363532
u_57:0.6078388785
u_58:0.6310538685
u_59:0.6433129855
u_60:0.6620331024
u_61:0.665738338
u_62:0.6581832486
u_63:0.6729804448
u_64:0.675505613
u_65:0.675773797
u_66:0.6766662038
u_67:0.6841205927
u_68:0.6803198556
u_69:0.6819955145
u_70:0.6707280564
u_71:0.6709071395
u_72:0.6835883918
u_73:0.6829561041
u_74:0.6810924817
u_75:0.6827217082
u_76:0.6826488744
u_77:0.6830950138
u_78:0.6742773271
u_79:0.5976667513
u_80:0.5753788515
u_81:0.5028381973
u_82:0.4516106019
u_83:0.4460813919
u_84:0.4287363852
u_85:0.4188293908
u_86:0.4244051812
u_87:0.4050947894
u_88:0.4111877274
u_89:0.387487345
u_90:0.3971381363
u_91:0.388220963
u_92:0.3906628566
u_93:0.3951582584
u_94:0.3955457251
u_95:0.3921896106
u_96:0.3986233317
u_97:0.391146517
u_98:0.3766259765
u_99:0.3647593314
[Objective]
0.01181071575
