[Grid]
nodes:100
dt_0:0.02
dt_1:0.02
dt_2:0.02
dt_3:0.02
dt_4:0.02
dt_5:0.02
dt_6:0.02
dt_7:0.02
dt_8:0.02
dt_9:0.02
dt_10:0.02
dt_11:0.02
dt_12:0.02
dt_13:0.02
dt_14:0.02
dt_15:0.02
dt_16:0.02
dt_17:0.02
dt_18:0.02
dt_19:0.02
dt_20:0.02
dt_21:0.02
dt_22:0.02
dt_23:0.02
dt_24:0.02
dt_25:0.02
dt_26:0.02
dt_27:0.02
dt_28:0.02
dt_29:0.02
dt_30:0.02
dt_31:0.02
dt_32:0.02
dt_33:0.02
dt_34:0.02
dt_35:0.02
dt_36:0.02
dt_37:0.02
dt_38:0.02
dt_39:0.02
dt_40:0.02
dt_41:0.02
dt_42:0.02
dt_43:0.02
dt_44:0.02
dt_45:0.02
dt_46:0.02
dt_47:0.02
dt_48:0.02
dt_49:0.02
dt_50:0.02
dt_51:0.02
dt_52:0.02
dt_53:0.02
dt_54:0.02
dt_55:0.02
dt_56:0.02
dt_57:0.02
dt_58:0.02
dt_59:0.02
dt_60:0.02
dt_61:0.02
dt_62:0.02
dt_63:0.02
dt_64:0.02
dt_65:0.02
dt_66:0.02
dt_67:0.02
dt_68:0.02
dt_69:0.02
dt_70:0.02
dt_71:0.02
dt_72:0.02
dt_73:0.02
dt_74:0.02
dt_75:0.02
dt_76:0.02
dt_77:0.02
dt_78:0.02
dt_79:0.02
dt_80:0.02
dt_81:0.02
dt_82:0.02
dt_83:0.02
dt_84:0.02
dt_85:0.02
dt_86:0.02
dt_87:0.02
dt_88:0.02
dt_89:0.02
dt_90:0.02
dt_91:0.02
dt_92:0.02
dt_93:0.02
dt_94:0.02
dt_95:0.02
dt_96:0.02
dt_97:0.02
dt_98:0.02
dt_99:0.02
[Control]
u_0:0.0519292121
u_1:0.1048461958
u_2:0.1909776486
u_3:0.3015645019
u_4:0.4280114373
u_5:0.5619840706
u_6:0.6843281469
u_7:0.6923664787
u_8:0.6942121463
u_9:0.699646104
u_10:0.696966885
u_11:0.6997665551
u_12:0.7000294335
u_13:0.6993125849
u_14:0.7050154325
u_15:0.6973747737
u_16:0.6925184486
u_17:0.6975900147
u_18:0.6896872471
u_19:0.6872919114
u_20:0.6595223233
u_21:0.5971271869
u_22:0.5344309789
u_23:0.4716232354
u_24:0.4089341962
u_25:0.3652168184
u_26:0.3588876101
u_27:0.3525961416
u_28:0.345182954
u_29:0.3474502757
u_30:0.3487158311
u_31:0.3438639374
u_32:0.3484545061
u_33:0.3450163887
u_34:0.3472390611
u_35:0.3500621675
u_36:0.3528065607
u_37:0.3546676123
u_38:0.3576924149
u_39:0.3823880502
u_40:0.3887450268
u_41:0.3853776265
u_42:0.3894025735
u_43:0.3888197409
u_44:0.3909234924
u_45:0.3858185626
u_46:0.3905088935
u_47:0.3858669686
u_48:0.3873804209
u_49:0.3882232573
u_50:0.3892844259
u_51:0.3924883171
u_52:0.3964943729
u_53:0.3988563126
u_54:0.4032927912
u_55:0.4384442864
u_56:0.5320854361
u_57:0.6242561249
u_58:0.6531017358
u_59:0.6594637559
u_60:0.6606980676
u_61:0.6629981409
u_62:0.6653473077
u_63:0.6657221453
u_64:0.667915584
u_65:0.6723047431
u_66:0.6730900243
u_67:0.6685315489
u_68:0.6644121437
u_69:0.6705680663
u_70:0.6736131556
u_71:0.6753926149
u_72:0.6746233416
u_73:0.6751759263
u_74:0.677129058
u_75:0.6721477164
u_76:0.6702423723
u_77:0.6674429996
u_78:0.6504282059
u_79:0.6427428329
u_80:0.5763028677
u_81:0.5043923214
u_82:0.4324681457
u_83:0.4183386894
u_84:0.4133412532
u_85:0.410249728
u_86:0.4048486161
u_87:0.4036886082
u_88:0.4023826924
u_89:0.4004361942
u_90:0.3955155337
u_91:0.4013440552
u_92:0.4030716068
u_93:0.3993494649
u_94:0.4006760396
u_95:0.3994281324
u_96:0.3979255303
u_97:0.3959989081
u_98:0.3960160553
u_99:0.3921589637
[Objective]
0.01181478046
