[Grid]
nodes:100
dt_0:0.02
dt_1:0.02
dt_2:0.02
dt_3:0.02
dt_4:0.02
dt_5:0.02
dt_6:0.02
dt_7:0.02
dt_8:0.02
dt_9:0.02
dt_10:0.02
dt_11:0.02
dt_12:0.02
dt_13:0.02
dt_14:0.02
dt_15:0.02
dt_16:0.02
dt_17:0.02
dt_18:0.02
dt_19:0.02
dt_20:0.02
dt_21:0.02
dt_22:0.02
dt_23:0.02
dt_24:0.02
dt_25:0.02
dt_26:0.02
dt_27:0.02
dt_28:0.02
dt_29:0.02
dt_30:0.02
dt_31:0.02
dt_32:0.02
dt_33:0.02
dt_34:0.02
dt_35:0.02
dt_36:0.02
dt_37:0.02
dt_38:0.02
dt_39:0.02
dt_40:0.02
dt_41:0.02
dt_42:0.02
dt_43:0.02
dt_44:0.02
dt_45:0.02
dt_46:0.02
dt_47:0.02
dt_48:0.02
dt_49:0.02
dt_50:0.02
dt_51:0.02
dt_52:0.02
dt_53:0.02
dt_54:0.02
dt_55:0.02
dt_56:0.02
dt_57:0.02
dt_58:0.02
dt_59:0.02
dt_60:0.02
dt_61:0.02
dt_62:0.02
dt_63:0.02
dt_64:0.02
dt_65:0.02
dt_66:0.02
dt_67:0.02
dt_68:0.02
dt_69:0.02
dt_70:0.02
dt_71:0.02
dt_72:0.02
dt_73:0.02
dt_74:0.02
dt_75:0.02
dt_76:0.02
dt_77:0.02
dt_78:0.02
dt_79:0.02
dt_80:0.02
dt_81:0.02
dt_82:0.02
dt_83:0.02
dt_84:0.02
dt_85:0.02
dt_86:0.02
dt_87:0.02
dt_88:0.02
dt_89:0.02
dt_90:0.02
dt_91:0.02
dt_92:0.02
dt_93:0.02
dt_94:0.02
dt_95:0.02
dt_96:0.02
dt_97:0.02
dt_98:0.02
dt_99:0.02
[Control]
u_0:0.05205240159
u_1:0.1050222482
u_2:0.1912322901
u_3:0.301935089
u_4:0.4285528216
u_5:0.5627779401
u_6:0.6652526616
u_7:0.6895073861
u_8:0.6822891677
u_9:0.6974785799
u_10:0.697020688
u_11:0.700593261
u_12:0.710900709
u_13:0.7052760542
u_14:0.7146647014
u_15:0.704371517
u_16:0.6980932328
u_17:0.6933164984
u_18:0.68703531
u_19:0.6931811019
u_20:0.6592982476
u_21:0.5970168798
u_22:0.53441748
u_23:0.4717042194
u_24:0.4091212714
u_25:0.3656330658
u_26:0.3628042352
u_27:0.3485180533
u_28:0.3359370924
u_29:0.3465022951
u_30:0.3362721599
u_31:0.3420333178
u_32:0.3349050093
u_33:0.3363807923
u_34:0.3316906456
u_35:0.3436388616
u_36:0.3531670849
u_37:0.3564490948
u_38:0.3549053243
u_39:0.3885643701
u_40:0.3895872355
u_41:0.3931489008
u_42:0.3936520464
u_43:0.3974378748
u_44:0.3949528553
u_45:0.3991359529
u_46:0.3981966654
u_47:0.3946415924
u_48:0.3924238732
u_49:0.3869861917
u_50:0.3875966673
u_51:0.3858035451
u_52:0.3879779731
u_53:0.3973721289
u_54:0.4220147687
u_55:0.4382890161
u_56:0.5321883272
u_57:0.6246327267
u_58:0.6385510866
u_59:0.6567182397
u_60:0.6539712264
u_61:0.6641917379
u_62:0.6675891579
u_63:0.6684181891
u_64:0.6659351607
u_65:0.6718360554
u_66:0.6752867863
u_67:0.6701144548
u_68:0.6731928478
u_69:0.674597437
u_70:0.6806266456
u_71:0.6747000499
u_72:0.6662552087
u_73:0.6721962736
u_74:0.6705821572
u_75:0.6790889889
u_76:0.6661780548
u_77:0.6669836882
u_78:0.6660700199
u_79:0.6424907385
u_80:0.5756907077
u_81:0.5037387002
u_82:0.4367993275
u_83:0.4287141731
u_84:0.4153992434
u_85:0.4053546891
u_86:0.4067957175
u_87:0.4089278578
u_88:0.4096461221
u_89:0.4003140245
u_90:0.3998124083
u_91:0.4033862688
u_92:0.3973916618
u_93:0.3998422325
u_94:0.3973444495
u_95:0.3967833157
u_96:0.3917457984
u_97:0.3932694388
u_98:0.3905761601
u_99:0.3824799119
[Objective]
0.01181344812
