[Grid]
nodes:100
dt_0:0.02
dt_1:0.02
dt_2:0.02
dt_3:0.02
dt_4:0.02
dt_5:0.02
dt_6:0.02
dt_7:0.02
dt_8:0.02
dt_9:0.02
dt_10:0.02
dt_11:0.02
dt_12:0.02
dt_13:0.02
dt_14:0.02
dt_15:0.02
dt_16:0.02
dt_17:0.02
dt_18:0.02
dt_19:0.02
dt_20:0.02
dt_21:0.02
dt_22:0.02
dt_23:0.02
dt_24:0.02
dt_25:0.02
dt_26:0.02
dt_27:0.02
dt_28:0.02
dt_29:0.02
dt_30:0.02
dt_31:0.02
dt_32:0.02
dt_33:0.02
dt_34:0.02
dt_35:0.02
dt_36:0.02
dt_37:0.02
dt_38:0.02
dt_39:0.02
dt_40:0.02
dt_41:0.02
dt_42:0.02
dt_43:0.02
dt_44:0.02
dt_45:0.02
dt_46:0.02
dt_47:0.02
dt_48:0.02
dt_49:0.02
dt_50:0.02
dt_51:0.02
dt_52:0.02
dt_53:0.02
dt_54:0.02
dt_55:0.02
dt_56:0.02
dt_57:0.02
dt_58:0.02
dt_59:0.02
dt_60:0.02
dt_61:0.02
dt_62:0.02
dt_63:0.02
dt_64:0.02
dt_65:0.02
dt_66:0.02
dt_67:0.02
dt_68:0.02
dt_69:0.02
dt_70:0.02
dt_71:0.02
dt_72:0.02
dt_73:0.02
dt_74:0.02
dt_75:0.02
dt_76:0.02
dt_77:0.02
dt_78:0.02
dt_79:0.02
dt_80:0.02
dt_81:0.02
dt_82:0.02
dt_83:0.02
dt_84:0.02
dt_85:0.02
dt_86:0.02
dt_87:0.02
dt_88:0.02
dt_89:0.02
dt_90:0.02
dt_91:0.02
dt_92:0.02
dt_93:0.02
dt_94:0.02
dt_95:0.02
dt_96:0.02
dt_97:0.02
dt_98:0.02
dt_99:0.02
[Control]
u_0:0.05195312347
u_1:0.1048803487
u_2:0.1910270238
u_3:0.3016363735
u_4:0.4281165801
u_5:0.5621387661
u_6:0.6768767537
u_7:0.695994959
u_8:0.6950163681
u_9:0.6999997536
u_10:0.696754304
u_11:0.7000765685
u_12:0.6973136607
u_13:0.7015600804
u_14:0.6997763919
u_15:0.6940452988
u_16:0.6959132724
u_17:0.6925861776
u_18:0.6995330756
u_19:0.6893258512
u_20:0.6593474414
u_21:0.5970200114
u_22:0.534375095
u_23:0.4716101676
u_24:0.4089619157
u_25:0.3645885071
u_26:0.3583441805
u_27:0.3495422563
u_28:0.3487849377
u_29:0.3499719181
u_30:0.3469854815
u_31:0.3417674712
u_32:0.3426867537
u_33:0.3423843031
u_34:0.3422492161
u_35:0.3496376331
u_36:0.3508923021
u_37:0.3559992003
u_38:0.3578517603
u_39:0.3824316902
u_40:0.3899973534
u_41:0.3865272233
u_42:0.3874204798
u_43:0.3931379108
u_44:0.3943942307
u_45:0.3944304066
u_46:0.3894759792
u_47:0.3832850658
u_48:0.3898935597
u_49:0.3855937412
u_50:0.3891957684
u_51:0.3903990834
u_52:0.3943964958
u_53:0.4037752069
u_54:0.4076132145
u_55:0.4383147216
u_56:0.532048057
u_57:0.6243057157
u_58:0.6493559304
u_59:0.6554644148
u_60:0.6614608762
u_61:0.6699773612
u_62:0.6634686827
u_63:0.6611459722
u_64:0.6695684228
u_65:0.6730769893
u_66:0.671810288
u_67:0.6714756325
u_68:0.6739601972
u_69:0.6682932325
u_70:0.6731911334
u_71:0.672253805
u_72:0.6710874214
u_73:0.6763061486
u_74:0.6697857859
u_75:0.6682631108
u_76:0.6698599676
u_77:0.6689499667
u_78:0.6552408991
u_79:0.6474861013
u_80:0.5760480137
u_81:0.5041772924
u_82:0.432604849
u_83:0.4233898859
u_84:0.4126137133
u_85:0.4060759615
u_86:0.406082442
u_87:0.4021449436
u_88:0.4045795088
u_89:0.396084701
u_90:0.4030687366
u_91:0.4007775846
u_92:0.4011356151
u_93:0.4014180142
u_94:0.3997074807
u_95:0.4012842071
u_96:0.4022481681
u_97:0.3963718833
u_98:0.3881711024
u_99:0.3879700989
[Objective]
0.01181453019
