[Grid]
nodes:100
dt_0:0.02
dt_1:0.02
dt_2:0.02
dt_3:0.02
dt_4:0.02
dt_5:0.02
dt_6:0.02
dt_7:0.02
dt_8:0.02
dt_9:0.02
dt_10:0.02
dt_11:0.02
dt_12:0.02
dt_13:0.02
dt_14:0.02
dt_15:0.02
dt_16:0.02
dt_17:0.02
dt_18:0.02
dt_19:0.02
dt_20:0.02
dt_21:0.02
dt_22:0.02
dt_23:0.02
dt_24:0.02
dt_25:0.02
dt_26:0.02
dt_27:0.02
dt_28:0.02
dt_29:0.02
dt_30:0.02
dt_31:0.02
dt_32:0.02
dt_33:0.02
dt_34:0.02
dt_35:0.02
dt_36:0.02
dt_37:0.02
dt_38:0.02
dt_39:0.02
dt_40:0.02
dt_41:0.02
dt_42:0.02
dt_43:0.02
dt_44:0.02
dt_45:0.02
dt_46:0.02
dt_47:0.02
dt_48:0.02
dt_49:0.02
dt_50:0.02
dt_51:0.02
dt_52:0.02
dt_53:0.02
dt_54:0.02
dt_55:0.02
dt_56:0.02
dt_57:0.02
dt_58:0.02
dt_59:0.02
dt_60:0.02
dt_61:0.02
dt_62:0.02
dt_63:0.02
dt_64:0.02
dt_65:0.02
dt_66:0.02
dt_67:0.02
dt_68:0.02
dt_69:0.02
dt_70:0.02
dt_71:0.02
dt_72:0.02
dt_73:0.02
dt_74:0.02
dt_75:0.02
dt_76:0.02
dt_77:0.02
dt_78:0.02
dt_79:0.02
dt_80:0.02
dt_81:0.02
dt_82:0.02
dt_83:0.02
dt_84:0.02
dt_85:0.02
dt_86:0.02
dt_87:0.02
dt_88:0.02
dt_89:0.02
dt_90:0.02
dt_91:0.02
dt_92:0.02
dt_93:0.02
dt_94:0.02
dt_95:0.02
dt_96:0.02
dt_97:0.02
dt_98:0.02
dt_99:0.02
[Control]
u_0:0.05191285946
u_1:0.1048228174
u_2:0.1909438187
u_3:0.3015152448
u_4:0.4279394279
u_5:0.561878305
u_6:0.690095434
u_7:0.6890264637
u_8:0.6950570172
u_9:0.6920950622
u_10:0.6982500049
u_11:0.7057648289
u_12:0.7020491771
u_13:0.703242489
u_14:0.7056722119
u_15:0.6998384198
u_16:0.6976889715
u_17:0.6970920503
u_18:0.6859546112
u_19:0.675481876
u_20:0.6598440685
u_21:0.5973201389
u_22:0.5345246032
u_23:0.4716315486
u_24:0.4088585541
u_25:0.3641831846
u_26:0.3575142769
u_27:0.3622357439
u_28:0.3531627297
u_29:0.3444620778
u_30:0.3434261516
u_31:0.3443987101
u_32:0.3495245783
u_33:0.3493777638
u_34:0.3488821175
u_35:0.354530235
u_36:0.3569501232
u_37:0.3604025293
u_38:0.3652812012
u_39:0.369553823
u_40:0.384163535
u_41:0.3827417971
u_42:0.3807922128
u_43:0.387513524
u_44:0.3900509504
u_45:0.3893022424
u_46:0.3930842934
u_47:0.3915259179
u_48:0.3895816828
u_49:0.3900369654
u_50:0.3864490042
u_51:0.3876624754
u_52:0.3876568337
u_53:0.3947754287
u_54:0.3996328791
u_55:0.4387360034
u_56:0.5322062991
u_57:0.6242235969
u_58:0.659870727
u_59:0.6586170194
u_60:0.6621801027
u_61:0.6630428919
u_62:0.6654149265
u_63:0.6667007733
u_64:0.6666266462
u_65:0.6686045206
u_66:0.6701411808
u_67:0.6729411842
u_68:0.6757042225
u_69:0.6713530241
u_70:0.6724831951
u_71:0.6757180844
u_72:0.6746237095
u_73:0.673605331
u_74:0.6697062338
u_75:0.6659230595
u_76:0.6690817184
u_77:0.6629865536
u_78:0.6553546781
u_79:0.6458936869
u_80:0.5763929147
u_81:0.5045468909
u_82:0.4327096576
u_83:0.4164003423
u_84:0.4071690337
u_85:0.4074709358
u_86:0.404664058
u_87:0.4017811305
u_88:0.4003994663
u_89:0.4004944994
u_90:0.4044702171
u_91:0.4017482286
u_92:0.3994703073
u_93:0.3977646941
u_94:0.3983731016
u_95:0.403296073
u_96:0.4038176903
u_97:0.3991645994
u_98:0.3975724576
u_99:0.3905379069
[Objective]
0.01181508871
