[Grid]
nodes:100
dt_0:0.02
dt_1:0.02
dt_2:0.02
dt_3:0.02
dt_4:0.02
dt_5:0.02
dt_6:0.02
dt_7:0.02
dt_8:0.02
dt_9:0.02
dt_10:0.02
dt_11:0.02
dt_12:0.02
dt_13:0.02
dt_14:0.02
dt_15:0.02
dt_16:0.02
dt_17:0.02
dt_18:0.02
dt_19:0.02
dt_20:0.02
dt_21:0.02
dt_22:0.02
dt_23:0.02
dt_24:0.02
dt_25:0.02
dt_26:0.02
dt_27:0.02
dt_28:0.02
dt_29:0.02
dt_30:0.02
dt_31:0.02
dt_32:0.02
dt_33:0.02
dt_34:0.02
dt_35:0.02
dt_36:0.02
dt_37:0.02
dt_38:0.02
dt_39:0.02
dt_40:0.02
dt_41:0.02
dt_42:0.02
dt_43:0.02
dt_44:0.02
dt_45:0.02
dt_46:0.02
dt_47:0.02
dt_48:0.02
dt_49:0.02
dt_50:0.02
dt_51:0.02
dt_52:0.02
dt_53:0.02
dt_54:0.02
dt_55:0.02
dt_56:0.02
dt_57:0.02
dt_58:0.02
dt_59:0.02
dt_60:0.02
dt_61:0.02
dt_62:0.02
dt_63:0.02
dt_64:0.02
dt_65:0.02
dt_66:0.02
dt_67:0.02
dt_68:0.02
dt_69:0.02
dt_70:0.02
dt_71:0.02
dt_72:0.02
dt_73:0.02
dt_74:0.02
dt_75:0.02
dt_76:0.02
dt_77:0.02
dt_78:0.02
dt_79:0.02
dt_80:0.02
dt_81:0.02
dt_82:0.02
dt_83:0.02
dt_84:0.02
dt_85:0.02
dt_86:0.02
dt_87:0.02
dt_88:0.02
dt_89:0.02
dt_90:0.02
dt_91:0.02
dt_92:0.02
dt_93:0.02
dt_94:0.02
dt_95:0.02
dt_96:0.02
dt_97:0.02
dt_98:0.02
dt_99:0.02
[Control]
u_0:0.05195569822
u_1:0.1048840426
u_2:0.1910323878
u_3:0.3016441872
u_4:0.4281279425
u_5:0.5621551979
u_6:0.6790650154
u_7:0.6903012562
u_8:0.6964842649
u_9:0.6994630325
u_10:0.6983129884
u_11:0.7020137787
u_12:0.6987709117
u_13:0.6996370243
u_14:0.6975623509
u_15:0.6976921118
u_16:0.6962674408
u_17:0.6959043822
u_18:0.6932909134
u_19:0.6904538557
u_20:0.6593747463
u_21:0.5970372884
u_22:0.5343848351
u_23:0.4716138343
u_24:0.4089601975
u_25:0.3638501941
u_26:0.3594897539
u_27:0.3499626499
u_28:0.3498729812
u_29:0.3466743943
u_30:0.349358238
u_31:0.3430169233
u_32:0.3401240434
u_33:0.3398808566
u_34:0.3467426312
u_35:0.3505011796
u_36:0.3508773081
u_37:0.3564449794
u_38:0.3567903212
u_39:0.383967237
u_40:0.387202103
u_41:0.3875419526
u_42:0.3892478108
u_43:0.3910035972
u_44:0.3969129298
u_45:0.3892261947
u_46:0.3876449753
u_47:0.3897618888
u_48:0.3871901192
u_49:0.3862617878
u_50:0.3903798529
u_51:0.3872198492
u_52:0.3961717659
u_53:0.4018866847
u_54:0.4077734265
u_55:0.438344619
u_56:0.5320655193
u_57:0.6243128524
u_58:0.6512514428
u_59:0.6528048368
u_60:0.6631767893
u_61:0.6647178683
u_62:0.6679876912
u_63:0.6653998516
u_64:0.6670523727
u_65:0.6684201272
u_66:0.6735413947
u_67:0.6722446889
u_68:0.6738447957
u_69:0.6697866635
u_70:0.6711603691
u_71:0.6702683632
u_72:0.6729401544
u_73:0.6760401204
u_74:0.6693597254
u_75:0.6741292302
u_76:0.6683666146
u_77:0.6690024391
u_78:0.6530810369
u_79:0.6475202739
u_80:0.5760737124
u_81:0.5041989368
u_82:0.4323713395
u_83:0.4224662031
u_84:0.4139967393
u_85:0.4059916296
u_86:0.4070214882
u_87:0.4039873609
u_88:0.3987677387
u_89:0.3993180832
u_90:0.400907401
u_91:0.4023271775
u_92:0.3973875483
u_93:0.4029408045
u_94:0.4043977769
u_95:0.4006528663
u_96:0.3973078126
u_97:0.3964505415
u_98:0.390994548
u_99:0.3887686582
[Objective]
0.01181458085
