[Grid]
nodes:100
dt_0:0.02
dt_1:0.02
dt_2:0.02
dt_3:0.02
dt_4:0.02
dt_5:0.02
dt_6:0.02
dt_7:0.02
dt_8:0.02
dt_9:0.02
dt_10:0.02
dt_11:0.02
dt_12:0.02
dt_13:0.02
dt_14:0.02
dt_15:0.02
dt_16:0.02
dt_17:0.02
dt_18:0.02
dt_19:0.02
dt_20:0.02
dt_21:0.02
dt_22:0.02
dt_23:0.02
dt_24:0.02
dt_25:0.02
dt_26:0.02
dt_27:0.02
dt_28:0.02
dt_29:0.02
dt_30:0.02
dt_31:0.02
dt_32:0.02
dt_33:0.02
dt_34:0.02
dt_35:0.02
dt_36:0.02
dt_37:0.02
dt_38:0.02
dt_39:0.02
dt_40:0.02
dt_41:0.02
dt_42:0.02
dt_43:0.02
dt_44:0.02
dt_45:0.02
dt_46:0.02
dt_47:0.02
dt_48:0.02
dt_49:0.02
dt_50:0.02
dt_51:0.02
dt_52:0.02
dt_53:0.02
dt_54:0.02
dt_55:0.02
dt_56:0.02
dt_57:0.02
dt_58:0.02
dt_59:0.02
dt_60:0.02
dt_61:0.02
dt_62:0.02
dt_63:0.02
dt_64:0.02
dt_65:0.02
dt_66:0.02
dt_67:0.02
dt_68:0.02
dt_69:0.02
dt_70:0.02
dt_71:0.02
dt_72:0.02
dt_73:0.02
dt_74:0.02
dt_75:0.02
dt_76:0.02
dt_77:0.02
dt_78:0.02
dt_79:0.02
dt_80:0.02
dt_81:0.02
dt_82:0.02
dt_83:0.02
dt_84:0.02
dt_85:0.02
dt_86:0.02
dt_87:0.02
dt_88:0.02
dt_89:0.02
dt_90:0.02
dt_91:0.02
dt_92:0.02
dt_93:0.02
dt_94:0.02
dt_95:0.02
dt_96:0.02
dt_97:0.02
dt_98:0.02
dt_99:0.02
[Control]
u_0:0.05203855822
u_1:0.1050024569
u_2:0.1912036551
u_3:0.3018934243
u_4:0.4284920267
u_5:0.5626890537
u_6:0.6665077981
u_7:0.685765144
u_8:0.6924953714
u_9:0.6925375262
u_10:0.7005677772
u_11:0.7045849869
u_12:0.7078850207
u_13:0.7107850964
u_14:0.701987976
u_15:0.7008923563
u_16:0.6993914959
u_17:0.6913139337
u_18:0.694784117
u_19:0.6823538643
u_20:0.6595078993
u_21:0.5971192563
u_22:0.5344283525
u_23:0.4716252631
u_24:0.4089406124
u_25:0.3673655902
u_26:0.3643796601
u_27:0.3569469341
u_28:0.3406307335
u_29:0.3388262015
u_30:0.3360965262
u_31:0.3399430525
u_32:0.3368729635
u_33:0.3391381553
u_34:0.3407056736
u_35:0.3467647081
u_36:0.350992746
u_37:0.360336442
u_38:0.3630168541
u_39:0.3838642774
u_40:0.3839289908
u_41:0.3920824534
u_42:0.3890563476
u_43:0.394462052
u_44:0.394602488
u_45:0.3946533257
u_46:0.3960164765
u_47:0.390537678
u_48:0.3975428482
u_49:0.3933458186
u_50:0.3895039358
u_51:0.3815335997
u_52:0.3894308773
u_53:0.3901957985
u_54:0.4222469715
u_55:0.4383152012
u_56:0.5321224301
u_57:0.6244639736
u_58:0.6454885089
u_59:0.6526471797
u_60:0.6594681787
u_61:0.6618332877
u_62:0.6646782212
u_63:0.6759390281
u_64:0.6725470143
u_65:0.6704839092
u_66:0.6761499782
u_67:0.6751464716
u_68:0.6730022681
u_69:0.6730628097
u_70:0.6696587544
u_71:0.6682129959
u_72:0.6636769685
u_73:0.6632279267
u_74:0.6757251532
u_75:0.6715867289
u_76:0.6682561104
u_77:0.6691816162
u_78:0.66336069
u_79:0.6472754617
u_80:0.5759039631
u_81:0.5040784953
u_82:0.4321923205
u_83:0.418693268
u_84:0.41653263
u_85:0.4048728084
u_86:0.4065420726
u_87:0.4125642027
u_88:0.4028719979
u_89:0.4041750071
u_90:0.4002859269
u_91:0.4007580844
u_92:0.3988616727
u_93:0.3978565314
u_94:0.3931462166
u_95:0.3976437786
u_96:0.4004062641
u_97:0.3974130662
u_98:0.3965741035
u_99:0.3839323232
[Objective]
0.01181396363
