[Grid]
nodes:100
dt_0:0.02
dt_1:0.02
dt_2:0.02
dt_3:0.02
dt_4:0.02
dt_5:0.02
dt_6:0.02
dt_7:0.02
dt_8:0.02
dt_9:0.02
dt_10:0.02
dt_11:0.02
dt_12:0.02
dt_13:0.02
dt_14:0.02
dt_15:0.02
dt_16:0.02
dt_17:0.02
dt_18:0.02
dt_19:0.02
dt_20:0.02
dt_21:0.02
dt_22:0.02
dt_23:0.02
dt_24:0.02
dt_25:0.02
dt_26:0.02
dt_27:0.02
dt_28:0.02
dt_29:0.02
dt_30:0.02
dt_31:0.02
dt_32:0.02
dt_33:0.02
dt_34:0.02
dt_35:0.02
dt_36:0.02
dt_37:0.02
dt_38:0.02
dt_39:0.02
dt_40:0.02
dt_41:0.02
dt_42:0.02
dt_43:0.02
dt_44:0.02
dt_45:0.02
dt_46:0.02
dt_47:0.02
dt_48:0.02
dt_49:0.02
dt_50:0.02
dt_51:0.02
dt_52:0.02
dt_53:0.02
dt_54:0.02
dt_55:0.02
dt_56:0.02
dt_57:0.02
dt_58:0.02
dt_59:0.02
dt_60:0.02
dt_61:0.02
dt_62:0.02
dt_63:0.02
dt_64:0.02
dt_65:0.02
dt_66:0.02
dt_67:0.02
dt_68:0.02
dt_69:0.02
dt_70:0.02
dt_71:0.02
dt_72:0.02
dt_73:0.02
dt_74:0.02
dt_75:0.02
dt_76:0.02
dt_77:0.02
dt_78:0.02
dt_79:0.02
dt_80:0.02
dt_81:0.02
dt_82:0.02
dt_83:0.02
dt_84:0.02
dt_85:0.02
dt_86:0.02
dt_87:0.02
dt_88:0.02
dt_89:0.02
dt_90:0.02
dt_91:0.02
dt_92:0.02
dt_93:0.02
dt_94:0.02
dt_95:0.02
dt_96:0.02
dt_97:0.02
dt_98:0.02
dt_99:0.02
[Control]
u_0:0.05203826228
u_1:0.1050020016
u_2:0.1912029279
u_3:0.3018922532
u_4:0.4284901444
u_5:0.5626860386
u_6:0.6664704299
u_7:0.6868348082
u_8:0.6919872524
u_9:0.6874213794
u_10:0.7062459352
u_11:0.7060364945
u_12:0.7039253607
u_13:0.7078316574
u_14:0.7098411722
u_15:0.7018828271
u_16:0.6978997901
u_17:0.6943024124
u_18:0.6894020443
u_19:0.686215304
u_20:0.6594563587
u_21:0.597097279
u_22:0.5344326612
u_23:0.4716565397
u_24:0.4090035221
u_25:0.3677334828
u_26:0.3610598351
u_27:0.3524994446
u_28:0.3461004361
u_29:0.3398958681
u_30:0.3386737935
u_31:0.3399504226
u_32:0.3352491871
u_33:0.3283492376
u_34:0.3366712101
u_35:0.3465298237
u_36:0.356083345
u_37:0.3608180982
u_38:0.3601863445
u_39:0.3861083033
u_40:0.3906190399
u_41:0.3875856871
u_42:0.3914286418
u_43:0.3890017524
u_44:0.3963556099
u_45:0.396948227
u_46:0.398254074
u_47:0.3980255226
u_48:0.3930428745
u_49:0.3907717155
u_50:0.3883807422
u_51:0.3828347464
u_52:0.3843512089
u_53:0.3936522601
u_54:0.423605492
u_55:0.438312159
u_56:0.5321490347
u_57:0.6245239113
u_58:0.645479899
u_59:0.6491606659
u_60:0.6538656979
u_61:0.6700143506
u_62:0.6699562446
u_63:0.668535013
u_64:0.6710992042
u_65:0.6729357607
u_66:0.6699504651
u_67:0.6788239352
u_68:0.67349521
u_69:0.6751173132
u_70:0.6665656831
u_71:0.6670732614
u_72:0.6684032512
u_73:0.6756345589
u_74:0.6727742116
u_75:0.6711239097
u_76:0.665967196
u_77:0.6650750284
u_78:0.6660980039
u_79:0.6472007539
u_80:0.5758086443
u_81:0.503948366
u_82:0.4322658506
u_83:0.4226492197
u_84:0.4161727171
u_85:0.4103621952
u_86:0.4100489087
u_87:0.4048641933
u_88:0.4027985432
u_89:0.3990850386
u_90:0.3981496978
u_91:0.4044350031
u_92:0.3980729842
u_93:0.4017150036
u_94:0.3979788537
u_95:0.3905625898
u_96:0.3959225632
u_97:0.4031746223
u_98:0.3966404471
u_99:0.3801692927
[Objective]
0.01181376461
