[Grid]
nodes:100
dt_0:0.02
dt_1:0.02
dt_2:0.02
dt_3:0.02
dt_4:0.02
dt_5:0.02
dt_6:0.02
dt_7:0.02
dt_8:0.02
dt_9:0.02
dt_10:0.02
dt_11:0.02
dt_12:0.02
dt_13:0.02
dt_14:0.02
dt_15:0.02
dt_16:0.02
dt_17:0.02
dt_18:0.02
dt_19:0.02
dt_20:0.02
dt_21:0.02
dt_22:0.02
dt_23:0.02
dt_24:0.02
dt_25:0.02
dt_26:0.02
dt_27:0.02
dt_28:0.02
dt_29:0.02
dt_30:0.02
dt_31:0.02
dt_32:0.02
dt_33:0.02
dt_34:0.02
dt_35:0.02
dt_36:0.02
dt_37:0.02
dt_38:0.02
dt_39:0.02
dt_40:0.02
dt_41:0.02
dt_42:0.02
dt_43:0.02
dt_44:0.02
dt_45:0.02
dt_46:0.02
dt_47:0.02
dt_48:0.02
dt_49:0.02
dt_50:0.02
dt_51:0.02
dt_52:0.02
dt_53:0.02
dt_54:0.02
dt_55:0.02
dt_56:0.02
dt_57:0.02
dt_58:0.02
dt_59:0.02
dt_60:0.02
dt_61:0.02
dt_62:0.02
dt_63:0.02
dt_64:0.02
dt_65:0.02
dt_66:0.02
dt_67:0.02
dt_68:0.02
dt_69:0.02
dt_70:0.02
dt_71:0.02
dt_72:0.02
dt_73:0.02
dt_74:0.02
dt_75:0.02
dt_76:0.02
dt_77:0.02
dt_78:0.02
dt_79:0.02
dt_80:0.02
dt_81:0.02
dt_82:0.02
dt_83:0.02
dt_84:0.02
dt_85:0.02
dt_86:0.02
dt_87:0.02
dt_88:0.02
dt_89:0.02
dt_90:0.02
dt_91:0.02
dt_92:0.02
dt_93:0.02
dt_94:0.02
dt_95:0.02
dt_96:0.02
dt_97:0.02
dt_98:0.02
dt_99:0.02
[Control]
u_0:0.05192008249
u_1:0.1048331395
u_2:0.1909587524
u_3:0.3015370005
u_4:0.4279712892
u_5:0.5619252693
u_6:0.6872203354
u_7:0.6900737585
u_8:0.6941059213
u_9:0.6958972694
u_10:0.6990843006
u_11:0.7047233067
u_12:0.7017882318
u_13:0.7018792324
u_14:0.7030175551
u_15:0.7011229482
u_16:0.6980640912
u_17:0.6973362069
u_18:0.6886140612
u_19:0.6718657308
u_20:0.6598624255
u_21:0.5973038465
u_22:0.5344716126
u_23:0.4715340813
u_24:0.4087018889
u_25:0.366701581
u_26:0.3635881003
u_27:0.3574306181
u_28:0.3499526049
u_29:0.3489632976
u_30:0.347508212
u_31:0.3473420184
u_32:0.3454020155
u_33:0.3484071045
u_34:0.3519350501
u_35:0.3553920074
u_36:0.3578007897
u_37:0.3602645403
u_38:0.3626428356
u_39:0.3718885354
u_40:0.3794395227
u_41:0.3845168853
u_42:0.384359264
u_43:0.3869647412
u_44:0.3865449275
u_45:0.3894476433
u_46:0.3889893021
u_47:0.3893841942
u_48:0.3919266165
u_49:0.3883626478
u_50:0.3866949103
u_51:0.3895011949
u_52:0.3899688693
u_53:0.3913533673
u_54:0.3986304583
u_55:0.4387958976
u_56:0.532241821
u_57:0.6242402322
u_58:0.6597857442
u_59:0.6573892176
u_60:0.6640139786
u_61:0.6651257728
u_62:0.6649244155
u_63:0.6641535444
u_64:0.6682280498
u_65:0.6715935848
u_66:0.669354124
u_67:0.6716029366
u_68:0.675378373
u_69:0.6731401261
u_70:0.671977694
u_71:0.673840041
u_72:0.6737637295
u_73:0.6713237287
u_74:0.6711728803
u_75:0.668050595
u_76:0.66793411
u_77:0.6614657072
u_78:0.6532475896
u_79:0.6470193953
u_80:0.5764530999
u_81:0.5046033397
u_82:0.4327705864
u_83:0.4149492269
u_84:0.4109036761
u_85:0.4036627335
u_86:0.4005218134
u_87:0.4040443647
u_88:0.4039427771
u_89:0.4002920142
u_90:0.4010233309
u_91:0.3999939996
u_92:0.4009631665
u_93:0.3989182047
u_94:0.4017804988
u_95:0.4014229518
u_96:0.4032453478
u_97:0.4014169992
u_98:0.3981502357
u_99:0.3893168225
[Objective]
0.01181517619
