[Grid]
nodes:100
dt_0:0.02
dt_1:0.02
dt_2:0.02
dt_3:0.02
dt_4:0.02
dt_5:0.02
dt_6:0.02
dt_7:0.02
dt_8:0.02
dt_9:0.02
dt_10:0.02
dt_11:0.02
dt_12:0.02
dt_13:0.02
dt_14:0.02
dt_15:0.02
dt_16:0.02
dt_17:0.02
dt_18:0.02
dt_19:0.02
dt_20:0.02
dt_21:0.02
dt_22:0.02
dt_23:0.02
dt_24:0.02
dt_25:0.02
dt_26:0.02
dt_27:0.02
dt_28:0.02
dt_29:0.02
dt_30:0.02
dt_31:0.02
dt_32:0.02
dt_33:0.02
dt_34:0.02
dt_35:0.02
dt_36:0.02
dt_37:0.02
dt_38:0.02
dt_39:0.02
dt_40:0.02
dt_41:0.02
dt_42:0.02
dt_43:0.02
dt_44:0.02
dt_45:0.02
dt_46:0.02
dt_47:0.02
dt_48:0.02
dt_49:0.02
dt_50:0.02
dt_51:0.02
dt_52:0.02
dt_53:0.02
dt_54:0.02
dt_55:0.02
dt_56:0.02
dt_57:0.02
dt_58:0.02
dt_59:0.02
dt_60:0.02
dt_61:0.02
dt_62:0.02
dt_63:0.02
dt_64:0.02
dt_65:0.02
dt_66:0.02
dt_67:0.02
dt_68:0.02
dt_69:0.02
dt_70:0.02
dt_71:0.02
dt_72:0.02
dt_73:0.02
dt_74:0.02
dt_75:0.02
dt_76:0.02
dt_77:0.02
dt_78:0.02
dt_79:0.02
dt_80:0.02
dt_81:0.02
dt_82:0.02
dt_83:0.02
dt_84:0.02
dt_85:0.02
dt_86:0.02
dt_87:0.02
dt_88:0.02
dt_89:0.02
dt_90:0.02
dt_91:0.02
dt_92:0.02
dt_93:0.02
dt_94:0.02
dt_95:0.02
dt_96:0.02
dt_97:0.02
dt_98:0.02
dt_99:0.02
[Control]
u_0:0.05193540941
u_1:0.1048550482
u_2:0.1909904496
u_3:0.3015831379
u_4:0.4280386791
u_5:0.5620239994
u_6:0.6846552971
u_7:0.6924326172
u_8:0.695106363
u_9:0.6957811621
u_10:0.6977641135
u_11:0.6983423081
u_12:0.6977024587
u_13:0.6973660128
u_14:0.6993520407
u_15:0.6991186018
u_16:0.7011148041
u_17:0.6972675065
u_18:0.688629723
u_19:0.6793265271
u_20:0.6595877046
u_21:0.5970524425
u_22:0.5342058555
u_23:0.4712147577
u_24:0.4082817441
u_25:0.3703808903
u_26:0.364893778
u_27:0.3598780358
u_28:0.3552452127
u_29:0.3499777848
u_30:0.3528850686
u_31:0.353514248
u_32:0.3536610081
u_33:0.3541972891
u_34:0.359801517
u_35:0.3597323513
u_36:0.3615651282
u_37:0.3600629546
u_38:0.3701522435
u_39:0.3697439533
u_40:0.3745764769
u_41:0.382555081
u_42:0.3836308341
u_43:0.385406497
u_44:0.3850554137
u_45:0.3867501198
u_46:0.3879480059
u_47:0.3840076864
u_48:0.3855411665
u_49:0.3874125743
u_50:0.3892003139
u_51:0.3852296994
u_52:0.3841430397
u_53:0.3854132031
u_54:0.3886442632
u_55:0.4393724762
u_56:0.5325869351
u_57:0.6244064268
u_58:0.6517578851
u_59:0.6660290333
u_60:0.6704651954
u_61:0.6681488946
u_62:0.6684605415
u_63:0.6699683012
u_64:0.6724241725
u_65:0.672196274
u_66:0.6695706955
u_67:0.6676797983
u_68:0.6696916566
u_69:0.6702935938
u_70:0.6679308754
u_71:0.669757432
u_72:0.6694628902
u_73:0.6684573651
u_74:0.6683398403
u_75:0.6657485486
u_76:0.6635340977
u_77:0.6582444125
u_78:0.6584619227
u_79:0.6480528928
u_80:0.5765867933
u_81:0.5047682727
u_82:0.4329910541
u_83:0.4113091929
u_84:0.4076538014
u_85:0.402193057
u_86:0.4026707691
u_87:0.4035164199
u_88:0.4031542461
u_89:0.4025978772
u_90:0.3987109237
u_91:0.3989529904
u_92:0.3997365329
u_93:0.3990275879
u_94:0.4027564637
u_95:0.4006111163
u_96:0.4003375782
u_97:0.403200576
u_98:0.3999937615
u_99:0.3998314035
[Objective]
0.01181572232
