[Grid]
nodes:100
dt_0:0.02
dt_1:0.02
dt_2:0.02
dt_3:0.02
dt_4:0.02
dt_5:0.02
dt_6:0.02
dt_7:0.02
dt_8:0.02
dt_9:0.02
dt_10:0.02
dt_11:0.02
dt_12:0.02
dt_13:0.02
dt_14:0.02
dt_15:0.02
dt_16:0.02
dt_17:0.02
dt_18:0.02
dt_19:0.02
dt_20:0.02
dt_21:0.02
dt_22:0.02
dt_23:0.02
dt_24:0.02
dt_25:0.02
dt_26:0.02
dt_27:0.02
dt_28:0.02
dt_29:0.02
dt_30:0.02
dt_31:0.02
dt_32:0.02
dt_33:0.02
dt_34:0.02
dt_35:0.02
dt_36:0.02
dt_37:0.02
dt_38:0.02
dt_39:0.02
dt_40:0.02
dt_41:0.02
dt_42:0.02
dt_43:0.02
dt_44:0.02
dt_45:0.02
dt_46:0.02
dt_47:0.02
dt_48:0.02
dt_49:0.02
dt_50:0.02
dt_51:0.02
dt_52:0.02
dt_53:0.02
dt_54:0.02
dt_55:0.02
dt_56:0.02
dt_57:0.02
dt_58:0.02
dt_59:0.02
dt_60:0.02
dt_61:0.02
dt_62:0.02
dt_63:0.02
dt_64:0.02
dt_65:0.02
dt_66:0.02
dt_67:0.02
dt_68:0.02
dt_69:0.02
dt_70:0.02
dt_71:0.02
dt_72:0.02
dt_73:0.02
dt_74:0.02
dt_75:0.02
dt_76:0.02
dt_77:0.02
dt_78:0.02
dt_79:0.02
dt_80:0.02
dt_81:0.02
dt_82:0.02
dt_83:0.02
dt_84:0.02
dt_85:0.02
dt_86:0.02
dt_87:0.02
dt_88:0.02
dt_89:0.02
dt_90:0.02
dt_91:0.02
dt_92:0.02
dt_93:0.02
dt_94:0.02
dt_95:0.02
dt_96:0.02
dt_97:0.02
dt_98:0.02
dt_99:0.02
[Control]
u_0:0.05207173359
u_1:0.1050498504
u_2:0.1912721503
u_3:0.3019929597
u_4:0.4286370501
u_5:0.5629006803
u_6:0.6656196493
u_7:0.6908186
u_8:0.6771573351
u_9:0.6869525525
u_10:0.7036118397
u_11:0.7034901142
u_12:0.6961352918
u_13:0.7128303137
u_14:0.7058259069
u_15:0.7068445579
u_16:0.7078392751
u_17:0.703594975
u_18:0.7051770533
u_19:0.6844542979
u_20:0.6589339794
u_21:0.5967742791
u_22:0.5342613289
u_23:0.471611519
u_24:0.4090774749
u_25:0.378442688
u_26:0.3488009398
u_27:0.3447865483
u_28:0.3458978906
u_29:0.3316572801
u_30:0.3332937631
u_31:0.3348045403
u_32:0.3381324416
u_33:0.336700383
u_34:0.3344695689
u_35:0.3301456155
u_36:0.334154885
u_37:0.3466395417
u_38:0.3647558052
u_39:0.3885696122
u_40:0.3937957352
u_41:0.3988144021
u_42:0.3991964073
u_43:0.4006724308
u_44:0.3983385576
u_45:0.3945708643
u_46:0.3919307798
u_47:0.3930193704
u_48:0.3914590965
u_49:0.3854660145
u_50:0.3957329507
u_51:0.3950645765
u_52:0.3957208241
u_53:0.4020857475
u_54:0.4220158668
u_55:0.4381374819
u_56:0.532260017
u_57:0.6093692284
u_58:0.6424694364
u_59:0.6617835028
u_60:0.6601631996
u_61:0.6617258913
u_62:0.6590951563
u_63:0.6660628396
u_64:0.6630199254
u_65:0.6690521174
u_66:0.6715079523
u_67:0.6745409803
u_68:0.6742311644
u_69:0.6756689987
u_70:0.6797873616
u_71:0.6765174772
u_72:0.6700714684
u_73:0.6749540188
u_74:0.6809463149
u_75:0.6888330606
u_76:0.6740383523
u_77:0.6716386935
u_78:0.6601964175
u_79:0.631948426
u_80:0.5752399604
u_81:0.5029907702
u_82:0.4529052053
u_83:0.4284900855
u_84:0.4313205968
u_85:0.4113170582
u_86:0.4135959057
u_87:0.4053817159
u_88:0.4004745285
u_89:0.3945127019
u_90:0.4016783177
u_91:0.4036057321
u_92:0.394175592
u_93:0.3993071806
u_94:0.4012154195
u_95:0.4003595916
u_96:0.3959675851
u_97:0.3953516812
u_98:0.3775944133
u_99:0.3530799373
[Objective]
0.01181198333
