[Grid]
nodes:100
dt_0:0.02
dt_1:0.02
dt_2:0.02
dt_3:0.02
dt_4:0.02
dt_5:0.02
dt_6:0.02
dt_7:0.02
dt_8:0.02
dt_9:0.02
dt_10:0.02
dt_11:0.02
dt_12:0.02
dt_13:0.02
dt_14:0.02
dt_15:0.02
dt_16:0.02
dt_17:0.02
dt_18:0.02
dt_19:0.02
dt_20:0.02
dt_21:0.02
dt_22:0.02
dt_23:0.02
dt_24:0.02
dt_25:0.02
dt_26:0.02
dt_27:0.02
dt_28:0.02
dt_29:0.02
dt_30:0.02
dt_31:0.02
dt_32:0.02
dt_33:0.02
dt_34:0.02
dt_35:0.02
dt_36:0.02
dt_37:0.02
dt_38:0.02
dt_39:0.02
dt_40:0.02
dt_41:0.02
dt_42:0.02
dt_43:0.02
dt_44:0.02
dt_45:0.02
dt_46:0.02
dt_47:0.02
dt_48:0.02
dt_49:0.02
dt_50:0.02
dt_51:0.02
dt_52:0.02
dt_53:0.02
dt_54:0.02
dt_55:0.02
dt_56:0.02
dt_57:0.02
dt_58:0.02
dt_59:0.02
dt_60:0.02
dt_61:0.02
dt_62:0.02
dt_63:0.02
dt_64:0.02
dt_65:0.02
dt_66:0.02
dt_67:0.02
dt_68:0.02
dt_69:0.02
dt_70:0.02
dt_71:0.02
dt_72:0.02
dt_73:0.02
dt_74:0.02
dt_75:0.02
dt_76:0.02
dt_77:0.02
dt_78:0.02
dt_79:0.02
dt_80:0.02
dt_81:0.02
dt_82:0.02
dt_83:0.02
dt_84:0.02
dt_85:0.02
dt_86:0.02
dt_87:0.02
dt_88:0.02
dt_89:0.02
dt_90:0.02
dt_91:0.02
dt_92:0.02
dt_93:0.02
dt_94:0.02
dt_95:0.02
dt_96:0.02
dt_97:0.02
dt_98:0.02
dt_99:0.02
[Control]
u_0:0.05193892406
u_1:0.1048600656
u_2:0.1909976953
u_3:0.3015936652
u_4:0.4280540373
u_5:0.5620465084
u_6:0.6846576557
u_7:0.6902051263
u_8:0.6923192391
u_9:0.6980349692
u_10:0.6995082634
u_11:0.7002996476
u_12:0.7006704233
u_13:0.7011692706
u_14:0.7014610909
u_15:0.6949588202
u_16:0.6960190212
u_17:0.6952569187
u_18:0.6956086368
u_19:0.6868896729
u_20:0.6594329486
u_21:0.5970703251
u_22:0.5343979037
u_23:0.4716089295
u_24:0.408936515
u_25:0.3656653749
u_26:0.3566641199
u_27:0.35158713
u_28:0.3484828961
u_29:0.3492961718
u_30:0.3455482957
u_31:0.3459322596
u_32:0.3453881802
u_33:0.3454310664
u_34:0.3444503006
u_35:0.3475526945
u_36:0.3525829867
u_37:0.3561433462
u_38:0.3583429655
u_39:0.3840344847
u_40:0.3858821553
u_41:0.3861684077
u_42:0.3906176908
u_43:0.3936540122
u_44:0.3910640861
u_45:0.3842989975
u_46:0.3908456852
u_47:0.3855183948
u_48:0.3850743207
u_49:0.3865441994
u_50:0.3910952554
u_51:0.3924135593
u_52:0.3963625936
u_53:0.3993053438
u_54:0.4050738782
u_55:0.4384123154
u_56:0.5320860457
u_57:0.6242894381
u_58:0.6517279818
u_59:0.6564083984
u_60:0.6599635122
u_61:0.6669479826
u_62:0.6672474447
u_63:0.6686734328
u_64:0.6683578552
u_65:0.6665031863
u_66:0.6672000382
u_67:0.6710051245
u_68:0.6736481752
u_69:0.6724147244
u_70:0.6698851878
u_71:0.6743628668
u_72:0.6738764938
u_73:0.6723051827
u_74:0.6733294962
u_75:0.673542243
u_76:0.6747300647
u_77:0.6691295472
u_78:0.6490832463
u_79:0.6434161755
u_80:0.576228304
u_81:0.5043194703
u_82:0.4323859845
u_83:0.4199199504
u_84:0.4155143355
u_85:0.4095516787
u_86:0.4051028938
u_87:0.3997914733
u_88:0.402145418
u_89:0.3998502467
u_90:0.3967857343
u_91:0.4031011097
u_92:0.3999903273
u_93:0.4001624969
u_94:0.4035230314
u_95:0.3970682365
u_96:0.3956468616
u_97:0.3984115948
u_98:0.3980476296
u_99:0.390228416
[Objective]
0.0118147182
