[Grid]
nodes:100
dt_0:0.02
dt_1:0.02
dt_2:0.02
dt_3:0.02
dt_4:0.02
dt_5:0.02
dt_6:0.02
dt_7:0.02
dt_8:0.02
dt_9:0.02
dt_10:0.02
dt_11:0.02
dt_12:0.02
dt_13:0.02
dt_14:0.02
dt_15:0.02
dt_16:0.02
dt_17:0.02
dt_18:0.02
dt_19:0.02
dt_20:0.02
dt_21:0.02
dt_22:0.02
dt_23:0.02
dt_24:0.02
dt_25:0.02
dt_26:0.02
dt_27:0.02
dt_28:0.02
dt_29:0.02
dt_30:0.02
dt_31:0.02
dt_32:0.02
dt_33:0.02
dt_34:0.02
dt_35:0.02
dt_36:0.02
dt_37:0.02
dt_38:0.02
dt_39:0.02
dt_40:0.02
dt_41:0.02
dt_42:0.02
dt_43:0.02
dt_44:0.02
dt_45:0.02
dt_46:0.02
dt_47:0.02
dt_48:0.02
dt_49:0.02
dt_50:0.02
dt_51:0.02
dt_52:0.02
dt_53:0.02
dt_54:0.02
dt_55:0.02
dt_56:0.02
dt_57:0.02
dt_58:0.02
dt_59:0.02
dt_60:0.02
dt_61:0.02
dt_62:0.02
dt_63:0.02
dt_64:0.02
dt_65:0.02
dt_66:0.02
dt_67:0.02
dt_68:0.02
dt_69:0.02
dt_70:0.02
dt_71:0.02
dt_72:0.02
dt_73:0.02
dt_74:0.02
dt_75:0.02
dt_76:0.02
dt_77:0.02
dt_78:0.02
dt_79:0.02
dt_80:0.02
dt_81:0.02
dt_82:0.02
dt_83:0.02
dt_84:0.02
dt_85:0.02
dt_86:0.02
dt_87:0.02
dt_88:0.02
dt_89:0.02
dt_90:0.02
dt_91:0.02
dt_92:0.02
dt_93:0.02
dt_94:0.02
dt_95:0.02
dt_96:0.02
dt_97:0.02
dt_98:0.02
dt_99:0.02
[Control]
u_0:0.05191569538
u_1:0.1048268727
u_2:0.1909496974
u_3:0.3015238522
u_4:0.4279521736
u_5:0.5618975364
u_6:0.6844165751
u_7:0.6938116381
u_8:0.69882645
u_9:0.6968601703
u_10:0.6985918392
u_11:0.7004906687
u_12:0.7006188001
u_13:0.699278847
u_14:0.6998600966
u_15:0.6980524699
u_16:0.6981083232
u_17:0.6942269173
u_18:0.687132997
u_19:0.6745464867
u_20:0.659881839
u_21:0.5972857456
u_22:0.5344130874
u_23:0.4714264458
u_24:0.4085292412
u_25:0.3674090638
u_26:0.3626116283
u_27:0.3584238216
u_28:0.3582823331
u_29:0.3481266649
u_30:0.3508121453
u_31:0.3534109285
u_32:0.3543290927
u_33:0.3529487997
u_34:0.3505219304
u_35:0.358130784
u_36:0.3543287445
u_37:0.3580557535
u_38:0.3624846854
u_39:0.372366097
u_40:0.3794967226
u_41:0.3787279124
u_42:0.3830342701
u_43:0.386692855
u_44:0.3892544536
u_45:0.3881191658
u_46:0.3883209958
u_47:0.3883899942
u_48:0.3890026794
u_49:0.3890609672
u_50:0.3849477533
u_51:0.3837412558
u_52:0.3868471154
u_53:0.3952253947
u_54:0.3984555864
u_55:0.4388960589
u_56:0.5323364739
u_57:0.6243436548
u_58:0.6542970382
u_59:0.6610415678
u_60:0.6631491455
u_61:0.6644040046
u_62:0.6662298288
u_63:0.6697307821
u_64:0.670114329
u_65:0.6710933695
u_66:0.6741076847
u_67:0.6684328851
u_68:0.6690595595
u_69:0.6690091955
u_70:0.6714392698
u_71:0.6731857967
u_72:0.6706693773
u_73:0.672341825
u_74:0.6702739314
u_75:0.6679051176
u_76:0.6708241624
u_77:0.6612552008
u_78:0.6520885044
u_79:0.6434786156
u_80:0.5765856367
u_81:0.504693685
u_82:0.4328321585
u_83:0.4175531628
u_84:0.4088653188
u_85:0.4029851706
u_86:0.3982863656
u_87:0.403774595
u_88:0.4038967495
u_89:0.4011886793
u_90:0.4020194766
u_91:0.3996876429
u_92:0.3987557961
u_93:0.4021203192
u_94:0.3999648919
u_95:0.4031570376
u_96:0.4018168084
u_97:0.4036366286
u_98:0.3969545942
u_99:0.3902237737
[Objective]
0.01181535383
