[Grid]
nodes:100
dt_0:0.02
dt_1:0.02
dt_2:0.02
dt_3:0.02
dt_4:0.02
dt_5:0.02
dt_6:0.02
dt_7:0.02
dt_8:0.02
dt_9:0.02
dt_10:0.02
dt_11:0.02
dt_12:0.02
dt_13:0.02
dt_14:0.02
dt_15:0.02
dt_16:0.02
dt_17:0.02
dt_18:0.02
dt_19:0.02
dt_20:0.02
dt_21:0.02
dt_22:0.02
dt_23:0.02
dt_24:0.02
dt_25:0.02
dt_26:0.02
dt_27:0.02
dt_28:0.02
dt_29:0.02
dt_30:0.02
dt_31:0.02
dt_32:0.02
dt_33:0.02
dt_34:0.02
dt_35:0.02
dt_36:0.02
dt_37:0.02
dt_38:0.02
dt_39:0.02
dt_40:0.02
dt_41:0.02
dt_42:0.02
dt_43:0.02
dt_44:0.02
dt_45:0.02
dt_46:0.02
dt_47:0.02
dt_48:0.02
dt_49:0.02
dt_50:0.02
dt_51:0.02
dt_52:0.02
dt_53:0.02
dt_54:0.02
dt_55:0.02
dt_56:0.02
dt_57:0.02
dt_58:0.02
dt_59:0.02
dt_60:0.02
dt_61:0.02
dt_62:0.02
dt_63:0.02
dt_64:0.02
dt_65:0.02
dt_66:0.02
dt_67:0.02
dt_68:0.02
dt_69:0.02
dt_70:0.02
dt_71:0.02
dt_72:0.02
dt_73:0.02
dt_74:0.02
dt_75:0.02
dt_76:0.02
dt_77:0.02
dt_78:0.02
dt_79:0.02
dt_80:0.02
dt_81:0.02
dt_82:0.02
dt_83:0.02
dt_84:0.02
dt_85:0.02
dt_86:0.02
dt_87:0.02
dt_88:0.02
dt_89:0.02
dt_90:0.02
dt_91:0.02
dt_92:0.02
dt_93:0.02
dt_94:0.02
dt_95:0.02
dt_96:0.02
dt_97:0.02
dt_98:0.02
dt_99:0.02
[Control]
u_0:0.05204206767
u_1:0.1050074543
u_2:0.1912108463
u_3:0.3019038291
u_4:0.4285071278
u_5:0.5627110113
u_6:0.6664333088
u_7:0.6883645161
u_8:0.6867494208
u_9:0.6893402699
u_10:0.7094001862
u_11:0.6992474673
u_12:0.7047741667
u_13:0.7102759274
u_14:0.7103970966
u_15:0.7068467903
u_16:0.6976958381
u_17:0.6897869616
u_18:0.6903833235
u_19:0.6912369525
u_20:0.6593329813
u_21:0.597036573
u_22:0.5344251117
u_23:0.4717009736
u_24:0.4091068311
u_25:0.3635414539
u_26:0.366380182
u_27:0.3466692379
u_28:0.3395591911
u_29:0.3428642626
u_30:0.3428721776
u_31:0.3427235687
u_32:0.3328188418
u_33:0.3267660572
u_34:0.3360079033
u_35:0.3445629369
u_36:0.357672034
u_37:0.3546440938
u_38:0.3598660017
u_39:0.3908699819
u_40:0.3874349546
u_41:0.3933462717
u_42:0.3908374098
u_43:0.3888405988
u_44:0.4000959871
u_45:0.3958056352
u_46:0.3972446548
u_47:0.4004565205
u_48:0.39142742
u_49:0.3893361269
u_50:0.3872745574
u_51:0.3825832876
u_52:0.3848310158
u_53:0.3957097324
u_54:0.4231794075
u_55:0.4383179189
u_56:0.532174219
u_57:0.6245725518
u_58:0.64236389
u_59:0.652655401
u_60:0.655675754
u_61:0.6650268857
u_62:0.6705891394
u_63:0.6660197097
u_64:0.6700736941
u_65:0.6702540602
u_66:0.6752464921
u_67:0.6764803
u_68:0.6750851549
u_69:0.670506115
u_70:0.6757583993
u_71:0.6709589633
u_72:0.6699205348
u_73:0.6680655942
u_74:0.6713365057
u_75:0.6791991623
u_76:0.6658652664
u_77:0.6627996664
u_78:0.6691494456
u_79:0.6451927846
u_80:0.5757182639
u_81:0.5038306713
u_82:0.4349704199
u_83:0.4249155318
u_84:0.4147116062
u_85:0.4105358023
u_86:0.4056079806
u_87:0.4104220817
u_88:0.3991451431
u_89:0.4005138417
u_90:0.4017206435
u_91:0.3975804519
u_92:0.4006708207
u_93:0.4053422814
u_94:0.3948390286
u_95:0.3974626111
u_96:0.3942782696
u_97:0.3916618894
u_98:0.3992102798
u_99:0.3814859033
[Objective]
0.01181360361
