[Grid]
nodes:100
dt_0:0.02
dt_1:0.02
dt_2:0.02
dt_3:0.02
dt_4:0.02
dt_5:0.02
dt_6:0.02
dt_7:0.02
dt_8:0.02
dt_9:0.02
dt_10:0.02
dt_11:0.02
dt_12:0.02
dt_13:0.02
dt_14:0.02
dt_15:0.02
dt_16:0.02
dt_17:0.02
dt_18:0.02
dt_19:0.02
dt_20:0.02
dt_21:0.02
dt_22:0.02
dt_23:0.02
dt_24:0.02
dt_25:0.02
dt_26:0.02
dt_27:0.02
dt_28:0.02
dt_29:0.02
dt_30:0.02
dt_31:0.02
dt_32:0.02
dt_33:0.02
dt_34:0.02
dt_35:0.02
dt_36:0.02
dt_37:0.02
dt_38:0.02
dt_39:0.02
dt_40:0.02
dt_41:0.02
dt_42:0.02
dt_43:0.02
dt_44:0.02
dt_45:0.02
dt_46:0.02
dt_47:0.02
dt_48:0.02
dt_49:0.02
dt_50:0.02
dt_51:0.02
dt_52:0.02
dt_53:0.02
dt_54:0.02
dt_55:0.02
dt_56:0.02
dt_57:0.02
dt_58:0.02
dt_59:0.02
dt_60:0.02
dt_61:0.02
dt_62:0.02
dt_63:0.02
dt_64:0.02
dt_65:0.02
dt_66:0.02
dt_67:0.02
dt_68:0.02
dt_69:0.02
dt_70:0.02
dt_71:0.02
dt_72:0.02
dt_73:0.02
dt_74:0.02
dt_75:0.02
dt_76:0.02
dt_77:0.02
dt_78:0.02
dt_79:0.02
dt_80:0.02
dt_81:0.02
dt_82:0.02
dt_83:0.02
dt_84:0.02
dt_85:0.02
dt_86:0.02
dt_87:0.02
dt_88:0.02
dt_89:0.02
dt_90:0.02
dt_91:0.02
dt_92:0.02
dt_93:0.02
dt_94:0.02
dt_95:0.02
dt_96:0.02
dt_97:0.02
dt_98:0.02
dt_99:0.02
[Control]
u_0:0.05202950809
u_1:0.1049895077
u_2:0.1911848932
u_3:0.3018660676
u_4:0.4284519852
u_5:0.5626302265
u_6:0.6675983581
u_7:0.6889126032
u_8:0.6886227845
u_9:0.6930612022
u_10:0.6996636064
u_11:0.7054468831
u_12:0.7126283958
u_13:0.7095008014
u_14:0.7019331883
u_15:0.6976279535
u_16:0.7031816485
u_17:0.6903156003
u_18:0.6852141446
u_19:0.6880356093
u_20:0.6595307263
u_21:0.597131766
u_22:0.5344322653
u_23:0.4716212322
u_24:0.4089282808
u_25:0.364160818
u_26:0.3686177216
u_27:0.3558870529
u_28:0.3462830762
u_29:0.3381967911
u_30:0.3366174834
u_31:0.3364219753
u_32:0.3370928145
u_33:0.3304126612
u_34:0.341508947
u_35:0.354275323
u_36:0.3521230655
u_37:0.3602605403
u_38:0.3648311856
u_39:0.3811947677
u_40:0.3909253611
u_41:0.386216028
u_42:0.3819718306
u_43:0.398483047
u_44:0.398725732
u_45:0.3928799229
u_46:0.3901183368
u_47:0.395671097
u_48:0.3954132126
u_49:0.3936290164
u_50:0.3913329231
u_51:0.385493716
u_52:0.3834622818
u_53:0.3902634504
u_54:0.4227360793
u_55:0.4383305607
u_56:0.5321274154
u_57:0.6244590828
u_58:0.6479353594
u_59:0.6496522687
u_60:0.655633493
u_61:0.663284063
u_62:0.6731606976
u_63:0.672896885
u_64:0.6738215867
u_65:0.670046052
u_66:0.6715229358
u_67:0.6759208987
u_68:0.6799796605
u_69:0.6680657073
u_70:0.6702022677
u_71:0.6661345003
u_72:0.6596691896
u_73:0.6718285705
u_74:0.6763678715
u_75:0.664930322
u_76:0.6700605008
u_77:0.6698790698
u_78:0.662162958
u_79:0.64734938
u_80:0.575982201
u_81:0.5041729495
u_82:0.4280295859
u_83:0.4179747898
u_84:0.4193126109
u_85:0.409810621
u_86:0.4096667349
u_87:0.4044213691
u_88:0.4003435773
u_89:0.4022208821
u_90:0.4051827857
u_91:0.4036337864
u_92:0.3942432559
u_93:0.3979428903
u_94:0.3927787822
u_95:0.3948052201
u_96:0.4011511724
u_97:0.4036532501
u_98:0.3995904626
u_99:0.3805345811
[Objective]
0.01181393302
