[Grid]
nodes:100
dt_0:0.02
dt_1:0.02
dt_2:0.02
dt_3:0.02
dt_4:0.02
dt_5:0.02
dt_6:0.02
dt_7:0.02
dt_8:0.02
dt_9:0.02
dt_10:0.02
dt_11:0.02
dt_12:0.02
dt_13:0.02
dt_14:0.02
dt_15:0.02
dt_16:0.02
dt_17:0.02
dt_18:0.02
dt_19:0.02
dt_20:0.02
dt_21:0.02
dt_22:0.02
dt_23:0.02
dt_24:0.02
dt_25:0.02
dt_26:0.02
dt_27:0.02
dt_28:0.02
dt_29:0.02
dt_30:0.02
dt_31:0.02
dt_32:0.02
dt_33:0.02
dt_34:0.02
dt_35:0.02
dt_36:0.02
dt_37:0.02
dt_38:0.02
dt_39:0.02
dt_40:0.02
dt_41:0.02
dt_42:0.02
dt_43:0.02
dt_44:0.02
dt_45:0.02
dt_46:0.02
dt_47:0.02
dt_48:0.02
dt_49:0.02
dt_50:0.02
dt_51:0.02
dt_52:0.02
dt_53:0.02
dt_54:0.02
dt_55:0.02
dt_56:0.02
dt_57:0.02
dt_58:0.02
dt_59:0.02
dt_60:0.02
dt_61:0.02
dt_62:0.02
dt_63:0.02
dt_64:0.02
dt_65:0.02
dt_66:0.02
dt_67:0.02
dt_68:0.02
dt_69:0.02
dt_70:0.02
dt_71:0.02
dt_72:0.02
dt_73:0.02
dt_74:0.02
dt_75:0.02
dt_76:0.02
dt_77:0.02
dt_78:0.02
dt_79:0.02
dt_80:0.02
dt_81:0.02
dt_82:0.02
dt_83:0.02
dt_84:0.02
dt_85:0.02
dt_86:0.02
dt_87:0.02
dt_88:0.02
dt_89:0.02
dt_90:0.02
dt_91:0.02
dt_92:0.02
dt_93:0.02
dt_94:0.02
dt_95:0.02
dt_96:0.02
dt_97:0.02
dt_98:0.02
dt_99:0.02
[Control]
u_0:0.05231879279
u_1:0.1054028568
u_2:0.1917825821
u_3:0.3027355188
u_4:0.4297212836
u_5:0.5644892888
u_6:0.6407121417
u_7:0.6572397066
u_8:0.6679887377
u_9:0.6796286801
u_10:0.6999440356
u_11:0.7065084521
u_12:0.7170960527
u_13:0.7167196494
u_14:0.7277444433
u_15:0.7233946187
u_16:0.7327168947
u_17:0.7373604219
u_18:0.708867866
u_19:0.6759970321
u_20:0.6579599094
u_21:0.5961011666
u_22:0.5337911129
u_23:0.4712753757
u_24:0.408825088
u_25:0.3898905813
u_26:0.3559619351
u_27:0.336100436
u_28:0.3382686417
u_29:0.3306450487
u_30:0.3195195208
u_31:0.3132275022
u_32:0.3279342617
u_33:0.3185833033
u_34:0.3231936199
u_35:0.3395163847
u_36:0.3225883668
u_37:0.3412622708
u_38:0.3459872043
u_39:0.4033595548
u_40:0.4159756363
u_41:0.418484081
u_42:0.4166373344
u_43:0.3964899612
u_44:0.4015302813
u_45:0.396968301
u_46:0.4037335196
u_47:0.3933814404
u_48:0.4042108678
u_49:0.3873400189
u_50:0.3833008455
u_51:0.3817419164
u_52:0.3949284286
u_53:0.3905785971
u_54:0.412866995
u_55:0.4394588557
u_56:0.5336212353
u_57:0.5856356036
u_58:0.6482699872
u_59:0.6521110676
u_60:0.6429136234
u_61:0.6625049126
u_62:0.6667265384
u_63:0.6702270427
u_64:0.6824650012
u_65:0.6744525746
u_66:0.6697996374
u_67:0.6705957817
u_68:0.6849977233
u_69:0.6745123161
u_70:0.6727624387
u_71:0.6931934462
u_72:0.6920040463
u_73:0.6852200886
u_74:0.6852174092
u_75:0.6981775031
u_76:0.6680288377
u_77:0.6685835564
u_78:0.6570962235
u_79:0.6327071653
u_80:0.5743372742
u_81:0.5017603815
u_82:0.4684402326
u_83:0.4387952263
u_84:0.4374002797
u_85:0.4272224012
u_86:0.4218666323
u_87:0.4252965853
u_88:0.4076480794
u_89:0.3899896895
u_90:0.3901941401
u_91:0.3867341426
u_92:0.3934557274
u_93:0.3848865561
u_94:0.3869178901
u_95:0.3938380887
u_96:0.3778221225
u_97:0.388186144
u_98:0.3759268479
u_99:0.3688108695
[Objective]
0.01180826737
