[Grid]
nodes:100
dt_0:0.02
dt_1:0.02
dt_2:0.02
dt_3:0.02
dt_4:0.02
dt_5:0.02
dt_6:0.02
dt_7:0.02
dt_8:0.02
dt_9:0.02
dt_10:0.02
dt_11:0.02
dt_12:0.02
dt_13:0.02
dt_14:0.02
dt_15:0.02
dt_16:0.02
dt_17:0.02
dt_18:0.02
dt_19:0.02
dt_20:0.02
dt_21:0.02
dt_22:0.02
dt_23:0.02
dt_24:0.02
dt_25:0.02
dt_26:0.02
dt_27:0.02
dt_28:0.02
dt_29:0.02
dt_30:0.02
dt_31:0.02
dt_32:0.02
dt_33:0.02
dt_34:0.02
dt_35:0.02
dt_36:0.02
dt_37:0.02
dt_38:0.02
dt_39:0.02
dt_40:0.02
dt_41:0.02
dt_42:0.02
dt_43:0.02
dt_44:0.02
dt_45:0.02
dt_46:0.02
dt_47:0.02
dt_48:0.02
dt_49:0.02
dt_50:0.02
dt_51:0.02
dt_52:0.02
dt_53:0.02
dt_54:0.02
dt_55:0.02
dt_56:0.02
dt_57:0.02
dt_58:0.02
dt_59:0.02
dt_60:0.02
dt_61:0.02
dt_62:0.02
dt_63:0.02
dt_64:0.02
dt_65:0.02
dt_66:0.02
dt_67:0.02
dt_68:0.02
dt_69:0.02
dt_70:0.02
dt_71:0.02
dt_72:0.02
dt_73:0.02
dt_74:0.02
dt_75:0.02
dt_76:0.02
dt_77:0.02
dt_78:0.02
dt_79:0.02
dt_80:0.02
dt_81:0.02
dt_82:0.02
dt_83:0.02
dt_84:0.02
dt_85:0.02
dt_86:0.02
dt_87:0.02
dt_88:0.02
dt_89:0.02
dt_90:0.02
dt_91:0.02
dt_92:0.02
dt_93:0.02
dt_94:0.02
dt_95:0.02
dt_96:0.02
dt_97:0.02
dt_98:0.02
dt_99:0.02
[Control]
u_0:0.05212668642
u_1:0.1051283202
u_2:0.1913855123
u_3:0.3021576833
u_4:0.4288771396
u_5:0.5632512299
u_6:0.6726338221
u_7:0.6759754863
u_8:0.6701402872
u_9:0.6741262933
u_10:0.6849814361
u_11:0.7026585883
u_12:0.7160601462
u_13:0.7231853113
u_14:0.7163179349
u_15:0.7305225104
u_16:0.7176422948
u_17:0.7178004034
u_18:0.6890886852
u_19:0.6814996503
u_20:0.6586361105
u_21:0.5964931246
u_22:0.5339564214
u_23:0.4712381567
u_24:0.4085796187
u_25:0.3849581427
u_26:0.3765362411
u_27:0.3429868195
u_28:0.3290198696
u_29:0.3304700356
u_30:0.3292402188
u_31:0.3215356409
u_32:0.324535986
u_33:0.3239443575
u_34:0.3231010801
u_35:0.3427791241
u_36:0.3414018385
u_37:0.3404323831
u_38:0.3414344589
u_39:0.4060473579
u_40:0.4055678711
u_41:0.389474817
u_42:0.3884618941
u_43:0.4196515376
u_44:0.4196541707
u_45:0.394248469
u_46:0.3868415674
u_47:0.3878701727
u_48:0.3778809444
u_49:0.3837094212
u_50:0.3919743673
u_51:0.4012396227
u_52:0.4019399853
u_53:0.4037161003
u_54:0.4175499618
u_55:0.4385720395
u_56:0.5328626244
u_57:0.5944729451
u_58:0.6388507353
u_59:0.6561748248
u_60:0.6623607666
u_61:0.657513698
u_62:0.668677465
u_63:0.6721881504
u_64:0.6627162533
u_65:0.6641563533
u_66:0.6770666091
u_67:0.6731516398
u_68:0.6855002787
u_69:0.674320895
u_70:0.6788519873
u_71:0.6660717219
u_72:0.684811177
u_73:0.6904733265
u_74:0.6905894405
u_75:0.6943129735
u_76:0.6760398953
u_77:0.6703069686
u_78:0.6616751133
u_79:0.6161120151
u_80:0.5746915361
u_81:0.5019984055
u_82:0.4729685388
u_83:0.4438668627
u_84:0.4221224444
u_85:0.4244494317
u_86:0.4297830367
u_87:0.4237037415
u_88:0.4002229512
u_89:0.3921475353
u_90:0.4038150681
u_91:0.3773792247
u_92:0.3877776469
u_93:0.3794058085
u_94:0.3804115999
u_95:0.3935105028
u_96:0.394805632
u_97:0.3825373875
u_98:0.3778874743
u_99:0.3797852908
[Objective]
0.01180956081
