[Grid]
nodes:100
dt_0:0.02
dt_1:0.02
dt_2:0.02
dt_3:0.02
dt_4:0.02
dt_5:0.02
dt_6:0.02
dt_7:0.02
dt_8:0.02
dt_9:0.02
dt_10:0.02
dt_11:0.02
dt_12:0.02
dt_13:0.02
dt_14:0.02
dt_15:0.02
dt_16:0.02
dt_17:0.02
dt_18:0.02
dt_19:0.02
dt_20:0.02
dt_21:0.02
dt_22:0.02
dt_23:0.02
dt_24:0.02
dt_25:0.02
dt_26:0.02
dt_27:0.02
dt_28:0.02
dt_29:0.02
dt_30:0.02
dt_31:0.02
dt_32:0.02
dt_33:0.02
dt_34:0.02
dt_35:0.02
dt_36:0.02
dt_37:0.02
dt_38:0.02
dt_39:0.02
dt_40:0.02
dt_41:0.02
dt_42:0.02
dt_43:0.02
dt_44:0.02
dt_45:0.02
dt_46:0.02
dt_47:0.02
dt_48:0.02
dt_49:0.02
dt_50:0.02
dt_51:0.02
dt_52:0.02
dt_53:0.02
dt_54:0.02
dt_55:0.02
dt_56:0.02
dt_57:0.02
dt_58:0.02
dt_59:0.02
dt_60:0.02
dt_61:0.02
dt_62:0.02
dt_63:0.02
dt_64:0.02
dt_65:0.02
dt_66:0.02
dt_67:0.02
dt_68:0.02
dt_69:0.02
dt_70:0.02
dt_71:0.02
dt_72:0.02
dt_73:0.02
dt_74:0.02
dt_75:0.02
dt_76:0.02
dt_77:0.02
dt_78:0.02
dt_79:0.02
dt_80:0.02
dt_81:0.02
dt_82:0.02
dt_83:0.02
dt_84:0.02
dt_85:0.02
dt_86:0.02
dt_87:0.02
dt_88:0.02
dt_89:0.02
dt_90:0.02
dt_91:0.02
dt_92:0.02
dt_93:0.02
dt_94:0.02
dt_95:0.02
dt_96:0.02
dt_97:0.02
dt_98:0.02
dt_99:0.02
[Control]
u_0:0.05145446197
u_1:0.1041678982
u_2:0.1899970697
u_3:0.3001388375
u_4:0.4259326416
u_5:0.5589473344
u_6:0.6910969174
u_7:0.7085061791
u_8:0.6923131796
u_9:0.7631470033
u_10:0.7152297094
u_11:0.8273326733
u_12:0.7035918396
u_13:0.7657836353
u_14:0.7358806061
u_15:0.8134154036
u_16:0.8708512783
u_17:0.8196849899
u_18:0.7661072488
u_19:0.7102942957
u_20:0.6526080565
u_21:0.5935299754
u_22:0.533617752
u_23:0.473474683
u_24:0.4137259687
u_25:0.3549980825
u_26:0.2978977323
u_27:0.2429861179
u_28:0.1907406433
u_29:0.2477972278
u_30:0.3263042848
u_31:0.2996747454
u_32:0.3688231711
u_33:0.2577335671
u_34:0.3860555961
u_35:0.3431931282
u_36:0.2733106434
u_37:0.1841524321
u_38:0.2150687692
u_39:0.4050079138
u_40:0.6851463084
u_41:0.3661203546
u_42:0.4853928314
u_43:0.4697112155
u_44:0.5212899814
u_45:0.3769947472
u_46:0.4761774676
u_47:0.3589593187
u_48:0.4050294222
u_49:0.2217379075
u_50:0.283593452
u_51:0.3385946795
u_52:0.2914839764
u_53:0.2679112625
u_54:0.3546010528
u_55:0.4436711507
u_56:0.5333354326
u_57:0.6217116044
u_58:0.7069107986
u_59:0.7871272632
u_60:0.7544469586
u_61:0.6955546721
u_62:0.6297572899
u_63:0.656011429
u_64:0.6815882085
u_65:0.6969282418
u_66:0.6852958557
u_67:0.7274921999
u_68:0.666328004
u_69:0.7199108407
u_70:0.6581610383
u_71:0.7024800247
u_72:0.6678667137
u_73:0.6406871351
u_74:0.712505596
u_75:0.7831350614
u_76:0.8320122045
u_77:0.771194065
u_78:0.7073537453
u_79:0.6410913724
u_80:0.5731464404
u_81:0.5043365793
u_82:0.4355120559
u_83:0.3675142495
u_84:0.3011269356
u_85:0.3433117657
u_86:0.4065579568
u_87:0.3646318373
u_88:0.4188125272
u_89:0.2934577937
u_90:0.408593009
u_91:0.3539701717
u_92:0.5224526081
u_93:0.2875246611
u_94:0.3193158313
u_95:0.4424305472
u_96:0.5585040291
u_97:0.5361848777
u_98:0.5003384423
u_99:0.428963931
[Objective]
0.01174543186
