[Grid]
nodes:100
dt_0:0.02
dt_1:0.02
dt_2:0.02
dt_3:0.02
dt_4:0.02
dt_5:0.02
dt_6:0.02
dt_7:0.02
dt_8:0.02
dt_9:0.02
dt_10:0.02
dt_11:0.02
dt_12:0.02
dt_13:0.02
dt_14:0.02
dt_15:0.02
dt_16:0.02
dt_17:0.02
dt_18:0.02
dt_19:0.02
dt_20:0.02
dt_21:0.02
dt_22:0.02
dt_23:0.02
dt_24:0.02
dt_25:0.02
dt_26:0.02
dt_27:0.02
dt_28:0.02
dt_29:0.02
dt_30:0.02
dt_31:0.02
dt_32:0.02
dt_33:0.02
dt_34:0.02
dt_35:0.02
dt_36:0.02
dt_37:0.02
dt_38:0.02
dt_39:0.02
dt_40:0.02
dt_41:0.02
dt_42:0.02
dt_43:0.02
dt_44:0.02
dt_45:0.02
dt_46:0.02
dt_47:0.02
dt_48:0.02
dt_49:0.02
dt_50:0.02
dt_51:0.02
dt_52:0.02
dt_53:0.02
dt_54:0.02
dt_55:0.02
dt_56:0.02
dt_57:0.02
dt_58:0.02
dt_59:0.02
dt_60:0.02
dt_61:0.02
dt_62:0.02
dt_63:0.02
dt_64:0.02
dt_65:0.02
dt_66:0.02
dt_67:0.02
dt_68:0.02
dt_69:0.02
dt_70:0.02
dt_71:0.02
dt_72:0.02
dt_73:0.02
dt_74:0.02
dt_75:0.02
dt_76:0.02
dt_77:0.02
dt_78:0.02
dt_79:0.02
dt_80:0.02
dt_81:0.02
dt_82:0.02
dt_83:0.02
dt_84:0.02
dt_85:0.02
dt_86:0.02
dt_87:0.02
dt_88:0.02
dt_89:0.02
dt_90:0.02
dt_91:0.02
dt_92:0.02
dt_93:0.02
dt_94:0.02
dt_95:0.02
dt_96:0.02
dt_97:0.02
dt_98:0.02
dt_99:0.02
[Control]
u_0:0.05206935536
u_1:0.1050464197
u_2:0.1912671378
u_3:0.301985634
u_4:0.4286264243
u_5:0.5628855004
u_6:0.6655068062
u_7:0.6821086396
u_8:0.6867148651
u_9:0.6939434959
u_10:0.7027384225
u_11:0.6971906839
u_12:0.7103434279
u_13:0.7072640189
u_14:0.7055837886
u_15:0.7079104486
u_16:0.7013356709
u_17:0.6966820749
u_18:0.6904235921
u_19:0.6863134502
u_20:0.6593719712
u_21:0.5970679853
u_22:0.5344541573
u_23:0.4717319853
u_24:0.4091439982
u_25:0.3689218479
u_26:0.3578044999
u_27:0.3441252192
u_28:0.34531795
u_29:0.344677373
u_30:0.3331683648
u_31:0.3371059653
u_32:0.3379036666
u_33:0.3424288983
u_34:0.3375695368
u_35:0.3351048061
u_36:0.3475698853
u_37:0.3561907913
u_38:0.3578647385
u_39:0.3871444278
u_40:0.3903093389
u_41:0.3941084608
u_42:0.3978092342
u_43:0.3972520536
u_44:0.3990115467
u_45:0.3959507244
u_46:0.3941677685
u_47:0.391994629
u_48:0.3887829568
u_49:0.3952013745
u_50:0.3840977412
u_51:0.3882786936
u_52:0.3948271997
u_53:0.3967270163
u_54:0.421716283
u_55:0.438232549
u_56:0.5321866769
u_57:0.6239479518
u_58:0.6338830852
u_59:0.6593685601
u_60:0.6602975994
u_61:0.6602135699
u_62:0.6673602618
u_63:0.6628756703
u_64:0.6672105049
u_65:0.6741404004
u_66:0.6672475331
u_67:0.6674520393
u_68:0.6747830727
u_69:0.6782041122
u_70:0.6782090166
u_71:0.6801485481
u_72:0.6660196595
u_73:0.6739026116
u_74:0.6770060855
u_75:0.6740436157
u_76:0.6703990858
u_77:0.6646541745
u_78:0.6629974623
u_79:0.640568824
u_80:0.5757045638
u_81:0.5036771187
u_82:0.4388006408
u_83:0.4295744526
u_84:0.4158751135
u_85:0.4067451996
u_86:0.4110073737
u_87:0.4085649535
u_88:0.4085010856
u_89:0.3990759841
u_90:0.4015198154
u_91:0.406020762
u_92:0.3987190566
u_93:0.3923167019
u_94:0.3951630773
u_95:0.3973876692
u_96:0.399233163
u_97:0.3891872401
u_98:0.3836093817
u_99:0.3829676975
[Objective]
0.01181327658
