[Grid]
nodes:100
dt_0:0.02
dt_1:0.02
dt_2:0.02
dt_3:0.02
dt_4:0.02
dt_5:0.02
dt_6:0.02
dt_7:0.02
dt_8:0.02
dt_9:0.02
dt_10:0.02
dt_11:0.02
dt_12:0.02
dt_13:0.02
dt_14:0.02
dt_15:0.02
dt_16:0.02
dt_17:0.02
dt_18:0.02
dt_19:0.02
dt_20:0.02
dt_21:0.02
dt_22:0.02
dt_23:0.02
dt_24:0.02
dt_25:0.02
dt_26:0.02
dt_27:0.02
dt_28:0.02
dt_29:0.02
dt_30:0.02
dt_31:0.02
dt_32:0.02
dt_33:0.02
dt_34:0.02
dt_35:0.02
dt_36:0.02
dt_37:0.02
dt_38:0.02
dt_39:0.02
dt_40:0.02
dt_41:0.02
dt_42:0.02
dt_43:0.02
dt_44:0.02
dt_45:0.02
dt_46:0.02
dt_47:0.02
dt_48:0.02
dt_49:0.02
dt_50:0.02
dt_51:0.02
dt_52:0.02
dt_53:0.02
dt_54:0.02
dt_55:0.02
dt_56:0.02
dt_57:0.02
dt_58:0.02
dt_59:0.02
dt_60:0.02
dt_61:0.02
dt_62:0.02
dt_63:0.02
dt_64:0.02
dt_65:0.02
dt_66:0.02
dt_67:0.02
dt_68:0.02
dt_69:0.02
dt_70:0.02
dt_71:0.02
dt_72:0.02
dt_73:0.02
dt_74:0.02
dt_75:0.02
dt_76:0.02
dt_77:0.02
dt_78:0.02
dt_79:0.02
dt_80:0.02
dt_81:0.02
dt_82:0.02
dt_83:0.02
dt_84:0.02
dt_85:0.02
dt_86:0.02
dt_87:0.02
dt_88:0.02
dt_89:0.02
dt_90:0.02
dt_91:0.02
dt_92:0.02
dt_93:0.02
dt_94:0.02
dt_95:0.02
dt_96:0.02
dt_97:0.02
dt_98:0.02
dt_99:0.02
[Control]
u_0:0.05051263377
u_1:0.1028222394
u_2:0.1880516192
u_3:0.2973100034
u_4:0.4218068595
u_5:0.5529176281
u_6:0.6822640477
u_7:0.8018254132
u_8:0.9041052841
u_9:0.8114440193
u_10:0.674335226
u_11:0.8126391319
u_12:0.6627081859
u_13:0.814103884
u_14:0.9477117213
u_15:0.9067950937
u_16:0.8621090936
u_17:0.8137893742
u_18:0.7621784486
u_19:0.7077539646
u_20:0.6510845716
u_21:0.5928011156
u_22:0.5335773413
u_23:0.4741168458
u_24:0.4151442759
u_25:0.3573994642
u_26:0.3016336119
u_27:0.2486067984
u_28:0.1990859133
u_29:0.1538409435
u_30:0.1136330564
u_31:0.2501286399
u_32:0.407916665
u_33:0.2698112326
u_34:0.4231244744
u_35:0.2892927621
u_36:0.1140288261
u_37:0.1492608094
u_38:0.3022291832
u_39:0.5385149611
u_40:0.5215867591
u_41:0.5578252677
u_42:0.508455006
u_43:0.5057698626
u_44:0.5028621105
u_45:0.4232961759
u_46:0.4335271973
u_47:0.3815873099
u_48:0.2078513969
u_49:0.366795566
u_50:0.2336778673
u_51:0.1254620965
u_52:0.1969023526
u_53:0.2753747704
u_54:0.3589548091
u_55:0.4455703586
u_56:0.5330625434
u_57:0.6192267876
u_58:0.701845935
u_59:0.7787222818
u_60:0.8477153225
u_61:0.9067968381
u_62:0.7831957206
u_63:0.631465043
u_64:0.5973496835
u_65:0.7379959383
u_66:0.6854492308
u_67:0.5804815318
u_68:0.7929625525
u_69:0.5724048826
u_70:0.700434476
u_71:0.6190212987
u_72:0.6437982254
u_73:0.7943743337
u_74:0.9238046222
u_75:0.8762769839
u_76:0.8232791923
u_77:0.7655518648
u_78:0.7039581546
u_79:0.6394412041
u_80:0.5729995789
u_81:0.5056716355
u_82:0.4385251947
u_83:0.3726506401
u_84:0.3091559563
u_85:0.2491613158
u_86:0.1937864699
u_87:0.315064951
u_88:0.4579621439
u_89:0.3056780307
u_90:0.4459159712
u_91:0.3004863476
u_92:0.1967997772
u_93:0.3920472919
u_94:0.5215055227
u_95:0.4138491856
u_96:0.6974790472
u_97:0.5730602389
u_98:0.6135025004
u_99:0.5318877685
[Objective]
0.01165057301
