[Grid]
nodes:100
dt_0:0.02
dt_1:0.02
dt_2:0.02
dt_3:0.02
dt_4:0.02
dt_5:0.02
dt_6:0.02
dt_7:0.02
dt_8:0.02
dt_9:0.02
dt_10:0.02
dt_11:0.02
dt_12:0.02
dt_13:0.02
dt_14:0.02
dt_15:0.02
dt_16:0.02
dt_17:0.02
dt_18:0.02
dt_19:0.02
dt_20:0.02
dt_21:0.02
dt_22:0.02
dt_23:0.02
dt_24:0.02
dt_25:0.02
dt_26:0.02
dt_27:0.02
dt_28:0.02
dt_29:0.02
dt_30:0.02
dt_31:0.02
dt_32:0.02
dt_33:0.02
dt_34:0.02
dt_35:0.02
dt_36:0.02
dt_37:0.02
dt_38:0.02
dt_39:0.02
dt_40:0.02
dt_41:0.02
dt_42:0.02
dt_43:0.02
dt_44:0.02
dt_45:0.02
dt_46:0.02
dt_47:0.02
dt_48:0.02
dt_49:0.02
dt_50:0.02
dt_51:0.02
dt_52:0.02
dt_53:0.02
dt_54:0.02
dt_55:0.02
dt_56:0.02
dt_57:0.02
dt_58:0.02
dt_59:0.02
dt_60:0.02
dt_61:0.02
dt_62:0.02
dt_63:0.02
dt_64:0.02
dt_65:0.02
dt_66:0.02
dt_67:0.02
dt_68:0.02
dt_69:0.02
dt_70:0.02
dt_71:0.02
dt_72:0.02
dt_73:0.02
dt_74:0.02
dt_75:0.02
dt_76:0.02
dt_77:0.02
dt_78:0.02
dt_79:0.02
dt_80:0.02
dt_81:0.02
dt_82:0.02
dt_83:0.02
dt_84:0.02
dt_85:0.02
dt_86:0.02
dt_87:0.02
dt_88:0.02
dt_89:0.02
dt_90:0.02
dt_91:0.02
dt_92:0.02
dt_93:0.02
dt_94:0.02
dt_95:0.02
dt_96:0.02
dt_97:0.02
dt_98:0.02
dt_99:0.02
[Control]
u_0:0.05268496952
u_1:0.1059261865
u_2:0.1925396291
u_3:0.3038377637
u_4:0.4313334472
u_5:0.5461751759
u_6:0.6096489384
u_7:0.614306227
u_8:0.6645551746
u_9:0.6949240077
u_10:0.7099196813
u_11:0.7332859584
u_12:0.7152227615
u_13:0.7567077649
u_14:0.7324280419
u_15:0.7506599878
u_16:0.72761597
u_17:0.7335271684
u_18:0.724715733
u_19:0.7165537935
u_20:0.6563420232
u_21:0.5952935568
u_22:0.5336708533
u_23:0.4718249822
u_24:0.4101299968
u_25:0.348920473
u_26:0.3395406503
u_27:0.3294987907
u_28:0.3573023419
u_29:0.3173506596
u_30:0.307646793
u_31:0.3240753785
u_32:0.3144363722
u_33:0.3212713089
u_34:0.3142692896
u_35:0.3487083311
u_36:0.3282578753
u_37:0.3248015859
u_38:0.3215148806
u_39:0.3970347874
u_40:0.4403868981
u_41:0.4214913424
u_42:0.4271112054
u_43:0.4202027038
u_44:0.4284181013
u_45:0.4054281054
u_46:0.4272144434
u_47:0.4030716449
u_48:0.4071552035
u_49:0.3473963603
u_50:0.373037636
u_51:0.3553782812
u_52:0.3653328598
u_53:0.4107448238
u_54:0.3957874604
u_55:0.4405465462
u_56:0.5343974494
u_57:0.6064450075
u_58:0.6048923532
u_59:0.6713617648
u_60:0.6505563984
u_61:0.6397434976
u_62:0.6595199596
u_63:0.661496045
u_64:0.7105710206
u_65:0.668931166
u_66:0.7025101499
u_67:0.6789454375
u_68:0.6991272169
u_69:0.697649098
u_70:0.6831103669
u_71:0.6830430812
u_72:0.6740869631
u_73:0.6844704674
u_74:0.6917863578
u_75:0.688304049
u_76:0.6662741767
u_77:0.6812320341
u_78:0.6647087463
u_79:0.6453820131
u_80:0.573908575
u_81:0.5016845086
u_82:0.4573355755
u_83:0.4571419375
u_84:0.4177427302
u_85:0.4167822253
u_86:0.406267008
u_87:0.4179724198
u_88:0.4122839715
u_89:0.394237576
u_90:0.414593111
u_91:0.3984905027
u_92:0.3919992628
u_93:0.412769695
u_94:0.3989009117
u_95:0.3902738535
u_96:0.3876577464
u_97:0.3731919573
u_98:0.3685990871
u_99:0.3381639055
[Objective]
0.01180337827
