[Grid]
nodes:100
dt_0:0.02
dt_1:0.02
dt_2:0.02
dt_3:0.02
dt_4:0.02
dt_5:0.02
dt_6:0.02
dt_7:0.02
dt_8:0.02
dt_9:0.02
dt_10:0.02
dt_11:0.02
dt_12:0.02
dt_13:0.02
dt_14:0.02
dt_15:0.02
dt_16:0.02
dt_17:0.02
dt_18:0.02
dt_19:0.02
dt_20:0.02
dt_21:0.02
dt_22:0.02
dt_23:0.02
dt_24:0.02
dt_25:0.02
dt_26:0.02
dt_27:0.02
dt_28:0.02
dt_29:0.02
dt_30:0.02
dt_31:0.02
dt_32:0.02
dt_33:0.02
dt_34:0.02
dt_35:0.02
dt_36:0.02
dt_37:0.02
dt_38:0.02
dt_39:0.02
dt_40:0.02
dt_41:0.02
dt_42:0.02
dt_43:0.02
dt_44:0.02
dt_45:0.02
dt_46:0.02
dt_47:0.02
dt_48:0.02
dt_49:0.02
dt_50:0.02
dt_51:0.02
dt_52:0.02
dt_53:0.02
dt_54:0.02
dt_55:0.02
dt_56:0.02
dt_57:0.02
dt_58:0.02
dt_59:0.02
dt_60:0.02
dt_61:0.02
dt_62:0.02
dt_63:0.02
dt_64:0.02
dt_65:0.02
dt_66:0.02
dt_67:0.02
dt_68:0.02
dt_69:0.02
dt_70:0.02
dt_71:0.02
dt_72:0.02
dt_73:0.02
dt_74:0.02
dt_75:0.02
dt_76:0.02
dt_77:0.02
dt_78:0.02
dt_79:0.02
dt_80:0.02
dt_81:0.02
dt_82:0.02
dt_83:0.02
dt_84:0.02
dt_85:0.02
dt_86:0.02
dt_87:0.02
dt_88:0.02
dt_89:0.02
dt_90:0.02
dt_91:0.02
dt_92:0.02
dt_93:0.02
dt_94:0.02
dt_95:0.02
dt_96:0.02
dt_97:0.02
dt_98:0.02
dt_99:0.02
[Control]
u_0:0.05282597322
u_1:0.1061277432
u_2:0.1928312728
u_3:0.3042624912
u_4:0.4319547884
u_5:0.5411218155
u_6:0.584548419
u_7:0.6150971749
u_8:0.6501732356
u_9:0.7029480197
u_10:0.7281594507
u_11:0.7444448656
u_12:0.7281535547
u_13:0.7352178598
u_14:0.7572115224
u_15:0.738615755
u_16:0.7523702622
u_17:0.7489218592
u_18:0.7294921746
u_19:0.7156981269
u_20:0.6558354995
u_21:0.5950608678
u_22:0.533677698
u_23:0.4720723727
u_24:0.4106544389
u_25:0.3498000966
u_26:0.3347983997
u_27:0.314155857
u_28:0.3098076862
u_29:0.3234452943
u_30:0.3274497644
u_31:0.3381618006
u_32:0.3190957137
u_33:0.3227180825
u_34:0.3123678828
u_35:0.3244019531
u_36:0.3226835721
u_37:0.3205101307
u_38:0.3337520407
u_39:0.385656409
u_40:0.4120314888
u_41:0.429502597
u_42:0.458455769
u_43:0.4444042518
u_44:0.4510194735
u_45:0.4469715676
u_46:0.404861789
u_47:0.4010596488
u_48:0.3696714235
u_49:0.371580893
u_50:0.3576062042
u_51:0.3328059777
u_52:0.3717907798
u_53:0.3676869935
u_54:0.4191845183
u_55:0.4410598736
u_56:0.5347801193
u_57:0.6007856216
u_58:0.6220474675
u_59:0.6392665139
u_60:0.6691247609
u_61:0.6474781028
u_62:0.6745714609
u_63:0.6449128564
u_64:0.6614830022
u_65:0.6958225252
u_66:0.7012264615
u_67:0.7228590265
u_68:0.7177533037
u_69:0.6998620578
u_70:0.7023370281
u_71:0.6643978087
u_72:0.6652271362
u_73:0.6594956011
u_74:0.6859684682
u_75:0.6772858862
u_76:0.7113182006
u_77:0.6793536169
u_78:0.6700793754
u_79:0.6449178473
u_80:0.5736490049
u_81:0.5015893655
u_82:0.4741004714
u_83:0.439856152
u_84:0.4210241125
u_85:0.3983281777
u_86:0.402066708
u_87:0.3805705434
u_88:0.4165649643
u_89:0.3993875577
u_90:0.4045713482
u_91:0.4457721245
u_92:0.4442934611
u_93:0.4002165342
u_94:0.3551745126
u_95:0.3863217972
u_96:0.3795960634
u_97:0.3980834767
u_98:0.3892385533
u_99:0.318012386
[Objective]
0.01179920585
