[Grid]
nodes:100
dt_0:0.02
dt_1:0.02
dt_2:0.02
dt_3:0.02
dt_4:0.02
dt_5:0.02
dt_6:0.02
dt_7:0.02
dt_8:0.02
dt_9:0.02
dt_10:0.02
dt_11:0.02
dt_12:0.02
dt_13:0.02
dt_14:0.02
dt_15:0.02
dt_16:0.02
dt_17:0.02
dt_18:0.02
dt_19:0.02
dt_20:0.02
dt_21:0.02
dt_22:0.02
dt_23:0.02
dt_24:0.02
dt_25:0.02
dt_26:0.02
dt_27:0.02
dt_28:0.02
dt_29:0.02
dt_30:0.02
dt_31:0.02
dt_32:0.02
dt_33:0.02
dt_34:0.02
dt_35:0.02
dt_36:0.02
dt_37:0.02
dt_38:0.02
dt_39:0.02
dt_40:0.02
dt_41:0.02
dt_42:0.02
dt_43:0.02
dt_44:0.02
dt_45:0.02
dt_46:0.02
dt_47:0.02
dt_48:0.02
dt_49:0.02
dt_50:0.02
dt_51:0.02
dt_52:0.02
dt_53:0.02
dt_54:0.02
dt_55:0.02
dt_56:0.02
dt_57:0.02
dt_58:0.02
dt_59:0.02
dt_60:0.02
dt_61:0.02
dt_62:0.02
dt_63:0.02
dt_64:0.02
dt_65:0.02
dt_66:0.02
dt_67:0.02
dt_68:0.02
dt_69:0.02
dt_70:0.02
dt_71:0.02
dt_72:0.02
dt_73:0.02
dt_74:0.02
dt_75:0.02
dt_76:0.02
dt_77:0.02
dt_78:0.02
dt_79:0.02
dt_80:0.02
dt_81:0.02
dt_82:0.02
dt_83:0.02
dt_84:0.02
dt_85:0.02
dt_86:0.02
dt_87:0.02
dt_88:0.02
dt_89:0.02
dt_90:0.02
dt_91:0.02
dt_92:0.02
dt_93:0.02
dt_94:0.02
dt_95:0.02
dt_96:0.02
dt_97:0.02
dt_98:0.02
dt_99:0.02
[Control]
u_0:0.05246069794
u_1:0.1056056229
u_2:0.1920758206
u_3:0.3031623217
u_4:0.4303452146
u_5:0.558976386
u_6:0.6357827569
u_7:0.6222839247
u_8:0.6824760929
u_9:0.6744249442
u_10:0.7028695099
u_11:0.7037951005
u_12:0.7331566496
u_13:0.7286069915
u_14:0.7332012205
u_15:0.7380586026
u_16:0.7372913122
u_17:0.7361704268
u_18:0.6913886073
u_19:0.7176103246
u_20:0.656972245
u_21:0.5955932135
u_22:0.5336846571
u_23:0.4715548892
u_24:0.4095354119
u_25:0.347910289
u_26:0.3729297775
u_27:0.347680469
u_28:0.3377850957
u_29:0.3101041323
u_30:0.309644741
u_31:0.3224552064
u_32:0.3249186912
u_33:0.3135650427
u_34:0.3286795889
u_35:0.3337896906
u_36:0.3301828165
u_37:0.3395805949
u_38:0.3233465529
u_39:0.4017811417
u_40:0.4430429902
u_41:0.4389677155
u_42:0.4157702064
u_43:0.3812609066
u_44:0.3982634494
u_45:0.398559843
u_46:0.4273270258
u_47:0.4257645694
u_48:0.3902931966
u_49:0.3761648097
u_50:0.3674512275
u_51:0.3675769863
u_52:0.3852643066
u_53:0.4032916537
u_54:0.3980479324
u_55:0.4401721011
u_56:0.5341790858
u_57:0.5869278863
u_58:0.6320784688
u_59:0.6600322965
u_60:0.6564760913
u_61:0.6528856424
u_62:0.654520424
u_63:0.6714373336
u_64:0.6933252788
u_65:0.6924412214
u_66:0.6693503015
u_67:0.6783749333
u_68:0.6631198559
u_69:0.6800040193
u_70:0.6856144164
u_71:0.6942074189
u_72:0.6980971412
u_73:0.6892643711
u_74:0.6895768362
u_75:0.6812350322
u_76:0.6875517027
u_77:0.664248695
u_78:0.6511588578
u_79:0.6458181747
u_80:0.5741684071
u_81:0.5018079384
u_82:0.4615032254
u_83:0.4441139296
u_84:0.4187131064
u_85:0.4257108408
u_86:0.4238224582
u_87:0.4345524341
u_88:0.4068104066
u_89:0.4033801364
u_90:0.3889180608
u_91:0.3847401083
u_92:0.3952950006
u_93:0.3784711416
u_94:0.3983583219
u_95:0.4012319222
u_96:0.3914485388
u_97:0.3807092706
u_98:0.3527575271
u_99:0.3692839987
[Objective]
0.01180594658
