[Grid]
nodes:100
dt_0:0.02
dt_1:0.02
dt_2:0.02
dt_3:0.02
dt_4:0.02
dt_5:0.02
dt_6:0.02
dt_7:0.02
dt_8:0.02
dt_9:0.02
dt_10:0.02
dt_11:0.02
dt_12:0.02
dt_13:0.02
dt_14:0.02
dt_15:0.02
dt_16:0.02
dt_17:0.02
dt_18:0.02
dt_19:0.02
dt_20:0.02
dt_21:0.02
dt_22:0.02
dt_23:0.02
dt_24:0.02
dt_25:0.02
dt_26:0.02
dt_27:0.02
dt_28:0.02
dt_29:0.02
dt_30:0.02
dt_31:0.02
dt_32:0.02
dt_33:0.02
dt_34:0.02
dt_35:0.02
dt_36:0.02
dt_37:0.02
dt_38:0.02
dt_39:0.02
dt_40:0.02
dt_41:0.02
dt_42:0.02
dt_43:0.02
dt_44:0.02
dt_45:0.02
dt_46:0.02
dt_47:0.02
dt_48:0.02
dt_49:0.02
dt_50:0.02
dt_51:0.02
dt_52:0.02
dt_53:0.02
dt_54:0.02
dt_55:0.02
dt_56:0.02
dt_57:0.02
dt_58:0.02
dt_59:0.02
dt_60:0.02
dt_61:0.02
dt_62:0.02
dt_63:0.02
dt_64:0.02
dt_65:0.02
dt_66:0.02
dt_67:0.02
dt_68:0.02
dt_69:0.02
dt_70:0.02
dt_71:0.02
dt_72:0.02
dt_73:0.02
dt_74:0.02
dt_75:0.02
dt_76:0.02
dt_77:0.02
dt_78:0.02
dt_79:0.02
dt_80:0.02
dt_81:0.02
dt_82:0.02
dt_83:0.02
dt_84:0.02
dt_85:0.02
dt_86:0.02
dt_87:0.02
dt_88:0.02
dt_89:0.02
dt_90:0.02
dt_91:0.02
dt_92:0.02
dt_93:0.02
dt_94:0.02
dt_95:0.02
dt_96:0.02
dt_97:0.02
dt_98:0.02
dt_99:0.02
[Control]
u_0:0.05192293597
u_1:0.1048372179
u_2:0.1909646444
u_3:0.3015455463
u_4:0.427983704
u_5:0.5619433638
u_6:0.6852628023
u_7:0.6914620021
u_8:0.6964657289
u_9:0.6944881812
u_10:0.6970264601
u_11:0.7027831748
u_12:0.7044707743
u_13:0.7060102347
u_14:0.702148711
u_15:0.6994241507
u_16:0.6981358974
u_17:0.6981838646
u_18:0.6873465059
u_19:0.672550171
u_20:0.6598718242
u_21:0.5973222547
u_22:0.534501522
u_23:0.471579811
u_24:0.4087703061
u_25:0.3658077635
u_26:0.3606453957
u_27:0.3613578974
u_28:0.350671851
u_29:0.3446530444
u_30:0.3453862489
u_31:0.3459846066
u_32:0.3478867164
u_33:0.3493609317
u_34:0.350685477
u_35:0.3569848624
u_36:0.3559305941
u_37:0.3588622042
u_38:0.36923504
u_39:0.3668033097
u_40:0.3794221589
u_41:0.3852241069
u_42:0.3845714397
u_43:0.3869517481
u_44:0.3867376275
u_45:0.388189754
u_46:0.3926712224
u_47:0.3905146043
u_48:0.3900616009
u_49:0.3888520516
u_50:0.3882479218
u_51:0.3877585396
u_52:0.3886768975
u_53:0.3958877692
u_54:0.3961092945
u_55:0.438806654
u_56:0.5322565491
u_57:0.6242613785
u_58:0.6558507825
u_59:0.6624584685
u_60:0.664554808
u_61:0.6643766324
u_62:0.6635616196
u_63:0.662903717
u_64:0.671391954
u_65:0.6703734441
u_66:0.6687973149
u_67:0.6699562524
u_68:0.6767539492
u_69:0.6749137778
u_70:0.6719057377
u_71:0.6725215494
u_72:0.6722951582
u_73:0.6728478017
u_74:0.6721841702
u_75:0.66740825
u_76:0.6674805627
u_77:0.6603441331
u_78:0.6565428333
u_79:0.6460002128
u_80:0.5764187623
u_81:0.5045697258
u_82:0.4327329004
u_83:0.4149931915
u_84:0.4093555731
u_85:0.4072866577
u_86:0.4029503197
u_87:0.4012630003
u_88:0.4033973365
u_89:0.400276607
u_90:0.4004384229
u_91:0.401368323
u_92:0.4003239316
u_93:0.4006816747
u_94:0.3983801379
u_95:0.4033646823
u_96:0.4019104186
u_97:0.3994941834
u_98:0.3995595141
u_99:0.3895432601
[Objective]
0.0118151318
