[Grid]
nodes:100
dt_0:0.02
dt_1:0.02
dt_2:0.02
dt_3:0.02
dt_4:0.02
dt_5:0.02
dt_6:0.02
dt_7:0.02
dt_8:0.02
dt_9:0.02
dt_10:0.02
dt_11:0.02
dt_12:0.02
dt_13:0.02
dt_14:0.02
dt_15:0.02
dt_16:0.02
dt_17:0.02
dt_18:0.02
dt_19:0.02
dt_20:0.02
dt_21:0.02
dt_22:0.02
dt_23:0.02
dt_24:0.02
dt_25:0.02
dt_26:0.02
dt_27:0.02
dt_28:0.02
dt_29:0.02
dt_30:0.02
dt_31:0.02
dt_32:0.02
dt_33:0.02
dt_34:0.02
dt_35:0.02
dt_36:0.02
dt_37:0.02
dt_38:0.02
dt_39:0.02
dt_40:0.02
dt_41:0.02
dt_42:0.02
dt_43:0.02
dt_44:0.02
dt_45:0.02
dt_46:0.02
dt_47:0.02
dt_48:0.02
dt_49:0.02
dt_50:0.02
dt_51:0.02
dt_52:0.02
dt_53:0.02
dt_54:0.02
dt_55:0.02
dt_56:0.02
dt_57:0.02
dt_58:0.02
dt_59:0.02
dt_60:0.02
dt_61:0.02
dt_62:0.02
dt_63:0.02
dt_64:0.02
dt_65:0.02
dt_66:0.02
dt_67:0.02
dt_68:0.02
dt_69:0.02
dt_70:0.02
dt_71:0.02
dt_72:0.02
dt_73:0.02
dt_74:0.02
dt_75:0.02
dt_76:0.02
dt_77:0.02
dt_78:0.02
dt_79:0.02
dt_80:0.02
dt_81:0.02
dt_82:0.02
dt_83:0.02
dt_84:0.02
dt_85:0.02
dt_86:0.02
dt_87:0.02
dt_88:0.02
dt_89:0.02
dt_90:0.02
dt_91:0.02
dt_92:0.02
dt_93:0.02
dt_94:0.02
dt_95:0.02
dt_96:0.02
dt_97:0.02
dt_98:0.02
dt_99:0.02
[Control]
u_0:0.05193870207
u_1:0.1048597287
u_2:0.1909971693
u_3:0.3015928483
u_4:0.4280528045
u_5:0.562044769
u_6:0.6813778862
u_7:0.6947409995
u_8:0.6985556389
u_9:0.6942241484
u_10:0.69525098
u_11:0.6994553594
u_12:0.6985357014
u_13:0.6983685465
u_14:0.7007139393
u_15:0.7006364952
u_16:0.6975994353
u_17:0.6949391325
u_18:0.6904328416
u_19:0.6800279118
u_20:0.6595733857
u_21:0.597040729
u_22:0.5341950049
u_23:0.4712032215
u_24:0.4082679407
u_25:0.3690334553
u_26:0.3669634674
u_27:0.36014953
u_28:0.3547088232
u_29:0.3525337292
u_30:0.3527867807
u_31:0.3507475126
u_32:0.3515634609
u_33:0.3554893156
u_34:0.3594457494
u_35:0.3610961015
u_36:0.36093588
u_37:0.365646045
u_38:0.3692864659
u_39:0.3705893514
u_40:0.3759843142
u_41:0.3819135327
u_42:0.3840247992
u_43:0.3833196266
u_44:0.3866512266
u_45:0.3853381899
u_46:0.3862063799
u_47:0.3893263886
u_48:0.3850234515
u_49:0.3845764361
u_50:0.3833499038
u_51:0.3850960577
u_52:0.3869218899
u_53:0.3851424802
u_54:0.3861259616
u_55:0.4394645914
u_56:0.5326442491
u_57:0.6244374089
u_58:0.6507880794
u_59:0.6673758988
u_60:0.6714429004
u_61:0.6680032055
u_62:0.6682257951
u_63:0.6712344251
u_64:0.6710898118
u_65:0.6715276121
u_66:0.6696793123
u_67:0.6709017577
u_68:0.6705360013
u_69:0.6716194153
u_70:0.6687160799
u_71:0.6675707744
u_72:0.6670511969
u_73:0.666456876
u_74:0.6658060021
u_75:0.6635463134
u_76:0.6645617538
u_77:0.6623399944
u_78:0.6594487957
u_79:0.6479745
u_80:0.576529213
u_81:0.5047225388
u_82:0.4329506873
u_83:0.4105355227
u_84:0.409248717
u_85:0.4051233853
u_86:0.4010768789
u_87:0.4019447747
u_88:0.4009689563
u_89:0.401796991
u_90:0.4001959149
u_91:0.3993475278
u_92:0.3997996289
u_93:0.3979994804
u_94:0.4012650098
u_95:0.4017484563
u_96:0.4019114215
u_97:0.4024671626
u_98:0.4005614966
u_99:0.4004918574
[Objective]
0.01181575885
