[Grid]
nodes:100
dt_0:0.02
dt_1:0.02
dt_2:0.02
dt_3:0.02
dt_4:0.02
dt_5:0.02
dt_6:0.02
dt_7:0.02
dt_8:0.02
dt_9:0.02
dt_10:0.02
dt_11:0.02
dt_12:0.02
dt_13:0.02
dt_14:0.02
dt_15:0.02
dt_16:0.02
dt_17:0.02
dt_18:0.02
dt_19:0.02
dt_20:0.02
dt_21:0.02
dt_22:0.02
dt_23:0.02
dt_24:0.02
dt_25:0.02
dt_26:0.02
dt_27:0.02
dt_28:0.02
dt_29:0.02
dt_30:0.02
dt_31:0.02
dt_32:0.02
dt_33:0.02
dt_34:0.02
dt_35:0.02
dt_36:0.02
dt_37:0.02
dt_38:0.02
dt_39:0.02
dt_40:0.02
dt_41:0.02
dt_42:0.02
dt_43:0.02
dt_44:0.02
dt_45:0.02
dt_46:0.02
dt_47:0.02
dt_48:0.02
dt_49:0.02
dt_50:0.02
dt_51:0.02
dt_52:0.02
dt_53:0.02
dt_54:0.02
dt_55:0.02
dt_56:0.02
dt_57:0.02
dt_58:0.02
dt_59:0.02
dt_60:0.02
dt_61:0.02
dt_62:0.02
dt_63:0.02
dt_64:0.02
dt_65:0.02
dt_66:0.02
dt_67:0.02
dt_68:0.02
dt_69:0.02
dt_70:0.02
dt_71:0.02
dt_72:0.02
dt_73:0.02
dt_74:0.02
dt_75:0.02
dt_76:0.02
dt_77:0.02
dt_78:0.02
dt_79:0.02
dt_80:0.02
dt_81:0.02
dt_82:0.02
dt_83:0.02
dt_84:0.02
dt_85:0.02
dt_86:0.02
dt_87:0.02
dt_88:0.02
dt_89:0.02
dt_90:0.02
dt_91:0.02
dt_92:0.02
dt_93:0.02
dt_94:0.02
dt_95:0.02
dt_96:0.02
dt_97:0.02
dt_98:0.02
dt_99:0.02
[Control]
u_0:0.05192706853
u_1:0.1048431401
u_2:0.1909732506
u_3:0.3015581459
u_4:0.42800222
u_5:0.5619705933
u_6:0.686087712
u_7:0.693255801
u_8:0.6946976781
u_9:0.6949742546
u_10:0.6969590522
u_11:0.6996591679
u_12:0.6998547617
u_13:0.6997872447
u_14:0.6970508928
u_15:0.6986448149
u_16:0.6951877158
u_17:0.6935009617
u_18:0.6883704159
u_19:0.6852754303
u_20:0.6595463444
u_21:0.5970346066
u_22:0.5342083589
u_23:0.4712378794
u_24:0.4083291222
u_25:0.3679665968
u_26:0.3649674551
u_27:0.358050087
u_28:0.3538863462
u_29:0.353090292
u_30:0.35536469
u_31:0.3539542996
u_32:0.3560517631
u_33:0.3594726191
u_34:0.3588519578
u_35:0.358829129
u_36:0.3596770327
u_37:0.3659673262
u_38:0.368055036
u_39:0.375157446
u_40:0.3789284604
u_41:0.3816016502
u_42:0.383896785
u_43:0.3866162514
u_44:0.382352017
u_45:0.3824845387
u_46:0.386066342
u_47:0.3844706065
u_48:0.3845220729
u_49:0.385403792
u_50:0.3841251234
u_51:0.3853149003
u_52:0.3819177406
u_53:0.3832049422
u_54:0.3915814113
u_55:0.4394347227
u_56:0.5326317108
u_57:0.6244399064
u_58:0.652665441
u_59:0.6639447769
u_60:0.6699952495
u_61:0.6713926094
u_62:0.6681470915
u_63:0.6692970701
u_64:0.6708657887
u_65:0.6704198752
u_66:0.6717845909
u_67:0.6689224517
u_68:0.6688986671
u_69:0.6682242644
u_70:0.6660690436
u_71:0.6688022148
u_72:0.670065863
u_73:0.6695140999
u_74:0.6686485817
u_75:0.6648939519
u_76:0.6640014515
u_77:0.6600837964
u_78:0.6600747905
u_79:0.647010145
u_80:0.5765101156
u_81:0.5046826832
u_82:0.4328839743
u_83:0.412705599
u_84:0.411520741
u_85:0.4019327698
u_86:0.4030261373
u_87:0.3997123102
u_88:0.4003635634
u_89:0.4013100448
u_90:0.4005493614
u_91:0.3990507295
u_92:0.3998379799
u_93:0.402822759
u_94:0.4023969724
u_95:0.4012211153
u_96:0.404263054
u_97:0.4010533722
u_98:0.3982990791
u_99:0.395502034
[Objective]
0.01181581146
