[Grid]
nodes:100
dt_0:0.02
dt_1:0.02
dt_2:0.02
dt_3:0.02
dt_4:0.02
dt_5:0.02
dt_6:0.02
dt_7:0.02
dt_8:0.02
dt_9:0.02
dt_10:0.02
dt_11:0.02
dt_12:0.02
dt_13:0.02
dt_14:0.02
dt_15:0.02
dt_16:0.02
dt_17:0.02
dt_18:0.02
dt_19:0.02
dt_20:0.02
dt_21:0.02
dt_22:0.02
dt_23:0.02
dt_24:0.02
dt_25:0.02
dt_26:0.02
dt_27:0.02
dt_28:0.02
dt_29:0.02
dt_30:0.02
dt_31:0.02
dt_32:0.02
dt_33:0.02
dt_34:0.02
dt_35:0.02
dt_36:0.02
dt_37:0.02
dt_38:0.02
dt_39:0.02
dt_40:0.02
dt_41:0.02
dt_42:0.02
dt_43:0.02
dt_44:0.02
dt_45:0.02
dt_46:0.02
dt_47:0.02
dt_48:0.02
dt_49:0.02
dt_50:0.02
dt_51:0.02
dt_52:0.02
dt_53:0.02
dt_54:0.02
dt_55:0.02
dt_56:0.02
dt_57:0.02
dt_58:0.02
dt_59:0.02
dt_60:0.02
dt_61:0.02
dt_62:0.02
dt_63:0.02
dt_64:0.02
dt_65:0.02
dt_66:0.02
dt_67:0.02
dt_68:0.02
dt_69:0.02
dt_70:0.02
dt_71:0.02
dt_72:0.02
dt_73:0.02
dt_74:0.02
dt_75:0.02
dt_76:0.02
dt_77:0.02
dt_78:0.02
dt_79:0.02
dt_80:0.02
dt_81:0.02
dt_82:0.02
dt_83:0.02
dt_84:0.02
dt_85:0.02
dt_86:0.02
dt_87:0.02
dt_88:0.02
dt_89:0.02
dt_90:0.02
dt_91:0.02
dt_92:0.02
dt_93:0.02
dt_94:0.02
dt_95:0.02
dt_96:0.02
dt_97:0.02
dt_98:0.02
dt_99:0.02
[Control]
u_0:0.05207481927
u_1:0.1050542555
u_2:0.1912785219
u_3:0.3020022618
u_4:0.4286507514
u_5:0.5629210894
u_6:0.6657308026
u_7:0.6829745021
u_8:0.6828067541
u_9:0.6938677316
u_10:0.6996530309
u_11:0.7043110412
u_12:0.707692374
u_13:0.7027005629
u_14:0.70518971
u_15:0.708739717
u_16:0.7102392236
u_17:0.6983868929
u_18:0.692663778
u_19:0.6813106109
u_20:0.6593661027
u_21:0.5970655203
u_22:0.5344550979
u_23:0.4717365178
u_24:0.4091526543
u_25:0.3729948666
u_26:0.3477237908
u_27:0.3528619896
u_28:0.3451375378
u_29:0.3386875214
u_30:0.3387590192
u_31:0.3296413276
u_32:0.3393641351
u_33:0.3396655652
u_34:0.3318479581
u_35:0.3446357518
u_36:0.3467400263
u_37:0.3506802456
u_38:0.3586554995
u_39:0.3860523656
u_40:0.3883716202
u_41:0.398977511
u_42:0.4067477556
u_43:0.4037713889
u_44:0.391950253
u_45:0.3896304488
u_46:0.387151799
u_47:0.3934011686
u_48:0.3895073269
u_49:0.3896257079
u_50:0.3960188971
u_51:0.3936884426
u_52:0.3939952664
u_53:0.3960422366
u_54:0.4185069095
u_55:0.4382915154
u_56:0.5322585764
u_57:0.6198601061
u_58:0.6365432086
u_59:0.6558830021
u_60:0.6605187303
u_61:0.670133808
u_62:0.6685588849
u_63:0.6626859068
u_64:0.6658639973
u_65:0.6653171823
u_66:0.6655698695
u_67:0.6704349534
u_68:0.6700256676
u_69:0.6791625246
u_70:0.6815065789
u_71:0.6725126768
u_72:0.6810563975
u_73:0.6768546515
u_74:0.6777986775
u_75:0.6729159999
u_76:0.6705187556
u_77:0.6639752386
u_78:0.6582456252
u_79:0.6407973115
u_80:0.5757262149
u_81:0.5036536781
u_82:0.4374803166
u_83:0.4327837648
u_84:0.4157042806
u_85:0.4139961665
u_86:0.4049825755
u_87:0.4123337665
u_88:0.4031496808
u_89:0.4018602809
u_90:0.4077308508
u_91:0.3994363702
u_92:0.3990988543
u_93:0.3930998209
u_94:0.394881978
u_95:0.3922911034
u_96:0.3989196483
u_97:0.3964744633
u_98:0.3815982328
u_99:0.3779090368
[Objective]
0.01181304717
