[Grid]
nodes:100
dt_0:0.02
dt_1:0.02
dt_2:0.02
dt_3:0.02
dt_4:0.02
dt_5:0.02
dt_6:0.02
dt_7:0.02
dt_8:0.02
dt_9:0.02
dt_10:0.02
dt_11:0.02
dt_12:0.02
dt_13:0.02
dt_14:0.02
dt_15:0.02
dt_16:0.02
dt_17:0.02
dt_18:0.02
dt_19:0.02
dt_20:0.02
dt_21:0.02
dt_22:0.02
dt_23:0.02
dt_24:0.02
dt_25:0.02
dt_26:0.02
dt_27:0.02
dt_28:0.02
dt_29:0.02
dt_30:0.02
dt_31:0.02
dt_32:0.02
dt_33:0.02
dt_34:0.02
dt_35:0.02
dt_36:0.02
dt_37:0.02
dt_38:0.02
dt_39:0.02
dt_40:0.02
dt_41:0.02
dt_42:0.02
dt_43:0.02
dt_44:0.02
dt_45:0.02
dt_46:0.02
dt_47:0.02
dt_48:0.02
dt_49:0.02
dt_50:0.02
dt_51:0.02
dt_52:0.02
dt_53:0.02
dt_54:0.02
dt_55:0.02
dt_56:0.02
dt_57:0.02
dt_58:0.02
dt_59:0.02
dt_60:0.02
dt_61:0.02
dt_62:0.02
dt_63:0.02
dt_64:0.02
dt_65:0.02
dt_66:0.02
dt_67:0.02
dt_68:0.02
dt_69:0.02
dt_70:0.02
dt_71:0.02
dt_72:0.02
dt_73:0.02
dt_74:0.02
dt_75:0.02
dt_76:0.02
dt_77:0.02
dt_78:0.02
dt_79:0.02
dt_80:0.02
dt_81:0.02
dt_82:0.02
dt_83:0.02
dt_84:0.02
dt_85:0.02
dt_86:0.02
dt_87:0.02
dt_88:0.02
dt_89:0.02
dt_90:0.02
dt_91:0.02
dt_92:0.02
dt_93:0.02
dt_94:0.02
dt_95:0.02
dt_96:0.02
dt_97:0.02
dt_98:0.02
dt_99:0.02
[Control]
u_0:0.05203684484
u_1:0.104999979
u_2:0.1912000083
u_3:0.3018880123
u_4:0.4284839575
u_5:0.5626769714
u_6:0.6667380756
u_7:0.6861661822
u_8:0.6930081063
u_9:0.6934705321
u_10:0.6999348815
u_11:0.7026484962
u_12:0.7072715307
u_13:0.7086038317
u_14:0.7025429405
u_15:0.7002320695
u_16:0.699987709
u_17:0.696093966
u_18:0.690986895
u_19:0.682595278
u_20:0.6595185695
u_21:0.5971261873
u_22:0.5344328513
u_23:0.4716281498
u_24:0.4089423882
u_25:0.3672526879
u_26:0.3647437632
u_27:0.3566802159
u_28:0.3379356806
u_29:0.339181756
u_30:0.3416951721
u_31:0.3356116394
u_32:0.3399388459
u_33:0.3409183361
u_34:0.3412541153
u_35:0.3451369935
u_36:0.354122547
u_37:0.3593547817
u_38:0.3598902588
u_39:0.3840613997
u_40:0.3861863468
u_41:0.3861167914
u_42:0.391672201
u_43:0.3961059631
u_44:0.3958522465
u_45:0.3933808638
u_46:0.3939736122
u_47:0.3933297462
u_48:0.3950543515
u_49:0.3911066844
u_50:0.3876922366
u_51:0.3875417609
u_52:0.3882997585
u_53:0.3918119484
u_54:0.4206880517
u_55:0.4382991864
u_56:0.5321022397
u_57:0.6239674475
u_58:0.6458088941
u_59:0.6563545448
u_60:0.6606579145
u_61:0.6582099335
u_62:0.6624110527
u_63:0.6731506852
u_64:0.67162477
u_65:0.6767436979
u_66:0.6735269656
u_67:0.6758850485
u_68:0.6748941168
u_69:0.6688051854
u_70:0.6701135565
u_71:0.6681517357
u_72:0.6637757981
u_73:0.6666097957
u_74:0.669836482
u_75:0.6742840998
u_76:0.6716346411
u_77:0.6646506948
u_78:0.6651940117
u_79:0.647261109
u_80:0.5758915913
u_81:0.5040662204
u_82:0.4321784113
u_83:0.4175547799
u_84:0.4158161422
u_85:0.4093372835
u_86:0.4070685238
u_87:0.408589403
u_88:0.4093037297
u_89:0.3988677595
u_90:0.4026934646
u_91:0.3975794693
u_92:0.3967833192
u_93:0.3983827214
u_94:0.3993003817
u_95:0.3980351794
u_96:0.3954350063
u_97:0.3971639253
u_98:0.3973098806
u_99:0.3838231247
[Objective]
0.01181402938
