[Grid]
nodes:100
dt_0:0.02
dt_1:0.02
dt_2:0.02
dt_3:0.02
dt_4:0.02
dt_5:0.02
dt_6:0.02
dt_7:0.02
dt_8:0.02
dt_9:0.02
dt_10:0.02
dt_11:0.02
dt_12:0.02
dt_13:0.02
dt_14:0.02
dt_15:0.02
dt_16:0.02
dt_17:0.02
dt_18:0.02
dt_19:0.02
dt_20:0.02
dt_21:0.02
dt_22:0.02
dt_23:0.02
dt_24:0.02
dt_25:0.02
dt_26:0.02
dt_27:0.02
dt_28:0.02
dt_29:0.02
dt_30:0.02
dt_31:0.02
dt_32:0.02
dt_33:0.02
dt_34:0.02
dt_35:0.02
dt_36:0.02
dt_37:0.02
dt_38:0.02
dt_39:0.02
dt_40:0.02
dt_41:0.02
dt_42:0.02
dt_43:0.02
dt_44:0.02
dt_45:0.02
dt_46:0.02
dt_47:0.02
dt_48:0.02
dt_49:0.02
dt_50:0.02
dt_51:0.02
dt_52:0.02
dt_53:0.02
dt_54:0.02
dt_55:0.02
dt_56:0.02
dt_57:0.02
dt_58:0.02
dt_59:0.02
dt_60:0.02
dt_61:0.02
dt_62:0.02
dt_63:0.02
dt_64:0.02
dt_65:0.02
dt_66:0.02
dt_67:0.02
dt_68:0.02
dt_69:0.02
dt_70:0.02
dt_71:0.02
dt_72:0.02
dt_73:0.02
dt_74:0.02
dt_75:0.02
dt_76:0.02
dt_77:0.02
dt_78:0.02
dt_79:0.02
dt_80:0.02
dt_81:0.02
dt_82:0.02
dt_83:0.02
dt_84:0.02
dt_85:0.02
dt_86:0.02
dt_87:0.02
dt_88:0.02
dt_89:0.02
dt_90:0.02
dt_91:0.02
dt_92:0.02
dt_93:0.02
dt_94:0.02
dt_95:0.02
dt_96:0.02
dt_97:0.02
dt_98:0.02
dt_99:0.02
[Control]
u_0:0.05226137632
u_1:0.1053207979
u_2:0.1916638873
u_3:0.3025627756
u_4:0.4294689216
u_5:0.5641191855
u_6:0.6497521073
u_7:0.6631239953
u_8:0.6724018939
u_9:0.6749090403
u_10:0.6937994504
u_11:0.709181097
u_12:0.7059682206
u_13:0.7286578588
u_14:0.7189055505
u_15:0.7298182404
u_16:0.7254191843
u_17:0.7321614925
u_18:0.7001084458
u_19:0.6778497709
u_20:0.6582135287
u_21:0.5962455082
u_22:0.5338474316
u_23:0.471251892
u_24:0.4087182161
u_25:0.3882320618
u_26:0.3649920281
u_27:0.3381163416
u_28:0.3376388869
u_29:0.327370951
u_30:0.3154354499
u_31:0.3212589658
u_32:0.3297274294
u_33:0.316457124
u_34:0.3306344148
u_35:0.3346577679
u_36:0.3310504503
u_37:0.3466790652
u_38:0.337529556
u_39:0.4059846004
u_40:0.4163824874
u_41:0.397856071
u_42:0.4106269704
u_43:0.4058211936
u_44:0.4093554582
u_45:0.4004880518
u_46:0.3923467209
u_47:0.3905749547
u_48:0.4001006612
u_49:0.3838078202
u_50:0.3816777414
u_51:0.3993449477
u_52:0.3871766449
u_53:0.4039507702
u_54:0.4102076103
u_55:0.4391629616
u_56:0.5333653201
u_57:0.5878336449
u_58:0.6510388543
u_59:0.6454666095
u_60:0.6510009974
u_61:0.6648393163
u_62:0.6636986905
u_63:0.6706123661
u_64:0.6768266853
u_65:0.665012195
u_66:0.6756602432
u_67:0.6754016776
u_68:0.6803325194
u_69:0.6729447388
u_70:0.6783272203
u_71:0.6790485126
u_72:0.6949928207
u_73:0.6782612611
u_74:0.6960949986
u_75:0.6977382598
u_76:0.6743989642
u_77:0.6629835987
u_78:0.6600883446
u_79:0.6249461401
u_80:0.5745050808
u_81:0.5018626998
u_82:0.4713167474
u_83:0.4298392858
u_84:0.4459158631
u_85:0.4284322234
u_86:0.4270835961
u_87:0.4098198321
u_88:0.4138539618
u_89:0.399226857
u_90:0.3804469721
u_91:0.3954426996
u_92:0.3837446015
u_93:0.3858383325
u_94:0.3828453251
u_95:0.3949430953
u_96:0.3854839929
u_97:0.37685121
u_98:0.3770157181
u_99:0.3766903261
[Objective]
0.01180874175
