[Grid]
nodes:100
dt_0:0.02
dt_1:0.02
dt_2:0.02
dt_3:0.02
dt_4:0.02
dt_5:0.02
dt_6:0.02
dt_7:0.02
dt_8:0.02
dt_9:0.02
dt_10:0.02
dt_11:0.02
dt_12:0.02
dt_13:0.02
dt_14:0.02
dt_15:0.02
dt_16:0.02
dt_17:0.02
dt_18:0.02
dt_19:0.02
dt_20:0.02
dt_21:0.02
dt_22:0.02
dt_23:0.02
dt_24:0.02
dt_25:0.02
dt_26:0.02
dt_27:0.02
dt_28:0.02
dt_29:0.02
dt_30:0.02
dt_31:0.02
dt_32:0.02
dt_33:0.02
dt_34:0.02
dt_35:0.02
dt_36:0.02
dt_37:0.02
dt_38:0.02
dt_39:0.02
dt_40:0.02
dt_41:0.02
dt_42:0.02
dt_43:0.02
dt_44:0.02
dt_45:0.02
dt_46:0.02
dt_47:0.02
dt_48:0.02
dt_49:0.02
dt_50:0.02
dt_51:0.02
dt_52:0.02
dt_53:0.02
dt_54:0.02
dt_55:0.02
dt_56:0.02
dt_57:0.02
dt_58:0.02
dt_59:0.02
dt_60:0.02
dt_61:0.02
dt_62:0.02
dt_63:0.02
dt_64:0.02
dt_65:0.02
dt_66:0.02
dt_67:0.02
dt_68:0.02
dt_69:0.02
dt_70:0.02
dt_71:0.02
dt_72:0.02
dt_73:0.02
dt_74:0.02
dt_75:0.02
dt_76:0.02
dt_77:0.02
dt_78:0.02
dt_79:0.02
dt_80:0.02
dt_81:0.02
dt_82:0.02
dt_83:0.02
dt_84:0.02
dt_85:0.02
dt_86:0.02
dt_87:0.02
dt_88:0.02
dt_89:0.02
dt_90:0.02
dt_91:0.02
dt_92:0.02
dt_93:0.02
dt_94:0.02
dt_95:0.02
dt_96:0.02
dt_97:0.02
dt_98:0.02
dt_99:0.02
[Control]
u_0:0.05192773835
u_1:0.1048440766
u_2:0.1909745565
u_3:0.3015599481
u_4:0.4280046457
u_5:0.5619736588
u_6:0.6896732512
u_7:0.6883909376
u_8:0.6941511452
u_9:0.6947989127
u_10:0.6985205142
u_11:0.6995909123
u_12:0.6970247139
u_13:0.6977553886
u_14:0.6974069264
u_15:0.6996680438
u_16:0.7015124224
u_17:0.696921194
u_18:0.6885965774
u_19:0.6794252057
u_20:0.6596020631
u_21:0.5970699037
u_22:0.5342290046
u_23:0.4712470115
u_24:0.4083278858
u_25:0.3710804498
u_26:0.3618211354
u_27:0.3569958348
u_28:0.3573880553
u_29:0.3518211349
u_30:0.3545925642
u_31:0.3554893191
u_32:0.3527494211
u_33:0.3530824028
u_34:0.3583790568
u_35:0.3597237946
u_36:0.3592668091
u_37:0.3619706243
u_38:0.3666951237
u_39:0.3679980657
u_40:0.3769759411
u_41:0.383404984
u_42:0.3864010184
u_43:0.3847834938
u_44:0.3860121753
u_45:0.3845014495
u_46:0.3877986209
u_47:0.3874719518
u_48:0.3869788032
u_49:0.386712887
u_50:0.3843818585
u_51:0.3860031815
u_52:0.3845100557
u_53:0.3859394563
u_54:0.391042311
u_55:0.4392896761
u_56:0.5325247049
u_57:0.6243551346
u_58:0.6535329467
u_59:0.664453205
u_60:0.6704516297
u_61:0.6682268257
u_62:0.6687898163
u_63:0.6712205805
u_64:0.6706913288
u_65:0.667885102
u_66:0.6699744622
u_67:0.6700295077
u_68:0.6699224577
u_69:0.6688893518
u_70:0.6662375933
u_71:0.6686771319
u_72:0.6726387044
u_73:0.6704220449
u_74:0.6700394904
u_75:0.6669319208
u_76:0.6637695057
u_77:0.6583080725
u_78:0.6561828493
u_79:0.6464721153
u_80:0.5766497442
u_81:0.5048076596
u_82:0.4330129571
u_83:0.4113268477
u_84:0.4081377349
u_85:0.4024850126
u_86:0.4010064705
u_87:0.404527725
u_88:0.4045446309
u_89:0.4024005567
u_90:0.3984991037
u_91:0.3980016769
u_92:0.3987363449
u_93:0.3994379937
u_94:0.4028956155
u_95:0.4036466705
u_96:0.4011771952
u_97:0.3991412003
u_98:0.4025449087
u_99:0.3975195606
[Objective]
0.01181568856
