[Grid]
nodes:100
dt_0:0.02
dt_1:0.02
dt_2:0.02
dt_3:0.02
dt_4:0.02
dt_5:0.02
dt_6:0.02
dt_7:0.02
dt_8:0.02
dt_9:0.02
dt_10:0.02
dt_11:0.02
dt_12:0.02
dt_13:0.02
dt_14:0.02
dt_15:0.02
dt_16:0.02
dt_17:0.02
dt_18:0.02
dt_19:0.02
dt_20:0.02
dt_21:0.02
dt_22:0.02
dt_23:0.02
dt_24:0.02
dt_25:0.02
dt_26:0.02
dt_27:0.02
dt_28:0.02
dt_29:0.02
dt_30:0.02
dt_31:0.02
dt_32:0.02
dt_33:0.02
dt_34:0.02
dt_35:0.02
dt_36:0.02
dt_37:0.02
dt_38:0.02
dt_39:0.02
dt_40:0.02
dt_41:0.02
dt_42:0.02
dt_43:0.02
dt_44:0.02
dt_45:0.02
dt_46:0.02
dt_47:0.02
dt_48:0.02
dt_49:0.02
dt_50:0.02
dt_51:0.02
dt_52:0.02
dt_53:0.02
dt_54:0.02
dt_55:0.02
dt_56:0.02
dt_57:0.02
dt_58:0.02
dt_59:0.02
dt_60:0.02
dt_61:0.02
dt_62:0.02
dt_63:0.02
dt_64:0.02
dt_65:0.02
dt_66:0.02
dt_67:0.02
dt_68:0.02
dt_69:0.02
dt_70:0.02
dt_71:0.02
dt_72:0.02
dt_73:0.02
dt_74:0.02
dt_75:0.02
dt_76:0.02
dt_77:0.02
dt_78:0.02
dt_79:0.02
dt_80:0.02
dt_81:0.02
dt_82:0.02
dt_83:0.02
dt_84:0.02
dt_85:0.02
dt_86:0.02
dt_87:0.02
dt_88:0.02
dt_89:0.02
dt_90:0.02
dt_91:0.02
dt_92:0.02
dt_93:0.02
dt_94:0.02
dt_95:0.02
dt_96:0.02
dt_97:0.02
dt_98:0.02
dt_99:0.02
[Control]
u_0:0.05191481715
u_1:0.104825616
u_2:0.1909478732
u_3:0.3015211803
u_4:0.4279482402
u_5:0.5618917452
u_6:0.6834676697
u_7:0.6951040393
u_8:0.6988922992
u_9:0.6953753054
u_10:0.7021906387
u_11:0.6998911631
u_12:0.6998015597
u_13:0.6979435721
u_14:0.7013865953
u_15:0.6982084597
u_16:0.6972859488
u_17:0.6945795664
u_18:0.6906241453
u_19:0.6717263936
u_20:0.6598952856
u_21:0.5972976816
u_22:0.5344257369
u_23:0.4714418379
u_24:0.4085495625
u_25:0.3690624432
u_26:0.3618364479
u_27:0.3574395868
u_28:0.3524466966
u_29:0.352652833
u_30:0.3537614655
u_31:0.3496282384
u_32:0.3510685114
u_33:0.3520550197
u_34:0.3526473163
u_35:0.3568137554
u_36:0.3560695798
u_37:0.3572871335
u_38:0.3627236711
u_39:0.3724235392
u_40:0.3799878974
u_41:0.3818257679
u_42:0.3810040803
u_43:0.3855702745
u_44:0.3907596451
u_45:0.3862159043
u_46:0.3910024684
u_47:0.3894992742
u_48:0.3838711964
u_49:0.3892423369
u_50:0.3905824982
u_51:0.3842476924
u_52:0.3834664837
u_53:0.3956427923
u_54:0.3990267823
u_55:0.438871833
u_56:0.5323108426
u_57:0.6243125653
u_58:0.6575164064
u_59:0.657005974
u_60:0.6645242675
u_61:0.6640544932
u_62:0.6648606899
u_63:0.6694962774
u_64:0.6730607462
u_65:0.6724408611
u_66:0.6682163776
u_67:0.6690635473
u_68:0.6712834697
u_69:0.6706488641
u_70:0.6722678981
u_71:0.6709387707
u_72:0.6714188094
u_73:0.6736533671
u_74:0.6716495043
u_75:0.6701506062
u_76:0.6646731569
u_77:0.6622176783
u_78:0.6515851654
u_79:0.6451912564
u_80:0.5765615624
u_81:0.5046743826
u_82:0.4328146447
u_83:0.4179219725
u_84:0.4090100557
u_85:0.402187624
u_86:0.4008539551
u_87:0.4002320525
u_88:0.4029320327
u_89:0.4039013988
u_90:0.4022260082
u_91:0.3968480402
u_92:0.4005720847
u_93:0.4030520833
u_94:0.3983675357
u_95:0.4043508737
u_96:0.4038190667
u_97:0.4032656428
u_98:0.3974359808
u_99:0.3875705092
[Objective]
0.01181530431
