[Grid]
nodes:100
dt_0:0.02
dt_1:0.02
dt_2:0.02
dt_3:0.02
dt_4:0.02
dt_5:0.02
dt_6:0.02
dt_7:0.02
dt_8:0.02
dt_9:0.02
dt_10:0.02
dt_11:0.02
dt_12:0.02
dt_13:0.02
dt_14:0.02
dt_15:0.02
dt_16:0.02
dt_17:0.02
dt_18:0.02
dt_19:0.02
dt_20:0.02
dt_21:0.02
dt_22:0.02
dt_23:0.02
dt_24:0.02
dt_25:0.02
dt_26:0.02
dt_27:0.02
dt_28:0.02
dt_29:0.02
dt_30:0.02
dt_31:0.02
dt_32:0.02
dt_33:0.02
dt_34:0.02
dt_35:0.02
dt_36:0.02
dt_37:0.02
dt_38:0.02
dt_39:0.02
dt_40:0.02
dt_41:0.02
dt_42:0.02
dt_43:0.02
dt_44:0.02
dt_45:0.02
dt_46:0.02
dt_47:0.02
dt_48:0.02
dt_49:0.02
dt_50:0.02
dt_51:0.02
dt_52:0.02
dt_53:0.02
dt_54:0.02
dt_55:0.02
dt_56:0.02
dt_57:0.02
dt_58:0.02
dt_59:0.02
dt_60:0.02
dt_61:0.02
dt_62:0.02
dt_63:0.02
dt_64:0.02
dt_65:0.02
dt_66:0.02
dt_67:0.02
dt_68:0.02
dt_69:0.02
dt_70:0.02
dt_71:0.02
dt_72:0.02
dt_73:0.02
dt_74:0.02
dt_75:0.02
dt_76:0.02
dt_77:0.02
dt_78:0.02
dt_79:0.02
dt_80:0.02
dt_81:0.02
dt_82:0.02
dt_83:0.02
dt_84:0.02
dt_85:0.02
dt_86:0.02
dt_87:0.02
dt_88:0.02
dt_89:0.02
dt_90:0.02
dt_91:0.02
dt_92:0.02
dt_93:0.02
dt_94:0.02
dt_95:0.02
dt_96:0.02
dt_97:0.02
dt_98:0.02
dt_99:0.02
[Control]
u_0:0.05258354854
u_1:0.1057812101
u_2:0.1923298479
u_3:0.303532212
u_4:0.4308862617
u_5:0.5534413473
u_6:0.6194405193
u_7:0.6200842825
u_8:0.6729361482
u_9:0.6860029516
u_10:0.7019021625
u_11:0.7125250525
u_12:0.7317522773
u_13:0.732900427
u_14:0.7522563355
u_15:0.7294158797
u_16:0.7454600546
u_17:0.7162300406
u_18:0.7185939052
u_19:0.7170321197
u_20:0.6566309946
u_21:0.5954365737
u_22:0.5336891062
u_23:0.4717211225
u_24:0.409888512
u_25:0.348504805
u_26:0.3457492045
u_27:0.346918604
u_28:0.3537138751
u_29:0.3045718235
u_30:0.3223201147
u_31:0.3085009768
u_32:0.3330668753
u_33:0.303166585
u_34:0.3255747983
u_35:0.3493771486
u_36:0.3284638433
u_37:0.3192540804
u_38:0.3323305439
u_39:0.4001067094
u_40:0.4437740071
u_41:0.4345953684
u_42:0.4085292082
u_43:0.4121091439
u_44:0.4080658327
u_45:0.3972240982
u_46:0.4296145531
u_47:0.4226929863
u_48:0.3919309421
u_49:0.3615289594
u_50:0.3650262975
u_51:0.3773128543
u_52:0.3652711492
u_53:0.4027161882
u_54:0.4034738971
u_55:0.4403588386
u_56:0.5343489041
u_57:0.5912725196
u_58:0.6196611668
u_59:0.6615621551
u_60:0.6639299888
u_61:0.6491995717
u_62:0.6474829414
u_63:0.6678904951
u_64:0.7060546602
u_65:0.676952024
u_66:0.6851857913
u_67:0.6807388262
u_68:0.6828781498
u_69:0.6786883242
u_70:0.6914799083
u_71:0.6812396657
u_72:0.703032069
u_73:0.6852542867
u_74:0.6755158764
u_75:0.6957071507
u_76:0.6717034778
u_77:0.673001453
u_78:0.6582593383
u_79:0.6456753947
u_80:0.5741276281
u_81:0.5018629632
u_82:0.4502843847
u_83:0.4592501346
u_84:0.4136889524
u_85:0.4159006126
u_86:0.4367750559
u_87:0.4167909177
u_88:0.4099073496
u_89:0.4066342417
u_90:0.3887569816
u_91:0.399487365
u_92:0.3864862798
u_93:0.3932941054
u_94:0.4079148262
u_95:0.3972013231
u_96:0.3865537511
u_97:0.3766852741
u_98:0.3569872964
u_99:0.3537440309
[Objective]
0.01180481165
