[Grid]
nodes:100
dt_0:0.02
dt_1:0.02
dt_2:0.02
dt_3:0.02
dt_4:0.02
dt_5:0.02
dt_6:0.02
dt_7:0.02
dt_8:0.02
dt_9:0.02
dt_10:0.02
dt_11:0.02
dt_12:0.02
dt_13:0.02
dt_14:0.02
dt_15:0.02
dt_16:0.02
dt_17:0.02
dt_18:0.02
dt_19:0.02
dt_20:0.02
dt_21:0.02
dt_22:0.02
dt_23:0.02
dt_24:0.02
dt_25:0.02
dt_26:0.02
dt_27:0.02
dt_28:0.02
dt_29:0.02
dt_30:0.02
dt_31:0.02
dt_32:0.02
dt_33:0.02
dt_34:0.02
dt_35:0.02
dt_36:0.02
dt_37:0.02
dt_38:0.02
dt_39:0.02
dt_40:0.02
dt_41:0.02
dt_42:0.02
dt_43:0.02
dt_44:0.02
dt_45:0.02
dt_46:0.02
dt_47:0.02
dt_48:0.02
dt_49:0.02
dt_50:0.02
dt_51:0.02
dt_52:0.02
dt_53:0.02
dt_54:0.02
dt_55:0.02
dt_56:0.02
dt_57:0.02
dt_58:0.02
dt_59:0.02
dt_60:0.02
dt_61:0.02
dt_62:0.02
dt_63:0.02
dt_64:0.02
dt_65:0.02
dt_66:0.02
dt_67:0.02
dt_68:0.02
dt_69:0.02
dt_70:0.02
dt_71:0.02
dt_72:0.02
dt_73:0.02
dt_74:0.02
dt_75:0.02
dt_76:0.02
dt_77:0.02
dt_78:0.02
dt_79:0.02
dt_80:0.02
dt_81:0.02
dt_82:0.02
dt_83:0.02
dt_84:0.02
dt_85:0.02
dt_86:0.02
dt_87:0.02
dt_88:0.02
dt_89:0.02
dt_90:0.02
dt_91:0.02
dt_92:0.02
dt_93:0.02
dt_94:0.02
dt_95:0.02
dt_96:0.02
dt_97:0.02
dt_98:0.02
dt_99:0.02
[Control]
u_0:0.05208183981
u_1:0.1050642641
u_2:0.1912929432
u_3:0.3020231389
u_4:0.4286810031
u_5:0.5629647865
u_6:0.6706109977
u_7:0.6768225383
u_8:0.6860899771
u_9:0.6846820435
u_10:0.6965612888
u_11:0.7022879081
u_12:0.7076045358
u_13:0.7025713058
u_14:0.7097155866
u_15:0.7165111997
u_16:0.7116754937
u_17:0.6985851946
u_18:0.7032605091
u_19:0.6892384497
u_20:0.6587692204
u_21:0.5966535281
u_22:0.5341664227
u_23:0.471528422
u_24:0.4089938479
u_25:0.3779443701
u_26:0.3594806707
u_27:0.3402428432
u_28:0.3374304874
u_29:0.3277278001
u_30:0.3375962168
u_31:0.3346522792
u_32:0.3409773484
u_33:0.338045845
u_34:0.3305222582
u_35:0.3318245329
u_36:0.3290224014
u_37:0.3421956818
u_38:0.3639685302
u_39:0.3924395633
u_40:0.3931328928
u_41:0.4020524848
u_42:0.4031119732
u_43:0.3926022853
u_44:0.3905882167
u_45:0.3946085813
u_46:0.4044295686
u_47:0.3982405326
u_48:0.3892639988
u_49:0.3852312154
u_50:0.3783958008
u_51:0.4044795865
u_52:0.3993456646
u_53:0.4055059524
u_54:0.4186352344
u_55:0.4381401031
u_56:0.5322743761
u_57:0.6082364699
u_58:0.6513396767
u_59:0.6504526929
u_60:0.657255453
u_61:0.6595162524
u_62:0.6678058517
u_63:0.6598293694
u_64:0.6712107046
u_65:0.6678896807
u_66:0.672457835
u_67:0.6724003995
u_68:0.6751969276
u_69:0.6720717003
u_70:0.6776760671
u_71:0.6776910047
u_72:0.6697374
u_73:0.6751162752
u_74:0.6874778042
u_75:0.6894107201
u_76:0.6835250219
u_77:0.6722154125
u_78:0.6534250086
u_79:0.6308009918
u_80:0.5751218677
u_81:0.5027971253
u_82:0.4588366431
u_83:0.4327593707
u_84:0.4237438826
u_85:0.4122376532
u_86:0.4185746988
u_87:0.4053881441
u_88:0.4038830443
u_89:0.3984227667
u_90:0.3894844374
u_91:0.3923025093
u_92:0.4051262388
u_93:0.3931063527
u_94:0.4096271639
u_95:0.4080748464
u_96:0.3985130767
u_97:0.3797256496
u_98:0.3706029915
u_99:0.3603428128
[Objective]
0.01181160064
