[Grid]
nodes:100
dt_0:0.02
dt_1:0.02
dt_2:0.02
dt_3:0.02
dt_4:0.02
dt_5:0.02
dt_6:0.02
dt_7:0.02
dt_8:0.02
dt_9:0.02
dt_10:0.02
dt_11:0.02
dt_12:0.02
dt_13:0.02
dt_14:0.02
dt_15:0.02
dt_16:0.02
dt_17:0.02
dt_18:0.02
dt_19:0.02
dt_20:0.02
dt_21:0.02
dt_22:0.02
dt_23:0.02
dt_24:0.02
dt_25:0.02
dt_26:0.02
dt_27:0.02
dt_28:0.02
dt_29:0.02
dt_30:0.02
dt_31:0.02
dt_32:0.02
dt_33:0.02
dt_34:0.02
dt_35:0.02
dt_36:0.02
dt_37:0.02
dt_38:0.02
dt_39:0.02
dt_40:0.02
dt_41:0.02
dt_42:0.02
dt_43:0.02
dt_44:0.02
dt_45:0.02
dt_46:0.02
dt_47:0.02
dt_48:0.02
dt_49:0.02
dt_50:0.02
dt_51:0.02
dt_52:0.02
dt_53:0.02
dt_54:0.02
dt_55:0.02
dt_56:0.02
dt_57:0.02
dt_58:0.02
dt_59:0.02
dt_60:0.02
dt_61:0.02
dt_62:0.02
dt_63:0.02
dt_64:0.02
dt_65:0.02
dt_66:0.02
dt_67:0.02
dt_68:0.02
dt_69:0.02
dt_70:0.02
dt_71:0.02
dt_72:0.02
dt_73:0.02
dt_74:0.02
dt_75:0.02
dt_76:0.02
dt_77:0.02
dt_78:0.02
dt_79:0.02
dt_80:0.02
dt_81:0.02
dt_82:0.02
dt_83:0.02
dt_84:0.02
dt_85:0.02
dt_86:0.02
dt_87:0.02
dt_88:0.02
dt_89:0.02
dt_90:0.02
dt_91:0.02
dt_92:0.02
dt_93:0.02
dt_94:0.02
dt_95:0.02
dt_96:0.02
dt_97:0.02
dt_98:0.02
dt_99:0.02
[Control]
u_0:0.0509576877
u_1:0.1034581014
u_2:0.1889708445
u_3:0.2986464653
u_4:0.4237555662
u_5:0.5557640958
u_6:0.6864289803
u_7:0.8079362002
u_8:0.7598656793
u_9:0.7196653814
u_10:0.772997529
u_11:0.7543271787
u_12:0.7613654622
u_13:0.7223144626
u_14:0.8034540105
u_15:0.9128778227
u_16:0.8662319408
u_17:0.816573616
u_18:0.7640357489
u_19:0.7089565572
u_20:0.6518080073
u_21:0.5931507969
u_22:0.5336041722
u_23:0.4738247292
u_24:0.4144906803
u_25:0.3562891439
u_26:0.2999044326
u_27:0.246005153
u_28:0.1952266839
u_29:0.1481411834
u_30:0.2584487906
u_31:0.3427323744
u_32:0.3104487523
u_33:0.3298617202
u_34:0.3270064469
u_35:0.3848035407
u_36:0.1640087568
u_37:0.1780047396
u_38:0.2443165051
u_39:0.4469656148
u_40:0.6856057555
u_41:0.3685630105
u_42:0.551223043
u_43:0.4974774431
u_44:0.4451129238
u_45:0.4761059293
u_46:0.378897769
u_47:0.4372464526
u_48:0.2669582238
u_49:0.2687398086
u_50:0.3259513451
u_51:0.2701531777
u_52:0.1912641337
u_53:0.2717718003
u_54:0.3568412719
u_55:0.4446321218
u_56:0.5331612126
u_57:0.620376749
u_58:0.7042165024
u_59:0.7826653383
u_60:0.8538272853
u_61:0.7627856344
u_62:0.6919187534
u_63:0.5777614144
u_64:0.7418502934
u_65:0.6278118839
u_66:0.6856121026
u_67:0.6910033162
u_68:0.7485808999
u_69:0.6834731305
u_70:0.5889985038
u_71:0.7626911879
u_72:0.5895548997
u_73:0.7027673049
u_74:0.7796240613
u_75:0.8823553618
u_76:0.8273194554
u_77:0.7681645477
u_78:0.7055303942
u_79:0.6402039116
u_80:0.5730643285
u_81:0.5050478521
u_82:0.4371215446
u_83:0.3702608538
u_84:0.3054257092
u_85:0.243526396
u_86:0.3386122921
u_87:0.4076253862
u_88:0.3603909409
u_89:0.3655492641
u_90:0.3495136765
u_91:0.3955568993
u_92:0.3458499573
u_93:0.3929911995
u_94:0.3151965712
u_95:0.4622050226
u_96:0.5910076784
u_97:0.6311269665
u_98:0.4656886552
u_99:0.5337015289
[Objective]
0.01171155968
