[Grid]
nodes:100
dt_0:0.02
dt_1:0.02
dt_2:0.02
dt_3:0.02
dt_4:0.02
dt_5:0.02
dt_6:0.02
dt_7:0.02
dt_8:0.02
dt_9:0.02
dt_10:0.02
dt_11:0.02
dt_12:0.02
dt_13:0.02
dt_14:0.02
dt_15:0.02
dt_16:0.02
dt_17:0.02
dt_18:0.02
dt_19:0.02
dt_20:0.02
dt_21:0.02
dt_22:0.02
dt_23:0.02
dt_24:0.02
dt_25:0.02
dt_26:0.02
dt_27:0.02
dt_28:0.02
dt_29:0.02
dt_30:0.02
dt_31:0.02
dt_32:0.02
dt_33:0.02
dt_34:0.02
dt_35:0.02
dt_36:0.02
dt_37:0.02
dt_38:0.02
dt_39:0.02
dt_40:0.02
dt_41:0.02
dt_42:0.02
dt_43:0.02
dt_44:0.02
dt_45:0.02
dt_46:0.02
dt_47:0.02
dt_48:0.02
dt_49:0.02
dt_50:0.02
dt_51:0.02
dt_52:0.02
dt_53:0.02
dt_54:0.02
dt_55:0.02
dt_56:0.02
dt_57:0.02
dt_58:0.02
dt_59:0.02
dt_60:0.02
dt_61:0.02
dt_62:0.02
dt_63:0.02
dt_64:0.02
dt_65:0.02
dt_66:0.02
dt_67:0.02
dt_68:0.02
dt_69:0.02
dt_70:0.02
dt_71:0.02
dt_72:0.02
dt_73:0.02
dt_74:0.02
dt_75:0.02
dt_76:0.02
dt_77:0.02
dt_78:0.02
dt_79:0.02
dt_80:0.02
dt_81:0.02
dt_82:0.02
dt_83:0.02
dt_84:0.02
dt_85:0.02
dt_86:0.02
dt_87:0.02
dt_88:0.02
dt_89:0.02
dt_90:0.02
dt_91:0.02
dt_92:0.02
dt_93:0.02
dt_94:0.02
dt_95:0.02
dt_96:0.02
dt_97:0.02
dt_98:0.02
dt_99:0.02
[Control]
u_0:0
u_1:0
u_2:0
u_3:0
u_4:0.1362217994
u_5:0.709338921
u_6:1
u_7:1
u_8:1
u_9:1
u_10:1
u_11:1
u_12:1
u_13:1
u_14:1
u_15:0.7792723051
u_16:0.9653135925
u_17:0.9209211469
u_18:0.9935288844
u_19:0.8229653425
u_20:0.673807809
u_21:0.4689617876
u_22:0.2854392455
u_23:0.4291820134
u_24:0
u_25:0
u_26:0
u_27:0
u_28:0
u_29:0
u_30:0
u_31:0
u_32:0
u_33:0
u_34:0
u_35:0
u_36:0.5002167677
u_37:0.4285763049
u_38:0.6439142349
u_39:0.340604239
u_40:0.3904648265
u_41:0.3559013428
u_42:0.5829918105
u_43:0.2465567415
u_44:0.3122560142
u_45:0.03743082354
u_46:0
u_47:0
u_48:0
u_49:0
u_50:0
u_51:0
u_52:0.3811051106
u_53:0.3210707112
u_54:0.4813717682
u_55:0.7914287527
u_56:0.7556632592
u_57:1
u_58:1
u_59:1
u_60:1
u_61:1
u_62:0.8233211882
u_63:0.8768088855
u_64:1
u_65:1
u_66:0.9851445685
u_67:1
u_68:1
u_69:1
u_70:1
u_71:1
u_72:1
u_73:1
u_74:0.465979976
u_75:1
u_76:0.827293411
u_77:0.9916666796
u_78:0.973983486
u_79:0.5996563151
u_80:0.4728392059
u_81:0.01179717148
u_82:0.05606572459
u_83:0
u_84:0
u_85:0
u_86:0
u_87:0
u_88:0
u_89:0.3132904946
u_90:0.7969772405
u_91:0.2934615183
u_92:0.5087522944
u_93:0.4231292464
u_94:0.4532740183
u_95:0.6902750415
u_96:0.4240118246
u_97:0.6314632311
u_98:0.2307643821
u_99:0.08806361433
[Objective]
0.01071602994
