[Grid]
nodes:100
dt_0:0.02
dt_1:0.02
dt_2:0.02
dt_3:0.02
dt_4:0.02
dt_5:0.02
dt_6:0.02
dt_7:0.02
dt_8:0.02
dt_9:0.02
dt_10:0.02
dt_11:0.02
dt_12:0.02
dt_13:0.02
dt_14:0.02
dt_15:0.02
dt_16:0.02
dt_17:0.02
dt_18:0.02
dt_19:0.02
dt_20:0.02
dt_21:0.02
dt_22:0.02
dt_23:0.02
dt_24:0.02
dt_25:0.02
dt_26:0.02
dt_27:0.02
dt_28:0.02
dt_29:0.02
dt_30:0.02
dt_31:0.02
dt_32:0.02
dt_33:0.02
dt_34:0.02
dt_35:0.02
dt_36:0.02
dt_37:0.02
dt_38:0.02
dt_39:0.02
dt_40:0.02
dt_41:0.02
dt_42:0.02
dt_43:0.02
dt_44:0.02
dt_45:0.02
dt_46:0.02
dt_47:0.02
dt_48:0.02
dt_49:0.02
dt_50:0.02
dt_51:0.02
dt_52:0.02
dt_53:0.02
dt_54:0.02
dt_55:0.02
dt_56:0.02
dt_57:0.02
dt_58:0.02
dt_59:0.02
dt_60:0.02
dt_61:0.02
dt_62:0.02
dt_63:0.02
dt_64:0.02
dt_65:0.02
dt_66:0.02
dt_67:0.02
dt_68:0.02
dt_69:0.02
dt_70:0.02
dt_71:0.02
dt_72:0.02
dt_73:0.02
dt_74:0.02
dt_75:0.02
dt_76:0.02
dt_77:0.02
dt_78:0.02
dt_79:0.02
dt_80:0.02
dt_81:0.02
dt_82:0.02
dt_83:0.02
dt_84:0.02
dt_85:0.02
dt_86:0.02
dt_87:0.02
dt_88:0.02
dt_89:0.02
dt_90:0.02
dt_91:0.02
dt_92:0.02
dt_93:0.02
dt_94:0.02
dt_95:0.02
dt_96:0.02
dt_97:0.02
dt_98:0.02
dt_99:0.02
[Control]
u_0:0
u_1:0
u_2:0
u_3:0
u_4:0.1350346034
u_5:0.7074792281
u_6:1
u_7:1
u_8:1
u_9:1
u_10:1
u_11:1
u_12:1
u_13:1
u_14:1
u_15:1
u_16:1
u_17:1
u_18:1
u_19:0.5687771172
u_20:0.8053309846
u_21:0.6978457673
u_22:0.1651308154
u_23:0.5175395843
u_24:0.2709051261
u_25:0.02916934882
u_26:0
u_27:0
u_28:0
u_29:0
u_30:0
u_31:0
u_32:0
u_33:0
u_34:0
u_35:0.2440855924
u_36:0.8288318903
u_37:0.104045775
u_38:0.006995501447
u_39:0
u_40:0.2494915147
u_41:1
u_42:1
u_43:1
u_44:0.573062441
u_45:0.4259982466
u_46:0
u_47:0
u_48:0
u_49:0
u_50:0
u_51:0
u_52:0
u_53:0.3346589902
u_54:0.2114888494
u_55:0.4367652251
u_56:1
u_57:0.8709727985
u_58:1
u_59:1
u_60:1
u_61:1
u_62:1
u_63:1
u_64:1
u_65:0.9021814215
u_66:0.600588119
u_67:0.2844289183
u_68:0.2097093784
u_69:0.7753663064
u_70:1
u_71:1
u_72:1
u_73:1
u_74:1
u_75:1
u_76:1
u_77:1
u_78:0.5706416665
u_79:0.7779381007
u_80:0.6405717338
u_81:0.07681246331
u_82:0.396100102
u_83:0.112385483
u_84:0
u_85:0
u_86:0
u_87:0
u_88:0
u_89:0
u_90:0
u_91:0
u_92:0.06630559677
u_93:0.7832998315
u_94:1
u_95:1
u_96:1
u_97:0.5524205694
u_98:0.6991562847
u_99:0.03303299476
[Objective]
0.01029167796
