[Grid]
nodes:100
dt_0:0.02
dt_1:0.02
dt_2:0.02
dt_3:0.02
dt_4:0.02
dt_5:0.02
dt_6:0.02
dt_7:0.02
dt_8:0.02
dt_9:0.02
dt_10:0.02
dt_11:0.02
dt_12:0.02
dt_13:0.02
dt_14:0.02
dt_15:0.02
dt_16:0.02
dt_17:0.02
dt_18:0.02
dt_19:0.02
dt_20:0.02
dt_21:0.02
dt_22:0.02
dt_23:0.02
dt_24:0.02
dt_25:0.02
dt_26:0.02
dt_27:0.02
dt_28:0.02
dt_29:0.02
dt_30:0.02
dt_31:0.02
dt_32:0.02
dt_33:0.02
dt_34:0.02
dt_35:0.02
dt_36:0.02
dt_37:0.02
dt_38:0.02
dt_39:0.02
dt_40:0.02
dt_41:0.02
dt_42:0.02
dt_43:0.02
dt_44:0.02
dt_45:0.02
dt_46:0.02
dt_47:0.02
dt_48:0.02
dt_49:0.02
dt_50:0.02
dt_51:0.02
dt_52:0.02
dt_53:0.02
dt_54:0.02
dt_55:0.02
dt_56:0.02
dt_57:0.02
dt_58:0.02
dt_59:0.02
dt_60:0.02
dt_61:0.02
dt_62:0.02
dt_63:0.02
dt_64:0.02
dt_65:0.02
dt_66:0.02
dt_67:0.02
dt_68:0.02
dt_69:0.02
dt_70:0.02
dt_71:0.02
dt_72:0.02
dt_73:0.02
dt_74:0.02
dt_75:0.02
dt_76:0.02
dt_77:0.02
dt_78:0.02
dt_79:0.02
dt_80:0.02
dt_81:0.02
dt_82:0.02
dt_83:0.02
dt_84:0.02
dt_85:0.02
dt_86:0.02
dt_87:0.02
dt_88:0.02
dt_89:0.02
dt_90:0.02
dt_91:0.02
dt_92:0.02
dt_93:0.02
dt_94:0.02
dt_95:0.02
dt_96:0.02
dt_97:0.02
dt_98:0.02
dt_99:0.02
[Control]
u_0:0
u_1:0
u_2:0
u_3:0
u_4:0.1360528602
u_5:0.7090742619
u_6:1
u_7:1
u_8:1
u_9:1
u_10:1
u_11:1
u_12:1
u_13:1
u_14:1
u_15:1
u_16:0.7416643875
u_17:0.8651784593
u_18:1
u_19:0.8068056817
u_20:0.6638342352
u_21:0.5527557145
u_22:0.420724838
u_23:0.2580974703
u_24:0
u_25:0
u_26:0
u_27:0
u_28:0
u_29:0
u_30:0
u_31:0
u_32:0
u_33:0.04284150852
u_34:0
u_35:0
u_36:0.2986374361
u_37:0.6999198721
u_38:0.5739029906
u_39:0.1300641276
u_40:0.6534735559
u_41:0.4500218014
u_42:0.4753341602
u_43:0.3257519736
u_44:0.4032768615
u_45:0.13563715
u_46:0
u_47:0
u_48:0
u_49:0
u_50:0.2776316077
u_51:0.1011333431
u_52:0.005275681412
u_53:0.1721749561
u_54:0.448334152
u_55:0.5816669156
u_56:1
u_57:1
u_58:1
u_59:1
u_60:1
u_61:1
u_62:1
u_63:0.7970377003
u_64:0.7293482695
u_65:1
u_66:1
u_67:0.8875797008
u_68:1
u_69:1
u_70:1
u_71:1
u_72:1
u_73:1
u_74:1
u_75:0.6405512484
u_76:0.9615196541
u_77:0.9025040587
u_78:0.6932587291
u_79:0.6364436308
u_80:0.4081304314
u_81:0.409065197
u_82:0
u_83:0
u_84:0
u_85:0
u_86:0
u_87:0
u_88:0
u_89:0
u_90:0.450322298
u_91:0.6755603743
u_92:0.4174981046
u_93:0.7615429177
u_94:0.809730471
u_95:0.8996028497
u_96:0.6798574124
u_97:0.3370337618
u_98:0.2594730851
u_99:0
[Objective]
0.01062352212
