[Grid]
nodes:100
dt_0:0.02
dt_1:0.02
dt_2:0.02
dt_3:0.02
dt_4:0.02
dt_5:0.02
dt_6:0.02
dt_7:0.02
dt_8:0.02
dt_9:0.02
dt_10:0.02
dt_11:0.02
dt_12:0.02
dt_13:0.02
dt_14:0.02
dt_15:0.02
dt_16:0.02
dt_17:0.02
dt_18:0.02
dt_19:0.02
dt_20:0.02
dt_21:0.02
dt_22:0.02
dt_23:0.02
dt_24:0.02
dt_25:0.02
dt_26:0.02
dt_27:0.02
dt_28:0.02
dt_29:0.02
dt_30:0.02
dt_31:0.02
dt_32:0.02
dt_33:0.02
dt_34:0.02
dt_35:0.02
dt_36:0.02
dt_37:0.02
dt_38:0.02
dt_39:0.02
dt_40:0.02
dt_41:0.02
dt_42:0.02
dt_43:0.02
dt_44:0.02
dt_45:0.02
dt_46:0.02
dt_47:0.02
dt_48:0.02
dt_49:0.02
dt_50:0.02
dt_51:0.02
dt_52:0.02
dt_53:0.02
dt_54:0.02
dt_55:0.02
dt_56:0.02
dt_57:0.02
dt_58:0.02
dt_59:0.02
dt_60:0.02
dt_61:0.02
dt_62:0.02
dt_63:0.02
dt_64:0.02
dt_65:0.02
dt_66:0.02
dt_67:0.02
dt_68:0.02
dt_69:0.02
dt_70:0.02
dt_71:0.02
dt_72:0.02
dt_73:0.02
dt_74:0.02
dt_75:0.02
dt_76:0.02
dt_77:0.02
dt_78:0.02
dt_79:0.02
dt_80:0.02
dt_81:0.02
dt_82:0.02
dt_83:0.02
dt_84:0.02
dt_85:0.02
dt_86:0.02
dt_87:0.02
dt_88:0.02
dt_89:0.02
dt_90:0.02
dt_91:0.02
dt_92:0.02
dt_93:0.02
dt_94:0.02
dt_95:0.02
dt_96:0.02
dt_97:0.02
dt_98:0.02
dt_99:0.02
[Control]
u_0:0
u_1:0
u_2:0
u_3:0
u_4:0.1382176332
u_5:0.7124652462
u_6:1
u_7:1
u_8:1
u_9:1
u_10:1
u_11:1
u_12:1
u_13:1
u_14:0.5004690084
u_15:1
u_16:0.9811409398
u_17:1
u_18:0.7631685821
u_19:0.9027061138
u_20:0.7279942204
u_21:0.6352211969
u_22:0.2278798785
u_23:0.123001344
u_24:0
u_25:0
u_26:0
u_27:0
u_28:0
u_29:0
u_30:0
u_31:0
u_32:0.1549778548
u_33:0
u_34:0.1671369762
u_35:0.2120862014
u_36:0.5038751467
u_37:0.1143406201
u_38:0.2290904297
u_39:0.5772312567
u_40:0.3934364682
u_41:0.2107459922
u_42:0.4296448972
u_43:0.2610451777
u_44:0.3081927594
u_45:0
u_46:0
u_47:0
u_48:0
u_49:0.05604350028
u_50:0.1971449597
u_51:0.0615077884
u_52:0.1833673891
u_53:0.3794187544
u_54:0.5199900736
u_55:0.8344354188
u_56:0.9476322821
u_57:1
u_58:1
u_59:1
u_60:1
u_61:0.7958774854
u_62:1
u_63:1
u_64:1
u_65:1
u_66:1
u_67:1
u_68:1
u_69:0.9857028356
u_70:1
u_71:1
u_72:1
u_73:0.865013682
u_74:0.838801649
u_75:1
u_76:0.746341584
u_77:0.987841225
u_78:0.8655591608
u_79:0.5001289412
u_80:0.4253300706
u_81:0.11630826
u_82:0
u_83:0
u_84:0
u_85:0
u_86:0
u_87:0.1782908913
u_88:0.2854911813
u_89:0.3409116287
u_90:0.2766088167
u_91:0.3226236638
u_92:0.3128373587
u_93:0.4170479554
u_94:0.3282875952
u_95:0.4857139207
u_96:0.5326804717
u_97:0.2774678412
u_98:0.4334844688
u_99:0.09474123305
[Objective]
0.01083407706
