[Grid]
nodes:100
dt_0:0.02
dt_1:0.02
dt_2:0.02
dt_3:0.02
dt_4:0.02
dt_5:0.02
dt_6:0.02
dt_7:0.02
dt_8:0.02
dt_9:0.02
dt_10:0.02
dt_11:0.02
dt_12:0.02
dt_13:0.02
dt_14:0.02
dt_15:0.02
dt_16:0.02
dt_17:0.02
dt_18:0.02
dt_19:0.02
dt_20:0.02
dt_21:0.02
dt_22:0.02
dt_23:0.02
dt_24:0.02
dt_25:0.02
dt_26:0.02
dt_27:0.02
dt_28:0.02
dt_29:0.02
dt_30:0.02
dt_31:0.02
dt_32:0.02
dt_33:0.02
dt_34:0.02
dt_35:0.02
dt_36:0.02
dt_37:0.02
dt_38:0.02
dt_39:0.02
dt_40:0.02
dt_41:0.02
dt_42:0.02
dt_43:0.02
dt_44:0.02
dt_45:0.02
dt_46:0.02
dt_47:0.02
dt_48:0.02
dt_49:0.02
dt_50:0.02
dt_51:0.02
dt_52:0.02
dt_53:0.02
dt_54:0.02
dt_55:0.02
dt_56:0.02
dt_57:0.02
dt_58:0.02
dt_59:0.02
dt_60:0.02
dt_61:0.02
dt_62:0.02
dt_63:0.02
dt_64:0.02
dt_65:0.02
dt_66:0.02
dt_67:0.02
dt_68:0.02
dt_69:0.02
dt_70:0.02
dt_71:0.02
dt_72:0.02
dt_73:0.02
dt_74:0.02
dt_75:0.02
dt_76:0.02
dt_77:0.02
dt_78:0.02
dt_79:0.02
dt_80:0.02
dt_81:0.02
dt_82:0.02
dt_83:0.02
dt_84:0.02
dt_85:0.02
dt_86:0.02
dt_87:0.02
dt_88:0.02
dt_89:0.02
dt_90:0.02
dt_91:0.02
dt_92:0.02
dt_93:0.02
dt_94:0.02
dt_95:0.02
dt_96:0.02
dt_97:0.02
dt_98:0.02
dt_99:0.02
[Control]
u_0:0
u_1:0
u_2:0
u_3:0
u_4:0.1357875026
u_5:0.7086585764
u_6:1
u_7:1
u_8:1
u_9:1
u_10:1
u_11:1
u_12:1
u_13:1
u_14:1
u_15:0.9872931147
u_16:0.929791842
u_17:0.8628608123
u_18:0.8278258811
u_19:0.8356711464
u_20:0.6616821482
u_21:0.5005279459
u_22:0.5490564079
u_23:0.1708059101
u_24:0
u_25:0
u_26:0
u_27:0
u_28:0
u_29:0
u_30:0
u_31:0
u_32:0
u_33:0
u_34:0.002251140144
u_35:0.244563896
u_36:0.290156845
u_37:0.3580702763
u_38:0.6531220491
u_39:0.3955113242
u_40:0.2631083449
u_41:0.2782851456
u_42:0.5146223758
u_43:0.327897861
u_44:0.2413801881
u_45:0
u_46:0
u_47:0
u_48:0
u_49:0.09605072344
u_50:0.1965744283
u_51:0
u_52:0.1071907712
u_53:0.5202691222
u_54:0.6903202534
u_55:0.5187642415
u_56:0.9970970837
u_57:1
u_58:1
u_59:1
u_60:1
u_61:0.7073583189
u_62:1
u_63:0.9994135559
u_64:1
u_65:1
u_66:1
u_67:1
u_68:1
u_69:1
u_70:1
u_71:1
u_72:1
u_73:1
u_74:0.2886209388
u_75:0.948558333
u_76:1
u_77:1
u_78:0.6592429433
u_79:0.732584414
u_80:0.4022879301
u_81:0.1859235705
u_82:0
u_83:0
u_84:0
u_85:0
u_86:0
u_87:0
u_88:0.377402812
u_89:0.4520199783
u_90:0.3088739305
u_91:0.542328266
u_92:0.4519668438
u_93:0.09534365223
u_94:0.6215070272
u_95:0.228377264
u_96:0.5733391438
u_97:0.4219602885
u_98:0.2877977024
u_99:0.3064221794
[Objective]
0.01077803161
