[Grid]
nodes:100
dt_0:0.02
dt_1:0.02
dt_2:0.02
dt_3:0.02
dt_4:0.02
dt_5:0.02
dt_6:0.02
dt_7:0.02
dt_8:0.02
dt_9:0.02
dt_10:0.02
dt_11:0.02
dt_12:0.02
dt_13:0.02
dt_14:0.02
dt_15:0.02
dt_16:0.02
dt_17:0.02
dt_18:0.02
dt_19:0.02
dt_20:0.02
dt_21:0.02
dt_22:0.02
dt_23:0.02
dt_24:0.02
dt_25:0.02
dt_26:0.02
dt_27:0.02
dt_28:0.02
dt_29:0.02
dt_30:0.02
dt_31:0.02
dt_32:0.02
dt_33:0.02
dt_34:0.02
dt_35:0.02
dt_36:0.02
dt_37:0.02
dt_38:0.02
dt_39:0.02
dt_40:0.02
dt_41:0.02
dt_42:0.02
dt_43:0.02
dt_44:0.02
dt_45:0.02
dt_46:0.02
dt_47:0.02
dt_48:0.02
dt_49:0.02
dt_50:0.02
dt_51:0.02
dt_52:0.02
dt_53:0.02
dt_54:0.02
dt_55:0.02
dt_56:0.02
dt_57:0.02
dt_58:0.02
dt_59:0.02
dt_60:0.02
dt_61:0.02
dt_62:0.02
dt_63:0.02
dt_64:0.02
dt_65:0.02
dt_66:0.02
dt_67:0.02
dt_68:0.02
dt_69:0.02
dt_70:0.02
dt_71:0.02
dt_72:0.02
dt_73:0.02
dt_74:0.02
dt_75:0.02
dt_76:0.02
dt_77:0.02
dt_78:0.02
dt_79:0.02
dt_80:0.02
dt_81:0.02
dt_82:0.02
dt_83:0.02
dt_84:0.02
dt_85:0.02
dt_86:0.02
dt_87:0.02
dt_88:0.02
dt_89:0.02
dt_90:0.02
dt_91:0.02
dt_92:0.02
dt_93:0.02
dt_94:0.02
dt_95:0.02
dt_96:0.02
dt_97:0.02
dt_98:0.02
dt_99:0.02
[Control]
u_0:0
u_1:0
u_2:0
u_3:0
u_4:0.1346802508
u_5:0.7069241757
u_6:1
u_7:1
u_8:1
u_9:1
u_10:1
u_11:1
u_12:1
u_13:1
u_14:1
u_15:1
u_16:1
u_17:1
u_18:1
u_19:1
u_20:0.27945947
u_21:0.9205908116
u_22:0.6721859841
u_23:0.4468297351
u_24:0.2283022389
u_25:0.002233063792
u_26:0
u_27:0
u_28:0
u_29:0
u_30:0
u_31:0
u_32:0
u_33:0
u_34:0
u_35:0
u_36:0.3502159045
u_37:1
u_38:0.3350705677
u_39:0
u_40:0
u_41:0.7209706151
u_42:1
u_43:1
u_44:1
u_45:0.8798197576
u_46:0
u_47:0
u_48:0
u_49:0
u_50:0
u_51:0
u_52:0
u_53:0
u_54:0.7154534646
u_55:0.1973890905
u_56:0.5732403781
u_57:0.9380713398
u_58:1
u_59:1
u_60:1
u_61:1
u_62:1
u_63:1
u_64:1
u_65:1
u_66:0.5297104439
u_67:0.1053394504
u_68:0.2290124095
u_69:0.03619187939
u_70:1
u_71:1
u_72:1
u_73:1
u_74:1
u_75:1
u_76:1
u_77:1
u_78:1
u_79:0.2574996169
u_80:0.866643637
u_81:0.586032092
u_82:0.3269974946
u_83:0.0712700901
u_84:0
u_85:0
u_86:0
u_87:0
u_88:0
u_89:0
u_90:0
u_91:0
u_92:0.05150129845
u_93:0.01544873209
u_94:1
u_95:1
u_96:1
u_97:0.6654136064
u_98:0.9621051906
u_99:0.6199008967
[Objective]
0.01009474931
