[sgrid]
LX=0
LY=0
UX=1
UY=1
NX=10
NY=10

[tgrid]
nodes=100
dt_0=0.02
dt_1=0.02
dt_2=0.02
dt_3=0.02
dt_4=0.02
dt_5=0.02
dt_6=0.02
dt_7=0.02
dt_8=0.02
dt_9=0.02
dt_10=0.02
dt_11=0.02
dt_12=0.02
dt_13=0.02
dt_14=0.02
dt_15=0.02
dt_16=0.02
dt_17=0.02
dt_18=0.02
dt_19=0.02
dt_20=0.02
dt_21=0.02
dt_22=0.02
dt_23=0.02
dt_24=0.02
dt_25=0.02
dt_26=0.02
dt_27=0.02
dt_28=0.02
dt_29=0.02
dt_30=0.02
dt_31=0.02
dt_32=0.02
dt_33=0.02
dt_34=0.02
dt_35=0.02
dt_36=0.02
dt_37=0.02
dt_38=0.02
dt_39=0.02
dt_40=0.02
dt_41=0.02
dt_42=0.02
dt_43=0.02
dt_44=0.02
dt_45=0.02
dt_46=0.02
dt_47=0.02
dt_48=0.02
dt_49=0.02
dt_50=0.02
dt_51=0.02
dt_52=0.02
dt_53=0.02
dt_54=0.02
dt_55=0.02
dt_56=0.02
dt_57=0.02
dt_58=0.02
dt_59=0.02
dt_60=0.02
dt_61=0.02
dt_62=0.02
dt_63=0.02
dt_64=0.02
dt_65=0.02
dt_66=0.02
dt_67=0.02
dt_68=0.02
dt_69=0.02
dt_70=0.02
dt_71=0.02
dt_72=0.02
dt_73=0.02
dt_74=0.02
dt_75=0.02
dt_76=0.02
dt_77=0.02
dt_78=0.02
dt_79=0.02
dt_80=0.02
dt_81=0.02
dt_82=0.02
dt_83=0.02
dt_84=0.02
dt_85=0.02
dt_86=0.02
dt_87=0.02
dt_88=0.02
dt_89=0.02
dt_90=0.02
dt_91=0.02
dt_92=0.02
dt_93=0.02
dt_94=0.02
dt_95=0.02
dt_96=0.02
dt_97=0.02
dt_98=0.02
dt_99=0.02

[Parameter]
degree=1
smax=2

[End_control]
u_0:0
u_1:0
u_2:0
u_3:0
u_4:0
u_5:0
u_6:0
u_7:0
u_8:0
u_9:0
u_10:0
u_11:0
u_12:0
u_13:0
u_14:0
u_15:0
u_16:-0
u_17:0
u_18:-0
u_19:0
u_20:0
u_21:0
u_22:-0
u_23:0
u_24:-0
u_25:0
u_26:-0
u_27:0
u_28:0
u_29:-0
u_30:-0
u_31:-0
u_32:0
u_33:0
u_34:0
u_35:0
u_36:0
u_37:0
u_38:1
u_39:1
u_40:1
u_41:1
u_42:1
u_43:1
u_44:1
u_45:1
u_46:1
u_47:1
u_48:1
u_49:1
u_50:1
u_51:1
u_52:1
u_53:1
u_54:1
u_55:1
u_56:-0
u_57:0
u_58:0
u_59:0
u_60:0
u_61:0
u_62:0
u_63:0
u_64:0
u_65:0
u_66:0
u_67:0
u_68:0
u_69:0
u_70:0
u_71:0
u_72:0
u_73:0
u_74:0
u_75:0
u_76:0
u_77:0
u_78:0
u_79:0
u_80:0
u_81:0
u_82:0
u_83:0
u_84:0
u_85:0
u_86:0
u_87:-0
u_88:0
u_89:0
u_90:0
u_91:0
u_92:0
u_93:0
u_94:0
u_95:0
u_96:0
u_97:-0
u_98:0
u_99:-0
[End_objective]
12.54447945
[Runtime]
663.2004819
