[sgrid]
LX=0
LY=0
UX=1
UY=1
NX=10
NY=10

[tgrid]
nodes=20 
dt_0=0.1
dt_1=0.1
dt_2=0.1
dt_3=0.1
dt_4=0.1
dt_5=0.1
dt_6=0.1
dt_7=0.1
dt_8=0.1
dt_9=0.1
dt_10=0.1
dt_11=0.1
dt_12=0.1
dt_13=0.1
dt_14=0.1
dt_15=0.1
dt_16=0.1
dt_17=0.1
dt_18=0.1
dt_19=0.1
dt_20=0.1
dt_21=0.1

[Parameter]
degree=1
smax=2

[Gurobi_Objective]
2.796953079
4.03502246
5.209153205
6.265658176
6.738454202
7.273493073
7.479838095
7.881625823
7.929948542
8.068576349
8.174513611
8.210826047
8.326629816
8.382795804
8.40978806
8.510372251
8.528071418
8.553571519
8.607675549
8.610587721
8.617866905
cuts:21
[End_control]
u_0:0.1770633175
u_1:0.1737555803
u_2:0.1629464506
u_3:0.1642883514
u_4:0.1697246128
u_5:0.1798288241
u_6:0.1829562836
u_7:0.7092964887
u_8:0.7183749956
u_9:0.7179411924
u_10:0.7140820454
u_11:0.1886885485
u_12:0.1829987617
u_13:0.1825466466
u_14:0.1827452362
u_15:0.1746114509
u_16:0.1698442062
u_17:0.4561417502
u_18:0.4605927986
u_19:0.4611258965
[End_objective]
9.668302812
[Runtime]
9.834656
Ended due to low relative change
