[sgrid]
LX=0
LY=0
UX=1
UY=1
NX=10
NY=10

[tgrid]
nodes=20 
dt_0=0.1
dt_1=0.1
dt_2=0.1
dt_3=0.1
dt_4=0.1
dt_5=0.1
dt_6=0.1
dt_7=0.1
dt_8=0.1
dt_9=0.1
dt_10=0.1
dt_11=0.1
dt_12=0.1
dt_13=0.1
dt_14=0.1
dt_15=0.1
dt_16=0.1
dt_17=0.1
dt_18=0.1
dt_19=0.1
dt_20=0.1
dt_21=0.1

[Parameter]
degree=1
smax=2

[End_control]
u_0:0.1788446405
u_1:0.1788446405
u_2:0.1657931331
u_3:0.1657931331
u_4:0.1657931331
u_5:0.1657931331
u_6:0.1657931331
u_7:0.7535422495
u_8:0.7535422495
u_9:0.7535422495
u_10:0.7535422495
u_11:0.1362674855
u_12:0.1362674855
u_13:0.1362674855
u_14:0.1362674855
u_15:0.1362674855
u_16:0.1362674855
u_17:0.7393474573
u_18:0.7393474573
u_19:0.7393474573
[End_objective]
8.407926078
[Runtime]
1.776474953
