[sgrid]
LX=0
LY=0
UX=1
UY=1
NX=15
NY=15

[tgrid]
nodes=20 
dt_0=0.1
dt_1=0.1
dt_2=0.1
dt_3=0.1
dt_4=0.1
dt_5=0.1
dt_6=0.1
dt_7=0.1
dt_8=0.1
dt_9=0.1
dt_10=0.1
dt_11=0.1
dt_12=0.1
dt_13=0.1
dt_14=0.1
dt_15=0.1
dt_16=0.1
dt_17=0.1
dt_18=0.1
dt_19=0.1
dt_20=0.1
dt_21=0.1

[Parameter]
degree=1
smax=2

[Gurobi_Objective]
2.815163201
4.056743174
5.271470675
6.342670925
6.816421377
7.364043205
7.570369002
7.975185561
8.024568529
8.163412
8.267601005
8.304960872
8.423693324
8.480879743
8.507460019
8.611426192
8.628927964
8.656019674
8.710829068
8.713815167
8.722343446
cuts:21
[End_control]
u_0:0.174790462
u_1:0.1725831359
u_2:0.1638383378
u_3:0.1641697236
u_4:0.1660000913
u_5:0.1716602066
u_6:0.1762416582
u_7:0.706643
u_8:0.7116381307
u_9:0.7112222386
u_10:0.7078495296
u_11:0.1830464088
u_12:0.1784260236
u_13:0.1767190958
u_14:0.175636006
u_15:0.1697657317
u_16:0.1664775288
u_17:0.4565830466
u_18:0.4602048483
u_19:0.4600791955
[End_objective]
9.666902504
[Runtime]
64.09917116
Ended due to low relative change
