[sgrid]
LX=0
LY=0
UX=1
UY=1
NX=20
NY=20


[tgrid]
nodes=80
dt_0=0.025
dt_1=0.025
dt_2=0.025
dt_3=0.025
dt_4=0.025
dt_5=0.025
dt_6=0.025
dt_7=0.025
dt_8=0.025
dt_9=0.025
dt_10=0.025
dt_11=0.025
dt_12=0.025
dt_13=0.025
dt_14=0.025
dt_15=0.025
dt_16=0.025
dt_17=0.025
dt_18=0.025
dt_19=0.025
dt_20=0.025
dt_21=0.025
dt_22=0.025
dt_23=0.025
dt_24=0.025
dt_25=0.025
dt_26=0.025
dt_27=0.025
dt_28=0.025
dt_29=0.025
dt_30=0.025
dt_31=0.025
dt_32=0.025
dt_33=0.025
dt_34=0.025
dt_35=0.025
dt_36=0.025
dt_37=0.025
dt_38=0.025
dt_39=0.025
dt_40=0.025
dt_41=0.025
dt_42=0.025
dt_43=0.025
dt_44=0.025
dt_45=0.025
dt_46=0.025
dt_47=0.025
dt_48=0.025
dt_49=0.025
dt_50=0.025
dt_51=0.025
dt_52=0.025
dt_53=0.025
dt_54=0.025
dt_55=0.025
dt_56=0.025
dt_57=0.025
dt_58=0.025
dt_59=0.025
dt_60=0.025
dt_61=0.025
dt_62=0.025
dt_63=0.025
dt_64=0.025
dt_65=0.025
dt_66=0.025
dt_67=0.025
dt_68=0.025
dt_69=0.025
dt_70=0.025
dt_71=0.025
dt_72=0.025
dt_73=0.025
dt_74=0.025
dt_75=0.025
dt_76=0.025
dt_77=0.025
dt_78=0.025
dt_79=0.025


[Parameter]
degree=1
smax=2

[End_control]
u_0:0.2246982736
u_1:0.2246982736
u_2:0.2246982736
u_3:0.2246982736
u_4:0.2246982736
u_5:0.2246982736
u_6:0.2246982736
u_7:0.1698415175
u_8:0.1698415175
u_9:0.1698415175
u_10:0.1698415175
u_11:0.1698415175
u_12:0.1698415175
u_13:0.1698415175
u_14:0.1698415175
u_15:0.1698415175
u_16:0.1698415175
u_17:0.1698415175
u_18:0.1698415175
u_19:0.1698415175
u_20:0.1698415175
u_21:0.1698415175
u_22:0.1698415175
u_23:0.1698415175
u_24:0.1698415175
u_25:0.1698415175
u_26:0.1698415175
u_27:0.1698415175
u_28:0.1698415175
u_29:0.1698415175
u_30:0.6075474209
u_31:0.7288592405
u_32:0.7288592405
u_33:0.7288592405
u_34:0.7288592405
u_35:0.7288592405
u_36:0.7288592405
u_37:0.7288592405
u_38:0.7288592405
u_39:0.7288592405
u_40:0.7288592405
u_41:0.7288592405
u_42:0.7288592405
u_43:0.7288592405
u_44:0.7288592405
u_45:0.308837591
u_46:0.1529949335
u_47:0.1529949335
u_48:0.1529949335
u_49:0.1529949335
u_50:0.1529949335
u_51:0.1529949335
u_52:0.1529949335
u_53:0.1529949335
u_54:0.1529949335
u_55:0.1529949335
u_56:0.1529949335
u_57:0.1529949335
u_58:0.1529949335
u_59:0.1529949335
u_60:0.1529949335
u_61:0.1529949335
u_62:0.1529949335
u_63:0.1529949335
u_64:0.1529949335
u_65:0.1529949335
u_66:0.1529949335
u_67:0.1529949335
u_68:0.1529949335
u_69:0.1529949335
u_70:0.5833856187
u_71:0.7385578738
u_72:0.7385578738
u_73:0.7385578738
u_74:0.7385578738
u_75:0.7385578738
u_76:0.7385578738
u_77:0.7385578738
u_78:0.7385578738
u_79:0.7385578738
[End_objective]
7.277490403
[Runtime]
1487.924546
