[sgrid]
LX=0
LY=0
UX=1
UY=1
NX=20
NY=20


[tgrid]
nodes=80
dt_0=0.025
dt_1=0.025
dt_2=0.025
dt_3=0.025
dt_4=0.025
dt_5=0.025
dt_6=0.025
dt_7=0.025
dt_8=0.025
dt_9=0.025
dt_10=0.025
dt_11=0.025
dt_12=0.025
dt_13=0.025
dt_14=0.025
dt_15=0.025
dt_16=0.025
dt_17=0.025
dt_18=0.025
dt_19=0.025
dt_20=0.025
dt_21=0.025
dt_22=0.025
dt_23=0.025
dt_24=0.025
dt_25=0.025
dt_26=0.025
dt_27=0.025
dt_28=0.025
dt_29=0.025
dt_30=0.025
dt_31=0.025
dt_32=0.025
dt_33=0.025
dt_34=0.025
dt_35=0.025
dt_36=0.025
dt_37=0.025
dt_38=0.025
dt_39=0.025
dt_40=0.025
dt_41=0.025
dt_42=0.025
dt_43=0.025
dt_44=0.025
dt_45=0.025
dt_46=0.025
dt_47=0.025
dt_48=0.025
dt_49=0.025
dt_50=0.025
dt_51=0.025
dt_52=0.025
dt_53=0.025
dt_54=0.025
dt_55=0.025
dt_56=0.025
dt_57=0.025
dt_58=0.025
dt_59=0.025
dt_60=0.025
dt_61=0.025
dt_62=0.025
dt_63=0.025
dt_64=0.025
dt_65=0.025
dt_66=0.025
dt_67=0.025
dt_68=0.025
dt_69=0.025
dt_70=0.025
dt_71=0.025
dt_72=0.025
dt_73=0.025
dt_74=0.025
dt_75=0.025
dt_76=0.025
dt_77=0.025
dt_78=0.025
dt_79=0.025


[Parameter]
degree=1
smax=2

[End_control]
u_0:0
u_1:-0
u_2:0
u_3:-0
u_4:0
u_5:0
u_6:-0
u_7:0
u_8:-0
u_9:0
u_10:-0
u_11:-0
u_12:-0
u_13:-0
u_14:-0
u_15:-0
u_16:-0
u_17:-0
u_18:-0
u_19:0
u_20:0
u_21:-0
u_22:0
u_23:0
u_24:0
u_25:0
u_26:0
u_27:0
u_28:0
u_29:0
u_30:0
u_31:1
u_32:1
u_33:1
u_34:1
u_35:1
u_36:1
u_37:1
u_38:1
u_39:1
u_40:1
u_41:1
u_42:1
u_43:1
u_44:1
u_45:0
u_46:-0
u_47:0
u_48:0
u_49:0
u_50:0
u_51:0
u_52:-0
u_53:0
u_54:0
u_55:-0
u_56:-0
u_57:-0
u_58:-0
u_59:0
u_60:-0
u_61:-0
u_62:-0
u_63:0
u_64:0
u_65:0
u_66:0
u_67:0
u_68:0
u_69:0
u_70:0
u_71:0
u_72:0
u_73:0
u_74:0
u_75:0
u_76:0
u_77:0
u_78:0
u_79:0
[End_objective]
12.50087139
[Runtime]
15185.21724
