[sgrid]
LX=0
LY=0
UX=1
UY=1
NX=20
NY=20

[tgrid]
nodes=40 
dt_0=0.05
dt_1=0.05
dt_2=0.05
dt_3=0.05
dt_4=0.05
dt_5=0.05
dt_6=0.05
dt_7=0.05
dt_8=0.05
dt_9=0.05
dt_10=0.05
dt_11=0.05
dt_12=0.05
dt_13=0.05
dt_14=0.05
dt_15=0.05
dt_16=0.05
dt_17=0.05
dt_18=0.05
dt_19=0.05
dt_20=0.05
dt_21=0.05
dt_22=0.05
dt_23=0.05
dt_24=0.05
dt_25=0.05
dt_26=0.05
dt_27=0.05
dt_28=0.05
dt_29=0.05
dt_30=0.05
dt_31=0.05
dt_32=0.05
dt_33=0.05
dt_34=0.05
dt_35=0.05
dt_36=0.05
dt_37=0.05
dt_38=0.05
dt_39=0.05

[Parameter]
degree=1
smax=2

[End_control]
u_0:0.1845841289
u_1:0.1845841289
u_2:0.1845841289
u_3:0.1845841289
u_4:0.1689211563
u_5:0.1689211563
u_6:0.1689211563
u_7:0.1689211563
u_8:0.1689211563
u_9:0.1689211563
u_10:0.1689211563
u_11:0.1689211563
u_12:0.1689211563
u_13:0.1689211563
u_14:0.1689211563
u_15:0.7454322101
u_16:0.7454322101
u_17:0.7454322101
u_18:0.7454322101
u_19:0.7454322101
u_20:0.7454322101
u_21:0.7454322101
u_22:0.4099036654
u_23:0.1412217022
u_24:0.1412217022
u_25:0.1412217022
u_26:0.1412217022
u_27:0.1412217022
u_28:0.1412217022
u_29:0.1412217022
u_30:0.1412217022
u_31:0.1412217022
u_32:0.1412217022
u_33:0.1412217022
u_34:0.1412217022
u_35:0.760253039
u_36:0.760253039
u_37:0.760253039
u_38:0.760253039
u_39:0.760253039
[End_objective]
7.380663946
[Runtime]
320.234767
