[sgrid]
LX=0
LY=0
UX=1
UY=1
NX=20
NY=20

[tgrid]
nodes=60
dt_0=0.0333333
dt_1=0.0333333
dt_2=0.0333333
dt_3=0.0333333
dt_4=0.0333333
dt_5=0.0333333
dt_6=0.0333333
dt_7=0.0333333
dt_8=0.0333333
dt_9=0.0333333
dt_10=0.0333333
dt_11=0.0333333
dt_12=0.0333333
dt_13=0.0333333
dt_14=0.0333333
dt_15=0.0333333
dt_16=0.0333333
dt_17=0.0333333
dt_18=0.0333333
dt_19=0.0333333
dt_20=0.0333333
dt_21=0.0333333
dt_22=0.0333333
dt_23=0.0333333
dt_24=0.0333333
dt_25=0.0333333
dt_26=0.0333333
dt_27=0.0333333
dt_28=0.0333333
dt_29=0.0333333
dt_30=0.0333333
dt_31=0.0333333
dt_32=0.0333333
dt_33=0.0333333
dt_34=0.0333333
dt_35=0.0333333
dt_36=0.0333333
dt_37=0.0333333
dt_38=0.0333333
dt_39=0.0333333
dt_40=0.0333333
dt_41=0.0333333
dt_42=0.0333333
dt_43=0.0333333
dt_44=0.0333333
dt_45=0.0333333
dt_46=0.0333333
dt_47=0.0333333
dt_48=0.0333333
dt_49=0.0333333
dt_50=0.0333333
dt_51=0.0333333
dt_52=0.0333333
dt_53=0.0333333
dt_54=0.0333333
dt_55=0.0333333
dt_56=0.0333333
dt_57=0.0333333
dt_58=0.0333333
dt_59=0.0333333

[Parameter]
degree=1
smax=2

[End_control]
u_0:0
u_1:0
u_2:0
u_3:0
u_4:0
u_5:0
u_6:0
u_7:0
u_8:0
u_9:0
u_10:0
u_11:0
u_12:-0
u_13:0
u_14:0
u_15:0
u_16:0
u_17:0
u_18:0
u_19:0
u_20:0
u_21:0
u_22:0
u_23:1
u_24:1
u_25:1
u_26:1
u_27:1
u_28:1
u_29:1
u_30:1
u_31:1
u_32:1
u_33:1
u_34:0
u_35:0
u_36:0
u_37:0
u_38:0
u_39:0
u_40:0
u_41:0
u_42:0
u_43:0
u_44:0
u_45:0
u_46:0
u_47:0
u_48:0
u_49:0
u_50:0
u_51:0
u_52:0
u_53:-0
u_54:-0
u_55:-0
u_56:-0
u_57:-0
u_58:0
u_59:-0
[End_objective]
12.51067611
[Runtime]
5147.657421
