[sgrid]
LX=0
LY=0
UX=1
UY=1
NX=20
NY=20

[tgrid]
nodes=100
dt_0=0.02
dt_1=0.02
dt_2=0.02
dt_3=0.02
dt_4=0.02
dt_5=0.02
dt_6=0.02
dt_7=0.02
dt_8=0.02
dt_9=0.02
dt_10=0.02
dt_11=0.02
dt_12=0.02
dt_13=0.02
dt_14=0.02
dt_15=0.02
dt_16=0.02
dt_17=0.02
dt_18=0.02
dt_19=0.02
dt_20=0.02
dt_21=0.02
dt_22=0.02
dt_23=0.02
dt_24=0.02
dt_25=0.02
dt_26=0.02
dt_27=0.02
dt_28=0.02
dt_29=0.02
dt_30=0.02
dt_31=0.02
dt_32=0.02
dt_33=0.02
dt_34=0.02
dt_35=0.02
dt_36=0.02
dt_37=0.02
dt_38=0.02
dt_39=0.02
dt_40=0.02
dt_41=0.02
dt_42=0.02
dt_43=0.02
dt_44=0.02
dt_45=0.02
dt_46=0.02
dt_47=0.02
dt_48=0.02
dt_49=0.02
dt_50=0.02
dt_51=0.02
dt_52=0.02
dt_53=0.02
dt_54=0.02
dt_55=0.02
dt_56=0.02
dt_57=0.02
dt_58=0.02
dt_59=0.02
dt_60=0.02
dt_61=0.02
dt_62=0.02
dt_63=0.02
dt_64=0.02
dt_65=0.02
dt_66=0.02
dt_67=0.02
dt_68=0.02
dt_69=0.02
dt_70=0.02
dt_71=0.02
dt_72=0.02
dt_73=0.02
dt_74=0.02
dt_75=0.02
dt_76=0.02
dt_77=0.02
dt_78=0.02
dt_79=0.02
dt_80=0.02
dt_81=0.02
dt_82=0.02
dt_83=0.02
dt_84=0.02
dt_85=0.02
dt_86=0.02
dt_87=0.02
dt_88=0.02
dt_89=0.02
dt_90=0.02
dt_91=0.02
dt_92=0.02
dt_93=0.02
dt_94=0.02
dt_95=0.02
dt_96=0.02
dt_97=0.02
dt_98=0.02
dt_99=0.02

[Parameter]
degree=1
smax=2

[End_control]
u_0:0.2330852831
u_1:0.2330852831
u_2:0.2330852831
u_3:0.2330852831
u_4:0.2330852831
u_5:0.2330852831
u_6:0.2330852831
u_7:0.2330852831
u_8:0.2330852831
u_9:0.1724280479
u_10:0.1724280479
u_11:0.1724280479
u_12:0.1724280479
u_13:0.1724280479
u_14:0.1724280479
u_15:0.1724280479
u_16:0.1724280479
u_17:0.1724280479
u_18:0.1724280479
u_19:0.1724280479
u_20:0.1724280479
u_21:0.1724280479
u_22:0.1724280479
u_23:0.1724280479
u_24:0.1724280479
u_25:0.1724280479
u_26:0.1724280479
u_27:0.1724280479
u_28:0.1724280479
u_29:0.1724280479
u_30:0.1724280479
u_31:0.1724280479
u_32:0.1724280479
u_33:0.1724280479
u_34:0.1724280479
u_35:0.1724280479
u_36:0.1724280479
u_37:0.1724280479
u_38:0.7261223706
u_39:0.7261223706
u_40:0.7261223706
u_41:0.7261223706
u_42:0.7261223706
u_43:0.7261223706
u_44:0.7261223706
u_45:0.7261223706
u_46:0.7261223706
u_47:0.7261223706
u_48:0.7261223706
u_49:0.7261223706
u_50:0.7261223706
u_51:0.7261223706
u_52:0.7261223706
u_53:0.7261223706
u_54:0.7261223706
u_55:0.7261223706
u_56:0.6285692375
u_57:0.1555999324
u_58:0.1555999324
u_59:0.1555999324
u_60:0.1555999324
u_61:0.1555999324
u_62:0.1555999324
u_63:0.1555999324
u_64:0.1555999324
u_65:0.1555999324
u_66:0.1555999324
u_67:0.1555999324
u_68:0.1555999324
u_69:0.1555999324
u_70:0.1555999324
u_71:0.1555999324
u_72:0.1555999324
u_73:0.1555999324
u_74:0.1555999324
u_75:0.1555999324
u_76:0.1555999324
u_77:0.1555999324
u_78:0.1555999324
u_79:0.1555999324
u_80:0.1555999324
u_81:0.1555999324
u_82:0.1555999324
u_83:0.1555999324
u_84:0.1555999324
u_85:0.1555999324
u_86:0.1555999324
u_87:0.1555999324
u_88:0.7376406533
u_89:0.7376406533
u_90:0.7376406533
u_91:0.7376406533
u_92:0.7376406533
u_93:0.7376406533
u_94:0.7376406533
u_95:0.7376406533
u_96:0.7376406533
u_97:0.7376406533
u_98:0.7376406533
u_99:0.7376406533
[End_objective]
7.24744477
[Runtime]
2088.772626
