[sgrid]
LX=0
LY=0
UX=1
UY=1
NX=20
NY=20

[tgrid]
nodes=20 
dt_0=0.1
dt_1=0.1
dt_2=0.1
dt_3=0.1
dt_4=0.1
dt_5=0.1
dt_6=0.1
dt_7=0.1
dt_8=0.1
dt_9=0.1
dt_10=0.1
dt_11=0.1
dt_12=0.1
dt_13=0.1
dt_14=0.1
dt_15=0.1
dt_16=0.1
dt_17=0.1
dt_18=0.1
dt_19=0.1
dt_20=0.1
dt_21=0.1

[Parameter]
degree=1
smax=2

[Gurobi_Objective]
2.822563513
4.06475006
5.294253487
6.370135818
6.844165975
7.396218736
7.602517163
8.008366437
8.058127279
8.197029399
8.300581998
8.338313928
8.458086361
8.515635626
8.542063039
8.647244706
8.664673059
8.692342988
8.747384163
8.750395444
8.759393846
8.763391794
8.763959845
cuts:23
[End_control]
u_0:0.1707112157
u_1:0.1700166624
u_2:0.1683162044
u_3:0.16738215
u_4:0.1673581999
u_5:0.1664241455
u_6:0.1672144992
u_7:0.7092242203
u_8:0.710421726
u_9:0.7102780253
u_10:0.7104935763
u_11:0.1724222894
u_12:0.1722067384
u_13:0.1727336409
u_14:0.1719672373
u_15:0.1715840355
u_16:0.1728773416
u_17:0.4585996474
u_18:0.4591265499
u_19:0.4588870488
[End_objective]
9.688884919
[Runtime]
271.3176467
Ended due to low relative change
