[Grid]
nodes:100
dt_0:0.02
dt_1:0.02
dt_2:0.02
dt_3:0.02
dt_4:0.02
dt_5:0.02
dt_6:0.02
dt_7:0.02
dt_8:0.02
dt_9:0.02
dt_10:0.02
dt_11:0.02
dt_12:0.02
dt_13:0.02
dt_14:0.02
dt_15:0.02
dt_16:0.02
dt_17:0.02
dt_18:0.02
dt_19:0.02
dt_20:0.02
dt_21:0.02
dt_22:0.02
dt_23:0.02
dt_24:0.02
dt_25:0.02
dt_26:0.02
dt_27:0.02
dt_28:0.02
dt_29:0.02
dt_30:0.02
dt_31:0.02
dt_32:0.02
dt_33:0.02
dt_34:0.02
dt_35:0.02
dt_36:0.02
dt_37:0.02
dt_38:0.02
dt_39:0.02
dt_40:0.02
dt_41:0.02
dt_42:0.02
dt_43:0.02
dt_44:0.02
dt_45:0.02
dt_46:0.02
dt_47:0.02
dt_48:0.02
dt_49:0.02
dt_50:0.02
dt_51:0.02
dt_52:0.02
dt_53:0.02
dt_54:0.02
dt_55:0.02
dt_56:0.02
dt_57:0.02
dt_58:0.02
dt_59:0.02
dt_60:0.02
dt_61:0.02
dt_62:0.02
dt_63:0.02
dt_64:0.02
dt_65:0.02
dt_66:0.02
dt_67:0.02
dt_68:0.02
dt_69:0.02
dt_70:0.02
dt_71:0.02
dt_72:0.02
dt_73:0.02
dt_74:0.02
dt_75:0.02
dt_76:0.02
dt_77:0.02
dt_78:0.02
dt_79:0.02
dt_80:0.02
dt_81:0.02
dt_82:0.02
dt_83:0.02
dt_84:0.02
dt_85:0.02
dt_86:0.02
dt_87:0.02
dt_88:0.02
dt_89:0.02
dt_90:0.02
dt_91:0.02
dt_92:0.02
dt_93:0.02
dt_94:0.02
dt_95:0.02
dt_96:0.02
dt_97:0.02
dt_98:0.02
dt_99:0.02
[Control]
u_0:0.05281490509
u_1:0.1061119645
u_2:0.1928085253
u_3:0.3042294647
u_4:0.4319065001
u_5:0.5414339281
u_6:0.5875185024
u_7:0.6152563857
u_8:0.6532275973
u_9:0.7021144084
u_10:0.7197697074
u_11:0.7367761522
u_12:0.7446428317
u_13:0.7258329096
u_14:0.7490769623
u_15:0.7589888949
u_16:0.727994683
u_17:0.7502351462
u_18:0.7311801259
u_19:0.7158449459
u_20:0.6559203663
u_21:0.5950961242
u_22:0.5336684941
u_23:0.4720173751
u_24:0.4105456277
u_25:0.3496216141
u_26:0.3330663164
u_27:0.3127790651
u_28:0.3340895542
u_29:0.3209197269
u_30:0.3259310136
u_31:0.3219341057
u_32:0.3301152937
u_33:0.3043719475
u_34:0.33223084
u_35:0.316489146
u_36:0.3199862225
u_37:0.3271532843
u_38:0.3368050844
u_39:0.388581381
u_40:0.4163141984
u_41:0.4234277289
u_42:0.4466508482
u_43:0.4571808433
u_44:0.4307040847
u_45:0.4468994542
u_46:0.4053461772
u_47:0.4042464254
u_48:0.3850252168
u_49:0.3539242582
u_50:0.3653983078
u_51:0.3396396532
u_52:0.3605716247
u_53:0.3842802773
u_54:0.4170504245
u_55:0.4408864907
u_56:0.5347001922
u_57:0.6011709946
u_58:0.6158281118
u_59:0.6498937277
u_60:0.6526858787
u_61:0.6592612706
u_62:0.6567022346
u_63:0.6681921064
u_64:0.661652985
u_65:0.6941722923
u_66:0.694446982
u_67:0.7130861129
u_68:0.7193150638
u_69:0.7094594235
u_70:0.684649339
u_71:0.6807383533
u_72:0.6536555788
u_73:0.6777123134
u_74:0.6699324366
u_75:0.688707344
u_76:0.7038926517
u_77:0.6726871963
u_78:0.6717222426
u_79:0.6450255566
u_80:0.5736955286
u_81:0.5015817623
u_82:0.472580318
u_83:0.4387650619
u_84:0.4277227315
u_85:0.40583375
u_86:0.3907351213
u_87:0.3918134985
u_88:0.4079864888
u_89:0.415127567
u_90:0.4052610143
u_91:0.42034367
u_92:0.444633495
u_93:0.407388634
u_94:0.3622674345
u_95:0.376652398
u_96:0.3996564377
u_97:0.3733004727
u_98:0.3927580227
u_99:0.320424235
[Objective]
0.01180031453
