[Grid]
nodes:100
dt_0:0.02
dt_1:0.02
dt_2:0.02
dt_3:0.02
dt_4:0.02
dt_5:0.02
dt_6:0.02
dt_7:0.02
dt_8:0.02
dt_9:0.02
dt_10:0.02
dt_11:0.02
dt_12:0.02
dt_13:0.02
dt_14:0.02
dt_15:0.02
dt_16:0.02
dt_17:0.02
dt_18:0.02
dt_19:0.02
dt_20:0.02
dt_21:0.02
dt_22:0.02
dt_23:0.02
dt_24:0.02
dt_25:0.02
dt_26:0.02
dt_27:0.02
dt_28:0.02
dt_29:0.02
dt_30:0.02
dt_31:0.02
dt_32:0.02
dt_33:0.02
dt_34:0.02
dt_35:0.02
dt_36:0.02
dt_37:0.02
dt_38:0.02
dt_39:0.02
dt_40:0.02
dt_41:0.02
dt_42:0.02
dt_43:0.02
dt_44:0.02
dt_45:0.02
dt_46:0.02
dt_47:0.02
dt_48:0.02
dt_49:0.02
dt_50:0.02
dt_51:0.02
dt_52:0.02
dt_53:0.02
dt_54:0.02
dt_55:0.02
dt_56:0.02
dt_57:0.02
dt_58:0.02
dt_59:0.02
dt_60:0.02
dt_61:0.02
dt_62:0.02
dt_63:0.02
dt_64:0.02
dt_65:0.02
dt_66:0.02
dt_67:0.02
dt_68:0.02
dt_69:0.02
dt_70:0.02
dt_71:0.02
dt_72:0.02
dt_73:0.02
dt_74:0.02
dt_75:0.02
dt_76:0.02
dt_77:0.02
dt_78:0.02
dt_79:0.02
dt_80:0.02
dt_81:0.02
dt_82:0.02
dt_83:0.02
dt_84:0.02
dt_85:0.02
dt_86:0.02
dt_87:0.02
dt_88:0.02
dt_89:0.02
dt_90:0.02
dt_91:0.02
dt_92:0.02
dt_93:0.02
dt_94:0.02
dt_95:0.02
dt_96:0.02
dt_97:0.02
dt_98:0.02
dt_99:0.02
[Control]
u_0:0.05145398318
u_1:0.1041672693
u_2:0.1899962936
u_3:0.3001379607
u_4:0.4259317829
u_5:0.5589467074
u_6:0.6910968259
u_7:0.7085066549
u_8:0.6923138419
u_9:0.7631461702
u_10:0.7152296211
u_11:0.8273320376
u_12:0.7035925605
u_13:0.7657843287
u_14:0.7358807352
u_15:0.8134151909
u_16:0.8708509558
u_17:0.819684657
u_18:0.7661070853
u_19:0.7102943571
u_20:0.652608329
u_21:0.5935304123
u_22:0.5336182972
u_23:0.4734752849
u_24:0.4137265874
u_25:0.3549986919
u_26:0.2978983155
u_27:0.2429866521
u_28:0.1907410645
u_29:0.2477976401
u_30:0.3263047042
u_31:0.2996750879
u_32:0.3688236051
u_33:0.2577337035
u_34:0.3860559345
u_35:0.343193294
u_36:0.2733109011
u_37:0.1841527104
u_38:0.2150689092
u_39:0.4050081243
u_40:0.685146335
u_41:0.3661204506
u_42:0.4853928826
u_43:0.4697113976
u_44:0.5212901254
u_45:0.3769947599
u_46:0.476177576
u_47:0.3589592742
u_48:0.4050293802
u_49:0.2217379085
u_50:0.2835934739
u_51:0.3385946808
u_52:0.2914839054
u_53:0.2679111476
u_54:0.3546010024
u_55:0.4436711026
u_56:0.5333353691
u_57:0.6217115242
u_58:0.7069107202
u_59:0.787127258
u_60:0.7544469476
u_61:0.6955546958
u_62:0.6297572607
u_63:0.6560114976
u_64:0.6815883054
u_65:0.6969283148
u_66:0.6852958817
u_67:0.7274923406
u_68:0.6663280458
u_69:0.7199109553
u_70:0.6581610754
u_71:0.702480133
u_72:0.6678668073
u_73:0.6406871338
u_74:0.7125056484
u_75:0.78313508
u_76:0.8320122283
u_77:0.7711940106
u_78:0.7073536768
u_79:0.6410913
u_80:0.5731463598
u_81:0.5043364876
u_82:0.4355119537
u_83:0.3675141277
u_84:0.3011267412
u_85:0.3433116119
u_86:0.4065578663
u_87:0.3646317307
u_88:0.4188125735
u_89:0.2934575962
u_90:0.4085930429
u_91:0.3539700038
u_92:0.5224526311
u_93:0.2875245378
u_94:0.3193157156
u_95:0.442430487
u_96:0.5585040058
u_97:0.5361847811
u_98:0.5003384137
u_99:0.4289637411
[Objective]
0.01174543186
