[Grid]
nodes:100
dt_0:0.02
dt_1:0.02
dt_2:0.02
dt_3:0.02
dt_4:0.02
dt_5:0.02
dt_6:0.02
dt_7:0.02
dt_8:0.02
dt_9:0.02
dt_10:0.02
dt_11:0.02
dt_12:0.02
dt_13:0.02
dt_14:0.02
dt_15:0.02
dt_16:0.02
dt_17:0.02
dt_18:0.02
dt_19:0.02
dt_20:0.02
dt_21:0.02
dt_22:0.02
dt_23:0.02
dt_24:0.02
dt_25:0.02
dt_26:0.02
dt_27:0.02
dt_28:0.02
dt_29:0.02
dt_30:0.02
dt_31:0.02
dt_32:0.02
dt_33:0.02
dt_34:0.02
dt_35:0.02
dt_36:0.02
dt_37:0.02
dt_38:0.02
dt_39:0.02
dt_40:0.02
dt_41:0.02
dt_42:0.02
dt_43:0.02
dt_44:0.02
dt_45:0.02
dt_46:0.02
dt_47:0.02
dt_48:0.02
dt_49:0.02
dt_50:0.02
dt_51:0.02
dt_52:0.02
dt_53:0.02
dt_54:0.02
dt_55:0.02
dt_56:0.02
dt_57:0.02
dt_58:0.02
dt_59:0.02
dt_60:0.02
dt_61:0.02
dt_62:0.02
dt_63:0.02
dt_64:0.02
dt_65:0.02
dt_66:0.02
dt_67:0.02
dt_68:0.02
dt_69:0.02
dt_70:0.02
dt_71:0.02
dt_72:0.02
dt_73:0.02
dt_74:0.02
dt_75:0.02
dt_76:0.02
dt_77:0.02
dt_78:0.02
dt_79:0.02
dt_80:0.02
dt_81:0.02
dt_82:0.02
dt_83:0.02
dt_84:0.02
dt_85:0.02
dt_86:0.02
dt_87:0.02
dt_88:0.02
dt_89:0.02
dt_90:0.02
dt_91:0.02
dt_92:0.02
dt_93:0.02
dt_94:0.02
dt_95:0.02
dt_96:0.02
dt_97:0.02
dt_98:0.02
dt_99:0.02
[Control]
u_0:0.05214511088
u_1:0.1051546992
u_2:0.1914237116
u_3:0.3022131955
u_4:0.428957798
u_5:0.5633682648
u_6:0.6718446754
u_7:0.6712573814
u_8:0.6683221953
u_9:0.6796147237
u_10:0.6904584615
u_11:0.7010637324
u_12:0.7025878863
u_13:0.7140057193
u_14:0.7253999747
u_15:0.7255088798
u_16:0.7283869834
u_17:0.721042146
u_18:0.6957159513
u_19:0.684690239
u_20:0.6583483952
u_21:0.5963594744
u_22:0.5339567404
u_23:0.4713724549
u_24:0.4088680566
u_25:0.3817685871
u_26:0.3699110211
u_27:0.3321479123
u_28:0.3351167637
u_29:0.3344298627
u_30:0.3192856659
u_31:0.3232820616
u_32:0.3226237091
u_33:0.3287694079
u_34:0.332661196
u_35:0.3377784931
u_36:0.3291028194
u_37:0.3423844058
u_38:0.341897301
u_39:0.4053704275
u_40:0.4044417111
u_41:0.3973242497
u_42:0.3997947353
u_43:0.4153933015
u_44:0.415838979
u_45:0.3966660007
u_46:0.3918462467
u_47:0.3853446034
u_48:0.3778992546
u_49:0.3847959077
u_50:0.3991644868
u_51:0.3993531944
u_52:0.4039194928
u_53:0.40039762
u_54:0.4113060439
u_55:0.4387891713
u_56:0.5330303008
u_57:0.590725038
u_58:0.6389628752
u_59:0.661992655
u_60:0.6677071684
u_61:0.6522354081
u_62:0.6552149909
u_63:0.6787849916
u_64:0.664832338
u_65:0.6744274565
u_66:0.6697538636
u_67:0.6802180534
u_68:0.6820296907
u_69:0.6800780281
u_70:0.6764951783
u_71:0.6773508992
u_72:0.6832616575
u_73:0.6814745756
u_74:0.6786221795
u_75:0.6933892337
u_76:0.6744154976
u_77:0.6775570581
u_78:0.6755436918
u_79:0.6081285991
u_80:0.5746895744
u_81:0.5020446866
u_82:0.4684556615
u_83:0.4410423105
u_84:0.4295556332
u_85:0.4330831856
u_86:0.418266984
u_87:0.4194161608
u_88:0.3953666286
u_89:0.4040312667
u_90:0.3985052343
u_91:0.3837056924
u_92:0.3815587028
u_93:0.3831673768
u_94:0.3955230882
u_95:0.3961466542
u_96:0.3808338971
u_97:0.3916764931
u_98:0.3792774208
u_99:0.364253101
[Objective]
0.01180940777
