[Grid]
nodes:100
dt_0:0.02
dt_1:0.02
dt_2:0.02
dt_3:0.02
dt_4:0.02
dt_5:0.02
dt_6:0.02
dt_7:0.02
dt_8:0.02
dt_9:0.02
dt_10:0.02
dt_11:0.02
dt_12:0.02
dt_13:0.02
dt_14:0.02
dt_15:0.02
dt_16:0.02
dt_17:0.02
dt_18:0.02
dt_19:0.02
dt_20:0.02
dt_21:0.02
dt_22:0.02
dt_23:0.02
dt_24:0.02
dt_25:0.02
dt_26:0.02
dt_27:0.02
dt_28:0.02
dt_29:0.02
dt_30:0.02
dt_31:0.02
dt_32:0.02
dt_33:0.02
dt_34:0.02
dt_35:0.02
dt_36:0.02
dt_37:0.02
dt_38:0.02
dt_39:0.02
dt_40:0.02
dt_41:0.02
dt_42:0.02
dt_43:0.02
dt_44:0.02
dt_45:0.02
dt_46:0.02
dt_47:0.02
dt_48:0.02
dt_49:0.02
dt_50:0.02
dt_51:0.02
dt_52:0.02
dt_53:0.02
dt_54:0.02
dt_55:0.02
dt_56:0.02
dt_57:0.02
dt_58:0.02
dt_59:0.02
dt_60:0.02
dt_61:0.02
dt_62:0.02
dt_63:0.02
dt_64:0.02
dt_65:0.02
dt_66:0.02
dt_67:0.02
dt_68:0.02
dt_69:0.02
dt_70:0.02
dt_71:0.02
dt_72:0.02
dt_73:0.02
dt_74:0.02
dt_75:0.02
dt_76:0.02
dt_77:0.02
dt_78:0.02
dt_79:0.02
dt_80:0.02
dt_81:0.02
dt_82:0.02
dt_83:0.02
dt_84:0.02
dt_85:0.02
dt_86:0.02
dt_87:0.02
dt_88:0.02
dt_89:0.02
dt_90:0.02
dt_91:0.02
dt_92:0.02
dt_93:0.02
dt_94:0.02
dt_95:0.02
dt_96:0.02
dt_97:0.02
dt_98:0.02
dt_99:0.02
[Control]
u_0:0.05258333952
u_1:0.1057810158
u_2:0.1923297454
u_3:0.3035322337
u_4:0.4308862838
u_5:0.5534412665
u_6:0.6194405151
u_7:0.6200840607
u_8:0.6729361797
u_9:0.6860029656
u_10:0.7019022214
u_11:0.7125251143
u_12:0.7317521702
u_13:0.7329002676
u_14:0.7522562828
u_15:0.729415759
u_16:0.7454602193
u_17:0.7162301634
u_18:0.7185941922
u_19:0.7170322487
u_20:0.6566310684
u_21:0.5954366499
u_22:0.5336892019
u_23:0.4717212405
u_24:0.4098886335
u_25:0.3485048486
u_26:0.345749
u_27:0.3469183311
u_28:0.3537137988
u_29:0.3045716564
u_30:0.3223201521
u_31:0.3085007528
u_32:0.3330668242
u_33:0.3031663854
u_34:0.3255746458
u_35:0.3493771059
u_36:0.3284638974
u_37:0.3192542645
u_38:0.3323307609
u_39:0.4001066039
u_40:0.4437737672
u_41:0.4345950636
u_42:0.4085290628
u_43:0.4121092571
u_44:0.4080659382
u_45:0.3972239105
u_46:0.4296143852
u_47:0.4226928207
u_48:0.3919310818
u_49:0.3615291943
u_50:0.3650264618
u_51:0.3773129061
u_52:0.3652709789
u_53:0.4027161403
u_54:0.4034735945
u_55:0.4403586404
u_56:0.5343487195
u_57:0.5912723418
u_58:0.6196609781
u_59:0.6615621562
u_60:0.6639298658
u_61:0.6491996179
u_62:0.6474829816
u_63:0.6678904502
u_64:0.7060545233
u_65:0.6769516199
u_66:0.6851855694
u_67:0.6807387964
u_68:0.6828781872
u_69:0.678688375
u_70:0.6914799003
u_71:0.681239444
u_72:0.7030320008
u_73:0.6852542092
u_74:0.6755159381
u_75:0.6957072152
u_76:0.6717033609
u_77:0.6730013115
u_78:0.6582590524
u_79:0.6456749546
u_80:0.5741271392
u_81:0.5018626609
u_82:0.4502840744
u_83:0.4592502435
u_84:0.413689076
u_85:0.4159006626
u_86:0.4367751703
u_87:0.416790833
u_88:0.4099073941
u_89:0.4066342704
u_90:0.388757116
u_91:0.3994873372
u_92:0.386486253
u_93:0.3932940396
u_94:0.4079146753
u_95:0.3972010888
u_96:0.3865537693
u_97:0.3766855009
u_98:0.3569874023
u_99:0.3537445987
[Objective]
0.01180481166
