[Grid]
nodes:100
dt_0:0.02
dt_1:0.02
dt_2:0.02
dt_3:0.02
dt_4:0.02
dt_5:0.02
dt_6:0.02
dt_7:0.02
dt_8:0.02
dt_9:0.02
dt_10:0.02
dt_11:0.02
dt_12:0.02
dt_13:0.02
dt_14:0.02
dt_15:0.02
dt_16:0.02
dt_17:0.02
dt_18:0.02
dt_19:0.02
dt_20:0.02
dt_21:0.02
dt_22:0.02
dt_23:0.02
dt_24:0.02
dt_25:0.02
dt_26:0.02
dt_27:0.02
dt_28:0.02
dt_29:0.02
dt_30:0.02
dt_31:0.02
dt_32:0.02
dt_33:0.02
dt_34:0.02
dt_35:0.02
dt_36:0.02
dt_37:0.02
dt_38:0.02
dt_39:0.02
dt_40:0.02
dt_41:0.02
dt_42:0.02
dt_43:0.02
dt_44:0.02
dt_45:0.02
dt_46:0.02
dt_47:0.02
dt_48:0.02
dt_49:0.02
dt_50:0.02
dt_51:0.02
dt_52:0.02
dt_53:0.02
dt_54:0.02
dt_55:0.02
dt_56:0.02
dt_57:0.02
dt_58:0.02
dt_59:0.02
dt_60:0.02
dt_61:0.02
dt_62:0.02
dt_63:0.02
dt_64:0.02
dt_65:0.02
dt_66:0.02
dt_67:0.02
dt_68:0.02
dt_69:0.02
dt_70:0.02
dt_71:0.02
dt_72:0.02
dt_73:0.02
dt_74:0.02
dt_75:0.02
dt_76:0.02
dt_77:0.02
dt_78:0.02
dt_79:0.02
dt_80:0.02
dt_81:0.02
dt_82:0.02
dt_83:0.02
dt_84:0.02
dt_85:0.02
dt_86:0.02
dt_87:0.02
dt_88:0.02
dt_89:0.02
dt_90:0.02
dt_91:0.02
dt_92:0.02
dt_93:0.02
dt_94:0.02
dt_95:0.02
dt_96:0.02
dt_97:0.02
dt_98:0.02
dt_99:0.02
[Control]
u_0:0.05233292874
u_1:0.1054231536
u_2:0.1918121153
u_3:0.3027787123
u_4:0.4297845275
u_5:0.5645818424
u_6:0.6411538277
u_7:0.6507303256
u_8:0.6690123814
u_9:0.6825686334
u_10:0.6989982139
u_11:0.7048491137
u_12:0.7160871776
u_13:0.7179158702
u_14:0.7232302691
u_15:0.7280455965
u_16:0.7457483306
u_17:0.732783707
u_18:0.7121372187
u_19:0.6752144241
u_20:0.6578422236
u_21:0.5960348947
u_22:0.533766632
u_23:0.4712891023
u_24:0.4088789495
u_25:0.3905887197
u_26:0.3525750072
u_27:0.3390745965
u_28:0.3337393708
u_29:0.3267637401
u_30:0.3176716122
u_31:0.3207314348
u_32:0.3214339087
u_33:0.3197195301
u_34:0.3345947711
u_35:0.3266300986
u_36:0.3219870088
u_37:0.3395085929
u_38:0.3470437184
u_39:0.4018647484
u_40:0.4193829734
u_41:0.4211597247
u_42:0.4259913743
u_43:0.3952110215
u_44:0.3886758574
u_45:0.3955990293
u_46:0.4103847591
u_47:0.4006686853
u_48:0.4003847696
u_49:0.3875653945
u_50:0.3850209261
u_51:0.3755048048
u_52:0.391299158
u_53:0.3957616728
u_54:0.4107387765
u_55:0.4394929903
u_56:0.5336277531
u_57:0.585747673
u_58:0.6487048594
u_59:0.6533193923
u_60:0.650244497
u_61:0.6483674811
u_62:0.6674554936
u_63:0.6752438649
u_64:0.6840954331
u_65:0.6700763911
u_66:0.6814773764
u_67:0.6708961173
u_68:0.6707949508
u_69:0.6763163403
u_70:0.6787374942
u_71:0.6942722354
u_72:0.6872230574
u_73:0.691877677
u_74:0.6902078549
u_75:0.6903547346
u_76:0.6701365198
u_77:0.6678375484
u_78:0.6459614037
u_79:0.6460002413
u_80:0.5741969289
u_81:0.5016870644
u_82:0.4677209893
u_83:0.4416471738
u_84:0.4304501078
u_85:0.4242572043
u_86:0.4296312822
u_87:0.4261751818
u_88:0.4068812868
u_89:0.3909343507
u_90:0.3826925507
u_91:0.3822819435
u_92:0.3990257619
u_93:0.3939626257
u_94:0.3944330676
u_95:0.383280178
u_96:0.3820547182
u_97:0.3831422563
u_98:0.3785882084
u_99:0.3653126279
[Objective]
0.0118079589
