[Grid]
nodes:100
dt_0:0.02
dt_1:0.02
dt_2:0.02
dt_3:0.02
dt_4:0.02
dt_5:0.02
dt_6:0.02
dt_7:0.02
dt_8:0.02
dt_9:0.02
dt_10:0.02
dt_11:0.02
dt_12:0.02
dt_13:0.02
dt_14:0.02
dt_15:0.02
dt_16:0.02
dt_17:0.02
dt_18:0.02
dt_19:0.02
dt_20:0.02
dt_21:0.02
dt_22:0.02
dt_23:0.02
dt_24:0.02
dt_25:0.02
dt_26:0.02
dt_27:0.02
dt_28:0.02
dt_29:0.02
dt_30:0.02
dt_31:0.02
dt_32:0.02
dt_33:0.02
dt_34:0.02
dt_35:0.02
dt_36:0.02
dt_37:0.02
dt_38:0.02
dt_39:0.02
dt_40:0.02
dt_41:0.02
dt_42:0.02
dt_43:0.02
dt_44:0.02
dt_45:0.02
dt_46:0.02
dt_47:0.02
dt_48:0.02
dt_49:0.02
dt_50:0.02
dt_51:0.02
dt_52:0.02
dt_53:0.02
dt_54:0.02
dt_55:0.02
dt_56:0.02
dt_57:0.02
dt_58:0.02
dt_59:0.02
dt_60:0.02
dt_61:0.02
dt_62:0.02
dt_63:0.02
dt_64:0.02
dt_65:0.02
dt_66:0.02
dt_67:0.02
dt_68:0.02
dt_69:0.02
dt_70:0.02
dt_71:0.02
dt_72:0.02
dt_73:0.02
dt_74:0.02
dt_75:0.02
dt_76:0.02
dt_77:0.02
dt_78:0.02
dt_79:0.02
dt_80:0.02
dt_81:0.02
dt_82:0.02
dt_83:0.02
dt_84:0.02
dt_85:0.02
dt_86:0.02
dt_87:0.02
dt_88:0.02
dt_89:0.02
dt_90:0.02
dt_91:0.02
dt_92:0.02
dt_93:0.02
dt_94:0.02
dt_95:0.02
dt_96:0.02
dt_97:0.02
dt_98:0.02
dt_99:0.02
[Control]
u_0:0.05189939473
u_1:0.1048036311
u_2:0.1909162408
u_3:0.3014756171
u_4:0.4278830044
u_5:0.5617998772
u_6:0.6952824311
u_7:0.579107378
u_8:0.7344343059
u_9:0.6936251084
u_10:0.7643152709
u_11:0.7878393736
u_12:0.7524779308
u_13:0.695831828
u_14:0.7772718494
u_15:0.7665378416
u_16:0.7925155024
u_17:0.8232673842
u_18:0.7684875486
u_19:0.711830722
u_20:0.6535278237
u_21:0.5939680399
u_22:0.5336381695
u_23:0.4730804231
u_24:0.4128593466
u_25:0.3535318696
u_26:0.2956149228
u_27:0.2395426653
u_28:0.269277017
u_29:0.2949662288
u_30:0.2853377667
u_31:0.370246552
u_32:0.3208432383
u_33:0.2985532586
u_34:0.3389170037
u_35:0.3319096792
u_36:0.3257108959
u_37:0.2681147279
u_38:0.1831438014
u_39:0.3918675564
u_40:0.6054238945
u_41:0.4461291965
u_42:0.3633806153
u_43:0.5464625642
u_44:0.4589720001
u_45:0.4119073851
u_46:0.4399898839
u_47:0.4198102267
u_48:0.3818732291
u_49:0.287606295
u_50:0.2714549796
u_51:0.2983997559
u_52:0.3393587821
u_53:0.3471965656
u_54:0.3520606006
u_55:0.4425777399
u_56:0.5335194523
u_57:0.6232000797
u_58:0.7099316886
u_59:0.7084801813
u_60:0.7074690699
u_61:0.6533817343
u_62:0.6726924626
u_63:0.6774361243
u_64:0.6696851412
u_65:0.6316330764
u_66:0.7687365871
u_67:0.6797359455
u_68:0.7020954891
u_69:0.672137009
u_70:0.7582548753
u_71:0.6075663303
u_72:0.6897642877
u_73:0.6839842197
u_74:0.6706414595
u_75:0.7364593733
u_76:0.7537052086
u_77:0.7746426563
u_78:0.7094201356
u_79:0.6420886565
u_80:0.5732232608
u_81:0.5035041781
u_82:0.4336460009
u_83:0.3643312157
u_84:0.3798052789
u_85:0.3905248981
u_86:0.3655440479
u_87:0.4350575591
u_88:0.3705657516
u_89:0.3338485668
u_90:0.360793001
u_91:0.4253507283
u_92:0.5349246018
u_93:0.3188870306
u_94:0.2955383267
u_95:0.4421263156
u_96:0.4453742099
u_97:0.4925463432
u_98:0.5089370741
u_99:0.3783381497
[Objective]
0.01176999433
