[Grid]
nodes:100
dt_0:0.02
dt_1:0.02
dt_2:0.02
dt_3:0.02
dt_4:0.02
dt_5:0.02
dt_6:0.02
dt_7:0.02
dt_8:0.02
dt_9:0.02
dt_10:0.02
dt_11:0.02
dt_12:0.02
dt_13:0.02
dt_14:0.02
dt_15:0.02
dt_16:0.02
dt_17:0.02
dt_18:0.02
dt_19:0.02
dt_20:0.02
dt_21:0.02
dt_22:0.02
dt_23:0.02
dt_24:0.02
dt_25:0.02
dt_26:0.02
dt_27:0.02
dt_28:0.02
dt_29:0.02
dt_30:0.02
dt_31:0.02
dt_32:0.02
dt_33:0.02
dt_34:0.02
dt_35:0.02
dt_36:0.02
dt_37:0.02
dt_38:0.02
dt_39:0.02
dt_40:0.02
dt_41:0.02
dt_42:0.02
dt_43:0.02
dt_44:0.02
dt_45:0.02
dt_46:0.02
dt_47:0.02
dt_48:0.02
dt_49:0.02
dt_50:0.02
dt_51:0.02
dt_52:0.02
dt_53:0.02
dt_54:0.02
dt_55:0.02
dt_56:0.02
dt_57:0.02
dt_58:0.02
dt_59:0.02
dt_60:0.02
dt_61:0.02
dt_62:0.02
dt_63:0.02
dt_64:0.02
dt_65:0.02
dt_66:0.02
dt_67:0.02
dt_68:0.02
dt_69:0.02
dt_70:0.02
dt_71:0.02
dt_72:0.02
dt_73:0.02
dt_74:0.02
dt_75:0.02
dt_76:0.02
dt_77:0.02
dt_78:0.02
dt_79:0.02
dt_80:0.02
dt_81:0.02
dt_82:0.02
dt_83:0.02
dt_84:0.02
dt_85:0.02
dt_86:0.02
dt_87:0.02
dt_88:0.02
dt_89:0.02
dt_90:0.02
dt_91:0.02
dt_92:0.02
dt_93:0.02
dt_94:0.02
dt_95:0.02
dt_96:0.02
dt_97:0.02
dt_98:0.02
dt_99:0.02
[Control]
u_0:0.05020069596
u_1:0.1023766001
u_2:0.1874074703
u_3:0.2963736549
u_4:0.4204419881
u_5:0.5509251091
u_6:0.6793519554
u_7:0.797563312
u_8:0.897850981
u_9:0.9731709556
u_10:0.7302591333
u_11:0.6807412395
u_12:0.7186354649
u_13:0.9758380572
u_14:0.9414695792
u_15:0.9025518554
u_16:0.8592253208
u_17:0.8118387629
u_18:0.760875182
u_19:0.7069078915
u_20:0.6505725125
u_21:0.5925486098
u_22:0.5335477079
u_23:0.4743058161
u_24:0.4155793713
u_25:0.3581440296
u_26:0.302796134
u_27:0.2503570163
u_28:0.2016805349
u_29:0.1576642167
u_30:0.1192632626
u_31:0.08750131409
u_32:0.3506844271
u_33:0.3998005925
u_34:0.3644049536
u_35:0.1234577338
u_36:0.2851596879
u_37:0.08726287669
u_38:0.3660595488
u_39:0.4764185573
u_40:0.478233974
u_41:0.6638160048
u_42:0.4011345069
u_43:0.5475906863
u_44:0.5629800431
u_45:0.591236269
u_46:0.2655121933
u_47:0.3213657838
u_48:0.3367933948
u_49:0.3088168759
u_50:0.07049615958
u_51:0.1306494354
u_52:0.2003300198
u_53:0.2775636642
u_54:0.3602302917
u_55:0.4461201717
u_56:0.5329673167
u_57:0.6184726849
u_58:0.7003226217
u_59:0.7762058903
u_60:0.8438324956
u_61:0.9009592334
u_62:0.9454334528
u_63:0.6880555221
u_64:0.6372855389
u_65:0.6301611695
u_66:0.6848884093
u_67:0.6871265654
u_68:0.5806882076
u_69:0.6790264285
u_70:0.5924830159
u_71:0.6588711442
u_72:0.7003165657
u_73:0.9565420318
u_74:0.917888501
u_75:0.8722956067
u_76:0.8206298357
u_77:0.7638418067
u_78:0.7029363323
u_79:0.6389582623
u_80:0.5729850576
u_81:0.5061233997
u_82:0.4395091171
u_83:0.3743104827
u_84:0.3117353072
u_85:0.253042268
u_86:0.1995558378
u_87:0.1526788204
u_88:0.401108944
u_89:0.4362413119
u_90:0.3880542554
u_91:0.1359350942
u_92:0.1989276591
u_93:0.3902652568
u_94:0.5791215772
u_95:0.6200059929
u_96:0.5843533853
u_97:0.7367151145
u_98:0.6095069298
u_99:0.5305530017
[Objective]
0.01158463402
