[Grid]
nodes:100
dt_0:0.02
dt_1:0.02
dt_2:0.02
dt_3:0.02
dt_4:0.02
dt_5:0.02
dt_6:0.02
dt_7:0.02
dt_8:0.02
dt_9:0.02
dt_10:0.02
dt_11:0.02
dt_12:0.02
dt_13:0.02
dt_14:0.02
dt_15:0.02
dt_16:0.02
dt_17:0.02
dt_18:0.02
dt_19:0.02
dt_20:0.02
dt_21:0.02
dt_22:0.02
dt_23:0.02
dt_24:0.02
dt_25:0.02
dt_26:0.02
dt_27:0.02
dt_28:0.02
dt_29:0.02
dt_30:0.02
dt_31:0.02
dt_32:0.02
dt_33:0.02
dt_34:0.02
dt_35:0.02
dt_36:0.02
dt_37:0.02
dt_38:0.02
dt_39:0.02
dt_40:0.02
dt_41:0.02
dt_42:0.02
dt_43:0.02
dt_44:0.02
dt_45:0.02
dt_46:0.02
dt_47:0.02
dt_48:0.02
dt_49:0.02
dt_50:0.02
dt_51:0.02
dt_52:0.02
dt_53:0.02
dt_54:0.02
dt_55:0.02
dt_56:0.02
dt_57:0.02
dt_58:0.02
dt_59:0.02
dt_60:0.02
dt_61:0.02
dt_62:0.02
dt_63:0.02
dt_64:0.02
dt_65:0.02
dt_66:0.02
dt_67:0.02
dt_68:0.02
dt_69:0.02
dt_70:0.02
dt_71:0.02
dt_72:0.02
dt_73:0.02
dt_74:0.02
dt_75:0.02
dt_76:0.02
dt_77:0.02
dt_78:0.02
dt_79:0.02
dt_80:0.02
dt_81:0.02
dt_82:0.02
dt_83:0.02
dt_84:0.02
dt_85:0.02
dt_86:0.02
dt_87:0.02
dt_88:0.02
dt_89:0.02
dt_90:0.02
dt_91:0.02
dt_92:0.02
dt_93:0.02
dt_94:0.02
dt_95:0.02
dt_96:0.02
dt_97:0.02
dt_98:0.02
dt_99:0.02
[Control]
u_0:0.05095774152
u_1:0.1034581592
u_2:0.1889708922
u_3:0.2986464875
u_4:0.4237555504
u_5:0.5557640401
u_6:0.6864289113
u_7:0.8079362076
u_8:0.7598657922
u_9:0.7196653938
u_10:0.7729975752
u_11:0.7543270953
u_12:0.7613654965
u_13:0.7223144646
u_14:0.803454122
u_15:0.9128778291
u_16:0.8662318722
u_17:0.8165735653
u_18:0.7640357464
u_19:0.7089566037
u_20:0.6518080905
u_21:0.5931508996
u_22:0.5336042766
u_23:0.4738248192
u_24:0.4144907439
u_25:0.3562891769
u_26:0.2999044418
u_27:0.2460051569
u_28:0.1952267013
u_29:0.1481411888
u_30:0.2584487799
u_31:0.3427323683
u_32:0.3104487175
u_33:0.3298616566
u_34:0.3270063613
u_35:0.3848034993
u_36:0.1640087096
u_37:0.1780047957
u_38:0.2443165028
u_39:0.4469655567
u_40:0.6856056798
u_41:0.3685628947
u_42:0.5512230499
u_43:0.4974774465
u_44:0.4451129143
u_45:0.4761058926
u_46:0.3788977043
u_47:0.4372463938
u_48:0.2669581433
u_49:0.2687397734
u_50:0.3259513157
u_51:0.2701531186
u_52:0.1912640764
u_53:0.2717717551
u_54:0.3568412264
u_55:0.4446321037
u_56:0.5331612415
u_57:0.6203768202
u_58:0.7042165867
u_59:0.7826653971
u_60:0.8538273219
u_61:0.7627856406
u_62:0.6919187363
u_63:0.5777613499
u_64:0.7418502556
u_65:0.6278118127
u_66:0.6856120464
u_67:0.6910032561
u_68:0.7485809229
u_69:0.6834732359
u_70:0.5889984245
u_71:0.7626911124
u_72:0.5895547969
u_73:0.7027673795
u_74:0.7796240761
u_75:0.8823553301
u_76:0.8273194273
u_77:0.7681645761
u_78:0.7055304651
u_79:0.6402039952
u_80:0.5730643989
u_81:0.505047896
u_82:0.4371215642
u_83:0.3702608667
u_84:0.3054257363
u_85:0.2435264167
u_86:0.3386123108
u_87:0.4076254355
u_88:0.3603910014
u_89:0.3655493444
u_90:0.3495137679
u_91:0.3955569852
u_92:0.3458499947
u_93:0.3929912827
u_94:0.3151966065
u_95:0.4622050415
u_96:0.5910076337
u_97:0.6311268942
u_98:0.4656885942
u_99:0.53370154
[Objective]
0.01171155968
