[Grid]
nodes:100
dt_0:0.02
dt_1:0.02
dt_2:0.02
dt_3:0.02
dt_4:0.02
dt_5:0.02
dt_6:0.02
dt_7:0.02
dt_8:0.02
dt_9:0.02
dt_10:0.02
dt_11:0.02
dt_12:0.02
dt_13:0.02
dt_14:0.02
dt_15:0.02
dt_16:0.02
dt_17:0.02
dt_18:0.02
dt_19:0.02
dt_20:0.02
dt_21:0.02
dt_22:0.02
dt_23:0.02
dt_24:0.02
dt_25:0.02
dt_26:0.02
dt_27:0.02
dt_28:0.02
dt_29:0.02
dt_30:0.02
dt_31:0.02
dt_32:0.02
dt_33:0.02
dt_34:0.02
dt_35:0.02
dt_36:0.02
dt_37:0.02
dt_38:0.02
dt_39:0.02
dt_40:0.02
dt_41:0.02
dt_42:0.02
dt_43:0.02
dt_44:0.02
dt_45:0.02
dt_46:0.02
dt_47:0.02
dt_48:0.02
dt_49:0.02
dt_50:0.02
dt_51:0.02
dt_52:0.02
dt_53:0.02
dt_54:0.02
dt_55:0.02
dt_56:0.02
dt_57:0.02
dt_58:0.02
dt_59:0.02
dt_60:0.02
dt_61:0.02
dt_62:0.02
dt_63:0.02
dt_64:0.02
dt_65:0.02
dt_66:0.02
dt_67:0.02
dt_68:0.02
dt_69:0.02
dt_70:0.02
dt_71:0.02
dt_72:0.02
dt_73:0.02
dt_74:0.02
dt_75:0.02
dt_76:0.02
dt_77:0.02
dt_78:0.02
dt_79:0.02
dt_80:0.02
dt_81:0.02
dt_82:0.02
dt_83:0.02
dt_84:0.02
dt_85:0.02
dt_86:0.02
dt_87:0.02
dt_88:0.02
dt_89:0.02
dt_90:0.02
dt_91:0.02
dt_92:0.02
dt_93:0.02
dt_94:0.02
dt_95:0.02
dt_96:0.02
dt_97:0.02
dt_98:0.02
dt_99:0.02
[Control]
u_0:0.05237314387
u_1:0.1054805182
u_2:0.191894877
u_3:0.3028988673
u_4:0.4299597475
u_5:0.5647559596
u_6:0.6372214773
u_7:0.6386937026
u_8:0.6747322158
u_9:0.6811208215
u_10:0.6982355584
u_11:0.7082684603
u_12:0.716941857
u_13:0.7366663466
u_14:0.7259100405
u_15:0.7225624954
u_16:0.7355533363
u_17:0.7448010753
u_18:0.6976332526
u_19:0.7007234399
u_20:0.6573290231
u_21:0.5957647957
u_22:0.5336977427
u_23:0.4714113507
u_24:0.4092125231
u_25:0.3648415494
u_26:0.3667455886
u_27:0.3487156005
u_28:0.3322534969
u_29:0.3125380549
u_30:0.3177491909
u_31:0.3320885126
u_32:0.3025349456
u_33:0.3256524589
u_34:0.3337507472
u_35:0.3198685974
u_36:0.3482936016
u_37:0.3304126245
u_38:0.3275349222
u_39:0.4041435513
u_40:0.4407227869
u_41:0.4357135967
u_42:0.4110969935
u_43:0.3859039588
u_44:0.390731207
u_45:0.3855549717
u_46:0.4177394289
u_47:0.4319186305
u_48:0.3895473526
u_49:0.3773820212
u_50:0.3829437185
u_51:0.3695427287
u_52:0.3940812821
u_53:0.3881410241
u_54:0.4072530259
u_55:0.4398991756
u_56:0.5339525198
u_57:0.5851754002
u_58:0.6413540997
u_59:0.6523678047
u_60:0.6538231405
u_61:0.6648086863
u_62:0.6512628535
u_63:0.6789617261
u_64:0.6823352528
u_65:0.6944510994
u_66:0.6779196853
u_67:0.656699262
u_68:0.6606309906
u_69:0.6752272715
u_70:0.6844606783
u_71:0.7050420588
u_72:0.6887154126
u_73:0.7061460228
u_74:0.6746246952
u_75:0.6956661855
u_76:0.6771212731
u_77:0.6633642547
u_78:0.6493732577
u_79:0.6459519953
u_80:0.5742580881
u_81:0.5018672377
u_82:0.4616658959
u_83:0.4326870834
u_84:0.4373502309
u_85:0.4129818707
u_86:0.444638525
u_87:0.4331108281
u_88:0.4047005014
u_89:0.3901157249
u_90:0.3878705854
u_91:0.3876393277
u_92:0.3844389446
u_93:0.3838191495
u_94:0.3913779492
u_95:0.3947069588
u_96:0.3970210847
u_97:0.3830251015
u_98:0.3683483287
u_99:0.3658048979
[Objective]
0.01180680686
