[Grid]
nodes:100
dt_0:0.02
dt_1:0.02
dt_2:0.02
dt_3:0.02
dt_4:0.02
dt_5:0.02
dt_6:0.02
dt_7:0.02
dt_8:0.02
dt_9:0.02
dt_10:0.02
dt_11:0.02
dt_12:0.02
dt_13:0.02
dt_14:0.02
dt_15:0.02
dt_16:0.02
dt_17:0.02
dt_18:0.02
dt_19:0.02
dt_20:0.02
dt_21:0.02
dt_22:0.02
dt_23:0.02
dt_24:0.02
dt_25:0.02
dt_26:0.02
dt_27:0.02
dt_28:0.02
dt_29:0.02
dt_30:0.02
dt_31:0.02
dt_32:0.02
dt_33:0.02
dt_34:0.02
dt_35:0.02
dt_36:0.02
dt_37:0.02
dt_38:0.02
dt_39:0.02
dt_40:0.02
dt_41:0.02
dt_42:0.02
dt_43:0.02
dt_44:0.02
dt_45:0.02
dt_46:0.02
dt_47:0.02
dt_48:0.02
dt_49:0.02
dt_50:0.02
dt_51:0.02
dt_52:0.02
dt_53:0.02
dt_54:0.02
dt_55:0.02
dt_56:0.02
dt_57:0.02
dt_58:0.02
dt_59:0.02
dt_60:0.02
dt_61:0.02
dt_62:0.02
dt_63:0.02
dt_64:0.02
dt_65:0.02
dt_66:0.02
dt_67:0.02
dt_68:0.02
dt_69:0.02
dt_70:0.02
dt_71:0.02
dt_72:0.02
dt_73:0.02
dt_74:0.02
dt_75:0.02
dt_76:0.02
dt_77:0.02
dt_78:0.02
dt_79:0.02
dt_80:0.02
dt_81:0.02
dt_82:0.02
dt_83:0.02
dt_84:0.02
dt_85:0.02
dt_86:0.02
dt_87:0.02
dt_88:0.02
dt_89:0.02
dt_90:0.02
dt_91:0.02
dt_92:0.02
dt_93:0.02
dt_94:0.02
dt_95:0.02
dt_96:0.02
dt_97:0.02
dt_98:0.02
dt_99:0.02
[Control]
u_0:0.0522997919
u_1:0.1053757956
u_2:0.1917436164
u_3:0.3026790313
u_4:0.4296389377
u_5:0.5643684564
u_6:0.6452214736
u_7:0.6544453866
u_8:0.6706870237
u_9:0.682754163
u_10:0.6953649873
u_11:0.7048818097
u_12:0.7188548045
u_13:0.7150692774
u_14:0.7282515989
u_15:0.7228151948
u_16:0.7404145398
u_17:0.7312217489
u_18:0.7105965027
u_19:0.6758299168
u_20:0.6579597793
u_21:0.5961124419
u_22:0.5338154999
u_23:0.4713164151
u_24:0.4088887031
u_25:0.3901417548
u_26:0.3543508178
u_27:0.3353304097
u_28:0.3380885411
u_29:0.322081561
u_30:0.3268793191
u_31:0.3202009209
u_32:0.3161134261
u_33:0.3202027145
u_34:0.3340497562
u_35:0.3259767673
u_36:0.3282085508
u_37:0.3442581928
u_38:0.3423232303
u_39:0.4041316134
u_40:0.418911102
u_41:0.418561509
u_42:0.4120164382
u_43:0.3968234299
u_44:0.4095893411
u_45:0.3905005254
u_46:0.3947813968
u_47:0.3991351878
u_48:0.4019582443
u_49:0.3841340194
u_50:0.3872476396
u_51:0.3865911781
u_52:0.3931739904
u_53:0.3945563761
u_54:0.4096088947
u_55:0.4394062303
u_56:0.5335561039
u_57:0.5864771179
u_58:0.6511848809
u_59:0.6450127805
u_60:0.6516627695
u_61:0.658825494
u_62:0.6665927292
u_63:0.670488975
u_64:0.685837926
u_65:0.6710376369
u_66:0.6675881192
u_67:0.6767303428
u_68:0.6800993996
u_69:0.6803062292
u_70:0.6701272323
u_71:0.6901027621
u_72:0.6937974196
u_73:0.6792211925
u_74:0.7025422844
u_75:0.6872837226
u_76:0.6643031433
u_77:0.6721785631
u_78:0.6588103207
u_79:0.6323443909
u_80:0.5743512235
u_81:0.5018021878
u_82:0.468328866
u_83:0.4377143158
u_84:0.4328074079
u_85:0.4346991504
u_86:0.4187987007
u_87:0.4224393569
u_88:0.4088384638
u_89:0.3897913393
u_90:0.3817264055
u_91:0.3880449255
u_92:0.3913546488
u_93:0.4019759696
u_94:0.384227684
u_95:0.3890586792
u_96:0.3916410114
u_97:0.3737972313
u_98:0.3785915203
u_99:0.369405091
[Objective]
0.01180833598
