[Grid]
nodes:100
dt_0:0.02
dt_1:0.02
dt_2:0.02
dt_3:0.02
dt_4:0.02
dt_5:0.02
dt_6:0.02
dt_7:0.02
dt_8:0.02
dt_9:0.02
dt_10:0.02
dt_11:0.02
dt_12:0.02
dt_13:0.02
dt_14:0.02
dt_15:0.02
dt_16:0.02
dt_17:0.02
dt_18:0.02
dt_19:0.02
dt_20:0.02
dt_21:0.02
dt_22:0.02
dt_23:0.02
dt_24:0.02
dt_25:0.02
dt_26:0.02
dt_27:0.02
dt_28:0.02
dt_29:0.02
dt_30:0.02
dt_31:0.02
dt_32:0.02
dt_33:0.02
dt_34:0.02
dt_35:0.02
dt_36:0.02
dt_37:0.02
dt_38:0.02
dt_39:0.02
dt_40:0.02
dt_41:0.02
dt_42:0.02
dt_43:0.02
dt_44:0.02
dt_45:0.02
dt_46:0.02
dt_47:0.02
dt_48:0.02
dt_49:0.02
dt_50:0.02
dt_51:0.02
dt_52:0.02
dt_53:0.02
dt_54:0.02
dt_55:0.02
dt_56:0.02
dt_57:0.02
dt_58:0.02
dt_59:0.02
dt_60:0.02
dt_61:0.02
dt_62:0.02
dt_63:0.02
dt_64:0.02
dt_65:0.02
dt_66:0.02
dt_67:0.02
dt_68:0.02
dt_69:0.02
dt_70:0.02
dt_71:0.02
dt_72:0.02
dt_73:0.02
dt_74:0.02
dt_75:0.02
dt_76:0.02
dt_77:0.02
dt_78:0.02
dt_79:0.02
dt_80:0.02
dt_81:0.02
dt_82:0.02
dt_83:0.02
dt_84:0.02
dt_85:0.02
dt_86:0.02
dt_87:0.02
dt_88:0.02
dt_89:0.02
dt_90:0.02
dt_91:0.02
dt_92:0.02
dt_93:0.02
dt_94:0.02
dt_95:0.02
dt_96:0.02
dt_97:0.02
dt_98:0.02
dt_99:0.02
[Control]
u_0:0.04954369349
u_1:0.1014379541
u_2:0.1860506489
u_3:0.2944013412
u_4:0.4175672879
u_5:0.5467295949
u_6:0.6732240439
u_7:0.7886068876
u_8:0.8847474467
u_9:0.9539628396
u_10:0.9892164193
u_11:0.9904334184
u_12:0.9775997929
u_13:0.956644991
u_14:0.9283912187
u_15:0.8936342648
u_16:0.8531553788
u_17:0.8077286043
u_18:0.7581254851
u_19:0.7051183044
u_20:0.6494826601
u_21:0.5919999859
u_22:0.5334605519
u_23:0.474667494
u_24:0.4164425379
u_25:0.3596343058
u_26:0.3051304481
u_27:0.2538753925
u_28:0.2068963122
u_29:0.1653411103
u_30:0.1305339895
u_31:0.1040567972
u_32:0.08786830298
u_33:0.08447975579
u_34:0.09721543686
u_35:0.1306070512
u_36:0.2805399943
u_37:0.6986351456
u_38:0.6424439972
u_39:0.1930092741
u_40:0.1459274586
u_41:0.3806757709
u_42:0.67812014
u_43:0.8728256925
u_44:0.837316763
u_45:0.5895121382
u_46:0.2745965158
u_47:0.05546614423
u_48:0.0223151105
u_49:0.04652208077
u_50:0.08732850605
u_51:0.1419927939
u_52:0.2078856118
u_53:0.2824463076
u_54:0.3631550604
u_55:0.4475139405
u_56:0.5330332137
u_57:0.6172203179
u_58:0.6975694753
u_59:0.7715500964
u_60:0.8365920242
u_61:0.8900651888
u_62:0.9292502381
u_63:0.9512946398
u_64:0.9531439453
u_65:0.8980881025
u_66:0.6788079274
u_67:0.4061491767
u_68:0.2489744499
u_69:0.3947687992
u_70:0.8664901194
u_71:0.9788373347
u_72:0.9663239115
u_73:0.9422008343
u_74:0.9081816449
u_75:0.8657613283
u_76:0.8163023578
u_77:0.7610870006
u_78:0.7013521455
u_79:0.6383139283
u_80:0.5731868159
u_81:0.5072006638
u_82:0.4416187645
u_83:0.377759892
u_84:0.3170278184
u_85:0.2609527804
u_86:0.2112510686
u_87:0.1699115279
u_88:0.1393217246
u_89:0.122452524
u_90:0.1231290397
u_91:0.1464308495
u_92:0.1992915255
u_93:0.3805505744
u_94:0.8449939165
u_95:0.9350466946
u_96:0.8478787622
u_97:0.7219592798
u_98:0.6013873858
u_99:0.5278353589
[Objective]
0.01127681228
