[Grid]
nodes:100
dt_0:0.02
dt_1:0.02
dt_2:0.02
dt_3:0.02
dt_4:0.02
dt_5:0.02
dt_6:0.02
dt_7:0.02
dt_8:0.02
dt_9:0.02
dt_10:0.02
dt_11:0.02
dt_12:0.02
dt_13:0.02
dt_14:0.02
dt_15:0.02
dt_16:0.02
dt_17:0.02
dt_18:0.02
dt_19:0.02
dt_20:0.02
dt_21:0.02
dt_22:0.02
dt_23:0.02
dt_24:0.02
dt_25:0.02
dt_26:0.02
dt_27:0.02
dt_28:0.02
dt_29:0.02
dt_30:0.02
dt_31:0.02
dt_32:0.02
dt_33:0.02
dt_34:0.02
dt_35:0.02
dt_36:0.02
dt_37:0.02
dt_38:0.02
dt_39:0.02
dt_40:0.02
dt_41:0.02
dt_42:0.02
dt_43:0.02
dt_44:0.02
dt_45:0.02
dt_46:0.02
dt_47:0.02
dt_48:0.02
dt_49:0.02
dt_50:0.02
dt_51:0.02
dt_52:0.02
dt_53:0.02
dt_54:0.02
dt_55:0.02
dt_56:0.02
dt_57:0.02
dt_58:0.02
dt_59:0.02
dt_60:0.02
dt_61:0.02
dt_62:0.02
dt_63:0.02
dt_64:0.02
dt_65:0.02
dt_66:0.02
dt_67:0.02
dt_68:0.02
dt_69:0.02
dt_70:0.02
dt_71:0.02
dt_72:0.02
dt_73:0.02
dt_74:0.02
dt_75:0.02
dt_76:0.02
dt_77:0.02
dt_78:0.02
dt_79:0.02
dt_80:0.02
dt_81:0.02
dt_82:0.02
dt_83:0.02
dt_84:0.02
dt_85:0.02
dt_86:0.02
dt_87:0.02
dt_88:0.02
dt_89:0.02
dt_90:0.02
dt_91:0.02
dt_92:0.02
dt_93:0.02
dt_94:0.02
dt_95:0.02
dt_96:0.02
dt_97:0.02
dt_98:0.02
dt_99:0.02
[Control]
u_0:0.05211248096
u_1:0.105108021
u_2:0.1913561534
u_3:0.3021149649
u_4:0.4288147968
u_5:0.5631601543
u_6:0.6707793257
u_7:0.6717986045
u_8:0.6751488119
u_9:0.691579182
u_10:0.6941490228
u_11:0.6979502002
u_12:0.7041518761
u_13:0.7129851766
u_14:0.7170702307
u_15:0.725794518
u_16:0.7166674977
u_17:0.7057701963
u_18:0.6981448902
u_19:0.6951820706
u_20:0.658404596
u_21:0.5964220628
u_22:0.5340337306
u_23:0.4714750189
u_24:0.4090121521
u_25:0.3715413328
u_26:0.3678497529
u_27:0.344537645
u_28:0.3424621077
u_29:0.3192561725
u_30:0.3280170388
u_31:0.3256348048
u_32:0.3261563341
u_33:0.3284490913
u_34:0.3302512986
u_35:0.3438702024
u_36:0.3369901706
u_37:0.338753895
u_38:0.3431690671
u_39:0.3911859076
u_40:0.3968644079
u_41:0.4032372153
u_42:0.4120140803
u_43:0.4060408813
u_44:0.4032119375
u_45:0.3966646727
u_46:0.389862453
u_47:0.3935721581
u_48:0.3906317643
u_49:0.3858583985
u_50:0.383976489
u_51:0.3930920677
u_52:0.4017822371
u_53:0.4100032841
u_54:0.4188652886
u_55:0.4384575729
u_56:0.5327740139
u_57:0.595440634
u_58:0.6373122678
u_59:0.65930034
u_60:0.6573356537
u_61:0.6598827017
u_62:0.6667411467
u_63:0.6631314544
u_64:0.6772807632
u_65:0.6718579852
u_66:0.6778394336
u_67:0.6699102128
u_68:0.6784121567
u_69:0.6831789419
u_70:0.6780620083
u_71:0.6840620215
u_72:0.6788165638
u_73:0.6748962951
u_74:0.682520053
u_75:0.6787282111
u_76:0.688816666
u_77:0.6829912521
u_78:0.6719366731
u_79:0.6007886236
u_80:0.5750072291
u_81:0.5023611072
u_82:0.4601425372
u_83:0.4459173251
u_84:0.4304914859
u_85:0.4243876141
u_86:0.4242731599
u_87:0.4213402517
u_88:0.402711526
u_89:0.3950537813
u_90:0.3911673494
u_91:0.3878744598
u_92:0.3859250468
u_93:0.3834271083
u_94:0.3968621671
u_95:0.3853234401
u_96:0.3930492844
u_97:0.3870171801
u_98:0.389788578
u_99:0.3591329199
[Objective]
0.01181008954
