[Grid]
nodes:50
dt_0:0.04
dt_1:0.04
dt_2:0.04
dt_3:0.04
dt_4:0.04
dt_5:0.04
dt_6:0.04
dt_7:0.04
dt_8:0.04
dt_9:0.04
dt_10:0.04
dt_11:0.04
dt_12:0.04
dt_13:0.04
dt_14:0.04
dt_15:0.04
dt_16:0.04
dt_17:0.04
dt_18:0.04
dt_19:0.04
dt_20:0.04
dt_21:0.04
dt_22:0.04
dt_23:0.04
dt_24:0.04
dt_25:0.04
dt_26:0.04
dt_27:0.04
dt_28:0.04
dt_29:0.04
dt_30:0.04
dt_31:0.04
dt_32:0.04
dt_33:0.04
dt_34:0.04
dt_35:0.04
dt_36:0.04
dt_37:0.04
dt_38:0.04
dt_39:0.04
dt_40:0.04
dt_41:0.04
dt_42:0.04
dt_43:0.04
dt_44:0.04
dt_45:0.04
dt_46:0.04
dt_47:0.04
dt_48:0.04
dt_49:0.04
[Control]
u_0:0.3963228012
u_1:0.4477467983
u_2:0.4577134957
u_3:0.5252702452
u_4:0.5543250342
u_5:0.540469935
u_6:0.5788275334
u_7:0.546484441
u_8:0.5968163782
u_9:0.5257601614
u_10:0.4139728941
u_11:0.475859241
u_12:0.4831907511
u_13:0.5181482455
u_14:0.4836316875
u_15:0.4895007822
u_16:0.4852054111
u_17:0.4856769076
u_18:0.4309588417
u_19:0.4612462431
u_20:0.4907916206
u_21:0.4870188517
u_22:0.5207496386
u_23:0.4843735794
u_24:0.4529282622
u_25:0.3998011986
u_26:0.4355085001
u_27:0.4269466602
u_28:0.4297866926
u_29:0.4209576877
u_30:0.4072813895
u_31:0.2765487742
u_32:0.2547717589
u_33:0.2799878406
u_34:0.2688166112
u_35:0.2620278324
u_36:0.3263552031
u_37:0.3047700572
u_38:0.4000342448
u_39:0.4958973589
u_40:0.591356765
u_41:0.6852422338
u_42:0.7055905052
u_43:0.7052165939
u_44:0.7374916445
u_45:0.7320134862
u_46:0.7231967927
u_47:0.7572100295
u_48:0.7311979131
u_49:0.6153349075
[Objective]
0.00932704807
