[Grid]
nodes:50
dt_0:0.04
dt_1:0.04
dt_2:0.04
dt_3:0.04
dt_4:0.04
dt_5:0.04
dt_6:0.04
dt_7:0.04
dt_8:0.04
dt_9:0.04
dt_10:0.04
dt_11:0.04
dt_12:0.04
dt_13:0.04
dt_14:0.04
dt_15:0.04
dt_16:0.04
dt_17:0.04
dt_18:0.04
dt_19:0.04
dt_20:0.04
dt_21:0.04
dt_22:0.04
dt_23:0.04
dt_24:0.04
dt_25:0.04
dt_26:0.04
dt_27:0.04
dt_28:0.04
dt_29:0.04
dt_30:0.04
dt_31:0.04
dt_32:0.04
dt_33:0.04
dt_34:0.04
dt_35:0.04
dt_36:0.04
dt_37:0.04
dt_38:0.04
dt_39:0.04
dt_40:0.04
dt_41:0.04
dt_42:0.04
dt_43:0.04
dt_44:0.04
dt_45:0.04
dt_46:0.04
dt_47:0.04
dt_48:0.04
dt_49:0.04
[Control]
u_0:0.3759665546
u_1:0.5162886234
u_2:0.5259782476
u_3:0.5249158169
u_4:0.5270816634
u_5:0.5295161092
u_6:0.5355039887
u_7:0.5225123074
u_8:0.5261529822
u_9:0.4924484365
u_10:0.4774445851
u_11:0.4887826352
u_12:0.4888300977
u_13:0.4968652401
u_14:0.4984005209
u_15:0.4811455078
u_16:0.4778052398
u_17:0.4835995008
u_18:0.4800914658
u_19:0.4949744308
u_20:0.5021661221
u_21:0.4946999059
u_22:0.4941041621
u_23:0.4781894172
u_24:0.4307678344
u_25:0.4198173814
u_26:0.4209354892
u_27:0.4179293937
u_28:0.4221770381
u_29:0.4182872639
u_30:0.4173500072
u_31:0.2759076928
u_32:0.27609262
u_33:0.2718685999
u_34:0.2793647059
u_35:0.2747479941
u_36:0.282857684
u_37:0.3060650692
u_38:0.400516943
u_39:0.4957957046
u_40:0.590624364
u_41:0.6835375911
u_42:0.7294104236
u_43:0.7395045095
u_44:0.7347827647
u_45:0.7314848822
u_46:0.7300276516
u_47:0.7292730186
u_48:0.7298751982
u_49:0.6156372012
[Objective]
0.009338159723
