[Grid]
nodes:50
dt_0:0.04
dt_1:0.04
dt_2:0.04
dt_3:0.04
dt_4:0.04
dt_5:0.04
dt_6:0.04
dt_7:0.04
dt_8:0.04
dt_9:0.04
dt_10:0.04
dt_11:0.04
dt_12:0.04
dt_13:0.04
dt_14:0.04
dt_15:0.04
dt_16:0.04
dt_17:0.04
dt_18:0.04
dt_19:0.04
dt_20:0.04
dt_21:0.04
dt_22:0.04
dt_23:0.04
dt_24:0.04
dt_25:0.04
dt_26:0.04
dt_27:0.04
dt_28:0.04
dt_29:0.04
dt_30:0.04
dt_31:0.04
dt_32:0.04
dt_33:0.04
dt_34:0.04
dt_35:0.04
dt_36:0.04
dt_37:0.04
dt_38:0.04
dt_39:0.04
dt_40:0.04
dt_41:0.04
dt_42:0.04
dt_43:0.04
dt_44:0.04
dt_45:0.04
dt_46:0.04
dt_47:0.04
dt_48:0.04
dt_49:0.04
[Control]
u_0:0.3781689382
u_1:0.4617746683
u_2:0.5324524719
u_3:0.5190894664
u_4:0.5262761854
u_5:0.5531672358
u_6:0.5512151814
u_7:0.5468884258
u_8:0.5324594194
u_9:0.5257461973
u_10:0.4952518538
u_11:0.4734317243
u_12:0.4824425923
u_13:0.5003415101
u_14:0.4869022461
u_15:0.4673107564
u_16:0.4606313064
u_17:0.460787087
u_18:0.4513403365
u_19:0.4783132496
u_20:0.5055809695
u_21:0.491682789
u_22:0.5015935191
u_23:0.4911516191
u_24:0.4454742774
u_25:0.4204963432
u_26:0.4126113135
u_27:0.4155054086
u_28:0.4145262785
u_29:0.4223522691
u_30:0.4137507026
u_31:0.2917724233
u_32:0.2834811409
u_33:0.2900260915
u_34:0.2812841274
u_35:0.2647401109
u_36:0.2814551809
u_37:0.3148652233
u_38:0.4002896089
u_39:0.4958400914
u_40:0.5909598023
u_41:0.6843197123
u_42:0.7244847826
u_43:0.7113071149
u_44:0.7332456997
u_45:0.7398251404
u_46:0.7433586079
u_47:0.7377041682
u_48:0.6920680479
u_49:0.6163448221
[Objective]
0.009333090823
