[Grid]
nodes:50
dt_0:0.04
dt_1:0.04
dt_2:0.04
dt_3:0.04
dt_4:0.04
dt_5:0.04
dt_6:0.04
dt_7:0.04
dt_8:0.04
dt_9:0.04
dt_10:0.04
dt_11:0.04
dt_12:0.04
dt_13:0.04
dt_14:0.04
dt_15:0.04
dt_16:0.04
dt_17:0.04
dt_18:0.04
dt_19:0.04
dt_20:0.04
dt_21:0.04
dt_22:0.04
dt_23:0.04
dt_24:0.04
dt_25:0.04
dt_26:0.04
dt_27:0.04
dt_28:0.04
dt_29:0.04
dt_30:0.04
dt_31:0.04
dt_32:0.04
dt_33:0.04
dt_34:0.04
dt_35:0.04
dt_36:0.04
dt_37:0.04
dt_38:0.04
dt_39:0.04
dt_40:0.04
dt_41:0.04
dt_42:0.04
dt_43:0.04
dt_44:0.04
dt_45:0.04
dt_46:0.04
dt_47:0.04
dt_48:0.04
dt_49:0.04
[Control]
u_0:0.3756329669
u_1:0.5247138285
u_2:0.5244655761
u_3:0.5252526761
u_4:0.5264292412
u_5:0.5282317137
u_6:0.5284620996
u_7:0.5293095768
u_8:0.5309197516
u_9:0.4879181703
u_10:0.4885097798
u_11:0.4882055714
u_12:0.4876376009
u_13:0.4881719527
u_14:0.4868055859
u_15:0.4859574786
u_16:0.4824968084
u_17:0.4824067585
u_18:0.482245895
u_19:0.4846033103
u_20:0.4965074599
u_21:0.496963494
u_22:0.4967942642
u_23:0.4975136314
u_24:0.4227292899
u_25:0.4212065357
u_26:0.4205773499
u_27:0.4194778418
u_28:0.4195524527
u_29:0.4207779514
u_30:0.4213641967
u_31:0.2738031529
u_32:0.2749496348
u_33:0.2738557979
u_34:0.2742795701
u_35:0.2748794628
u_36:0.2776982505
u_37:0.3063413953
u_38:0.4006522722
u_39:0.4958531496
u_40:0.5906304217
u_41:0.6834947197
u_42:0.7334517309
u_43:0.7333159189
u_44:0.7339651096
u_45:0.7336446815
u_46:0.734298217
u_47:0.7339394916
u_48:0.7327348607
u_49:0.6154725363
[Objective]
0.009338557791
