[Grid]
nodes:50
dt_0:0.04
dt_1:0.04
dt_2:0.04
dt_3:0.04
dt_4:0.04
dt_5:0.04
dt_6:0.04
dt_7:0.04
dt_8:0.04
dt_9:0.04
dt_10:0.04
dt_11:0.04
dt_12:0.04
dt_13:0.04
dt_14:0.04
dt_15:0.04
dt_16:0.04
dt_17:0.04
dt_18:0.04
dt_19:0.04
dt_20:0.04
dt_21:0.04
dt_22:0.04
dt_23:0.04
dt_24:0.04
dt_25:0.04
dt_26:0.04
dt_27:0.04
dt_28:0.04
dt_29:0.04
dt_30:0.04
dt_31:0.04
dt_32:0.04
dt_33:0.04
dt_34:0.04
dt_35:0.04
dt_36:0.04
dt_37:0.04
dt_38:0.04
dt_39:0.04
dt_40:0.04
dt_41:0.04
dt_42:0.04
dt_43:0.04
dt_44:0.04
dt_45:0.04
dt_46:0.04
dt_47:0.04
dt_48:0.04
dt_49:0.04
[Control]
u_0:0.3826460851
u_1:0.2832829784
u_2:0.4820617299
u_3:0.7819976566
u_4:0.6006938603
u_5:0.6543971531
u_6:0.6326068701
u_7:0.5749657378
u_8:0.5619786373
u_9:0.3439924512
u_10:0.3903662133
u_11:0.4534892841
u_12:0.5737314801
u_13:0.6166385767
u_14:0.5521696155
u_15:0.381920147
u_16:0.4755540888
u_17:0.3815935904
u_18:0.3562532164
u_19:0.4233169619
u_20:0.5317392849
u_21:0.6220021982
u_22:0.6448689345
u_23:0.5756358064
u_24:0.4644636131
u_25:0.3696633645
u_26:0.3384178511
u_27:0.3916016877
u_28:0.4716947867
u_29:0.5060868503
u_30:0.3900314857
u_31:0.3134244009
u_32:0.2879606472
u_33:0.2270204769
u_34:0.08033447264
u_35:0.1503938532
u_36:0.2287158141
u_37:0.3139106132
u_38:0.4039279741
u_39:0.4963533877
u_40:0.5885853702
u_41:0.6779555709
u_42:0.7618333823
u_43:0.8377585947
u_44:0.9036756812
u_45:0.7501459747
u_46:0.6785560301
u_47:0.7401760681
u_48:0.8298316511
u_49:0.6128559099
[Objective]
0.009242879998
