[Grid]
nodes:50
dt_0:0.04
dt_1:0.04
dt_2:0.04
dt_3:0.04
dt_4:0.04
dt_5:0.04
dt_6:0.04
dt_7:0.04
dt_8:0.04
dt_9:0.04
dt_10:0.04
dt_11:0.04
dt_12:0.04
dt_13:0.04
dt_14:0.04
dt_15:0.04
dt_16:0.04
dt_17:0.04
dt_18:0.04
dt_19:0.04
dt_20:0.04
dt_21:0.04
dt_22:0.04
dt_23:0.04
dt_24:0.04
dt_25:0.04
dt_26:0.04
dt_27:0.04
dt_28:0.04
dt_29:0.04
dt_30:0.04
dt_31:0.04
dt_32:0.04
dt_33:0.04
dt_34:0.04
dt_35:0.04
dt_36:0.04
dt_37:0.04
dt_38:0.04
dt_39:0.04
dt_40:0.04
dt_41:0.04
dt_42:0.04
dt_43:0.04
dt_44:0.04
dt_45:0.04
dt_46:0.04
dt_47:0.04
dt_48:0.04
dt_49:0.04
[Control]
u_0:0.2972817452
u_1:0.4215931753
u_2:0.528705639
u_3:0.5282957893
u_4:0.5526958415
u_5:0.5937021343
u_6:0.6009954518
u_7:0.5895161023
u_8:0.5548165905
u_9:0.4982058579
u_10:0.4848496732
u_11:0.4537543424
u_12:0.4836270785
u_13:0.5247804077
u_14:0.4700693107
u_15:0.4806784409
u_16:0.4538397167
u_17:0.4619545106
u_18:0.4685286821
u_19:0.4767551093
u_20:0.4943195515
u_21:0.5026255865
u_22:0.4827132757
u_23:0.527862013
u_24:0.4975786544
u_25:0.4383244063
u_26:0.4208229802
u_27:0.4044935837
u_28:0.4409924493
u_29:0.4361459601
u_30:0.3615291422
u_31:0.2686970411
u_32:0.2682614909
u_33:0.2320429977
u_34:0.2668668946
u_35:0.2536800969
u_36:0.2879654426
u_37:0.3069584452
u_38:0.4010176691
u_39:0.4961339192
u_40:0.590955955
u_41:0.6840188752
u_42:0.7009332507
u_43:0.7528500323
u_44:0.7639254348
u_45:0.752039709
u_46:0.7191610551
u_47:0.7204084275
u_48:0.7478684637
u_49:0.6152537466
[Objective]
0.009316119212
