[Grid]
nodes:50
dt_0:0.04
dt_1:0.04
dt_2:0.04
dt_3:0.04
dt_4:0.04
dt_5:0.04
dt_6:0.04
dt_7:0.04
dt_8:0.04
dt_9:0.04
dt_10:0.04
dt_11:0.04
dt_12:0.04
dt_13:0.04
dt_14:0.04
dt_15:0.04
dt_16:0.04
dt_17:0.04
dt_18:0.04
dt_19:0.04
dt_20:0.04
dt_21:0.04
dt_22:0.04
dt_23:0.04
dt_24:0.04
dt_25:0.04
dt_26:0.04
dt_27:0.04
dt_28:0.04
dt_29:0.04
dt_30:0.04
dt_31:0.04
dt_32:0.04
dt_33:0.04
dt_34:0.04
dt_35:0.04
dt_36:0.04
dt_37:0.04
dt_38:0.04
dt_39:0.04
dt_40:0.04
dt_41:0.04
dt_42:0.04
dt_43:0.04
dt_44:0.04
dt_45:0.04
dt_46:0.04
dt_47:0.04
dt_48:0.04
dt_49:0.04
[Control]
u_0:0.3776601877
u_1:0.478013785
u_2:0.5149032561
u_3:0.5315737152
u_4:0.5383472163
u_5:0.5490041603
u_6:0.5463903654
u_7:0.5344471919
u_8:0.5286928272
u_9:0.5087391405
u_10:0.4908306657
u_11:0.4853072421
u_12:0.4998178536
u_13:0.494181285
u_14:0.4841517454
u_15:0.4629396762
u_16:0.4631841583
u_17:0.460525648
u_18:0.4612445534
u_19:0.4824348931
u_20:0.4943941217
u_21:0.5014824177
u_22:0.5046253659
u_23:0.488831816
u_24:0.4367035375
u_25:0.4179975135
u_26:0.4135364329
u_27:0.4068521836
u_28:0.4235597003
u_29:0.4318068487
u_30:0.4142149725
u_31:0.295350367
u_32:0.2776133698
u_33:0.2735237608
u_34:0.2746625354
u_35:0.2785785395
u_36:0.295172251
u_37:0.3054663213
u_38:0.4002655647
u_39:0.4957742683
u_40:0.5908230818
u_41:0.6840502689
u_42:0.7139991583
u_43:0.7389079859
u_44:0.7453199921
u_45:0.7368487102
u_46:0.7311723265
u_47:0.7159334703
u_48:0.7066979931
u_49:0.6163295214
[Objective]
0.00933457747
