[Grid]
nodes:50
dt_0:0.04
dt_1:0.04
dt_2:0.04
dt_3:0.04
dt_4:0.04
dt_5:0.04
dt_6:0.04
dt_7:0.04
dt_8:0.04
dt_9:0.04
dt_10:0.04
dt_11:0.04
dt_12:0.04
dt_13:0.04
dt_14:0.04
dt_15:0.04
dt_16:0.04
dt_17:0.04
dt_18:0.04
dt_19:0.04
dt_20:0.04
dt_21:0.04
dt_22:0.04
dt_23:0.04
dt_24:0.04
dt_25:0.04
dt_26:0.04
dt_27:0.04
dt_28:0.04
dt_29:0.04
dt_30:0.04
dt_31:0.04
dt_32:0.04
dt_33:0.04
dt_34:0.04
dt_35:0.04
dt_36:0.04
dt_37:0.04
dt_38:0.04
dt_39:0.04
dt_40:0.04
dt_41:0.04
dt_42:0.04
dt_43:0.04
dt_44:0.04
dt_45:0.04
dt_46:0.04
dt_47:0.04
dt_48:0.04
dt_49:0.04
[Control]
u_0:0.3797832962
u_1:0.4526162618
u_2:0.4729893499
u_3:0.5211301835
u_4:0.553391663
u_5:0.5533995068
u_6:0.552610109
u_7:0.5790079295
u_8:0.558982378
u_9:0.521874529
u_10:0.4637734976
u_11:0.4677143858
u_12:0.4743211853
u_13:0.4947445013
u_14:0.5043868993
u_15:0.5037550851
u_16:0.462328978
u_17:0.4540666008
u_18:0.4463662101
u_19:0.4640765709
u_20:0.49915228
u_21:0.506406623
u_22:0.5034317981
u_23:0.4810236972
u_24:0.439120305
u_25:0.4411275706
u_26:0.4321692891
u_27:0.4275146772
u_28:0.4209845453
u_29:0.4046659496
u_30:0.3985477565
u_31:0.3016671755
u_32:0.2683485333
u_33:0.2618961808
u_34:0.2624963886
u_35:0.2764859403
u_36:0.2972725945
u_37:0.3224987369
u_38:0.3998541768
u_39:0.4958219875
u_40:0.5913494965
u_41:0.6853004217
u_42:0.6979155173
u_43:0.7148292423
u_44:0.7338738244
u_45:0.743606244
u_46:0.7317014313
u_47:0.7339294094
u_48:0.7277063504
u_49:0.6156195292
[Objective]
0.009329027388
