[Grid]
nodes:50
dt_0:0.04
dt_1:0.04
dt_2:0.04
dt_3:0.04
dt_4:0.04
dt_5:0.04
dt_6:0.04
dt_7:0.04
dt_8:0.04
dt_9:0.04
dt_10:0.04
dt_11:0.04
dt_12:0.04
dt_13:0.04
dt_14:0.04
dt_15:0.04
dt_16:0.04
dt_17:0.04
dt_18:0.04
dt_19:0.04
dt_20:0.04
dt_21:0.04
dt_22:0.04
dt_23:0.04
dt_24:0.04
dt_25:0.04
dt_26:0.04
dt_27:0.04
dt_28:0.04
dt_29:0.04
dt_30:0.04
dt_31:0.04
dt_32:0.04
dt_33:0.04
dt_34:0.04
dt_35:0.04
dt_36:0.04
dt_37:0.04
dt_38:0.04
dt_39:0.04
dt_40:0.04
dt_41:0.04
dt_42:0.04
dt_43:0.04
dt_44:0.04
dt_45:0.04
dt_46:0.04
dt_47:0.04
dt_48:0.04
dt_49:0.04
[Control]
u_0:0.3766478317
u_1:0.4990966814
u_2:0.52771363
u_3:0.5207854654
u_4:0.5335709905
u_5:0.5384697898
u_6:0.536405192
u_7:0.540281986
u_8:0.5170532143
u_9:0.4941268315
u_10:0.4833754607
u_11:0.4975861717
u_12:0.4928787531
u_13:0.4955917907
u_14:0.4886261214
u_15:0.4787871565
u_16:0.468481605
u_17:0.4656579618
u_18:0.476032105
u_19:0.4880122129
u_20:0.4831129309
u_21:0.4960842361
u_22:0.498043589
u_23:0.4922602557
u_24:0.4283845287
u_25:0.4073904125
u_26:0.414901494
u_27:0.4281949123
u_28:0.4273032998
u_29:0.4179779549
u_30:0.4215471031
u_31:0.2768031302
u_32:0.2724975961
u_33:0.2830257823
u_34:0.2855005215
u_35:0.2785026099
u_36:0.2915370018
u_37:0.3054549844
u_38:0.4002403941
u_39:0.4957241136
u_40:0.5907248813
u_41:0.6838575901
u_42:0.723569625
u_43:0.7349108051
u_44:0.7374002927
u_45:0.7319019057
u_46:0.7257274216
u_47:0.7301960387
u_48:0.7119273036
u_49:0.6160908862
[Objective]
0.00933643113
