[Grid]
nodes:50
dt_0:0.04
dt_1:0.04
dt_2:0.04
dt_3:0.04
dt_4:0.04
dt_5:0.04
dt_6:0.04
dt_7:0.04
dt_8:0.04
dt_9:0.04
dt_10:0.04
dt_11:0.04
dt_12:0.04
dt_13:0.04
dt_14:0.04
dt_15:0.04
dt_16:0.04
dt_17:0.04
dt_18:0.04
dt_19:0.04
dt_20:0.04
dt_21:0.04
dt_22:0.04
dt_23:0.04
dt_24:0.04
dt_25:0.04
dt_26:0.04
dt_27:0.04
dt_28:0.04
dt_29:0.04
dt_30:0.04
dt_31:0.04
dt_32:0.04
dt_33:0.04
dt_34:0.04
dt_35:0.04
dt_36:0.04
dt_37:0.04
dt_38:0.04
dt_39:0.04
dt_40:0.04
dt_41:0.04
dt_42:0.04
dt_43:0.04
dt_44:0.04
dt_45:0.04
dt_46:0.04
dt_47:0.04
dt_48:0.04
dt_49:0.04
[Control]
u_0:0.3118558553
u_1:0.4330594211
u_2:0.5024092671
u_3:0.5390479298
u_4:0.5443163575
u_5:0.5951493409
u_6:0.5702898754
u_7:0.602716792
u_8:0.5658966436
u_9:0.507517716
u_10:0.4585312281
u_11:0.4596778773
u_12:0.4890969177
u_13:0.5124154553
u_14:0.4972710842
u_15:0.4556195278
u_16:0.4732057351
u_17:0.4616478202
u_18:0.4832688092
u_19:0.463224076
u_20:0.4977553239
u_21:0.4721837932
u_22:0.5123145896
u_23:0.5091985943
u_24:0.4943131766
u_25:0.4260760029
u_26:0.4091176045
u_27:0.4228743007
u_28:0.445676386
u_29:0.4373280083
u_30:0.3620189284
u_31:0.2525818995
u_32:0.2765973047
u_33:0.2451941771
u_34:0.2545719502
u_35:0.2789336274
u_36:0.2889938271
u_37:0.3063863639
u_38:0.4007578445
u_39:0.4960660288
u_40:0.5910487767
u_41:0.6843155093
u_42:0.699390916
u_43:0.7592335761
u_44:0.7293284657
u_45:0.7385497201
u_46:0.7529147528
u_47:0.730989083
u_48:0.7297407591
u_49:0.6154267861
[Objective]
0.009318654891
