[Grid]
nodes:50
dt_0:0.04
dt_1:0.04
dt_2:0.04
dt_3:0.04
dt_4:0.04
dt_5:0.04
dt_6:0.04
dt_7:0.04
dt_8:0.04
dt_9:0.04
dt_10:0.04
dt_11:0.04
dt_12:0.04
dt_13:0.04
dt_14:0.04
dt_15:0.04
dt_16:0.04
dt_17:0.04
dt_18:0.04
dt_19:0.04
dt_20:0.04
dt_21:0.04
dt_22:0.04
dt_23:0.04
dt_24:0.04
dt_25:0.04
dt_26:0.04
dt_27:0.04
dt_28:0.04
dt_29:0.04
dt_30:0.04
dt_31:0.04
dt_32:0.04
dt_33:0.04
dt_34:0.04
dt_35:0.04
dt_36:0.04
dt_37:0.04
dt_38:0.04
dt_39:0.04
dt_40:0.04
dt_41:0.04
dt_42:0.04
dt_43:0.04
dt_44:0.04
dt_45:0.04
dt_46:0.04
dt_47:0.04
dt_48:0.04
dt_49:0.04
[Control]
u_0:0.3767109094
u_1:0.4991275735
u_2:0.5217992189
u_3:0.5239675571
u_4:0.542846875
u_5:0.5313912817
u_6:0.5399648843
u_7:0.5335256448
u_8:0.5074188439
u_9:0.5082333917
u_10:0.4863570206
u_11:0.4918553355
u_12:0.4936435949
u_13:0.5020155866
u_14:0.4901352631
u_15:0.4726634779
u_16:0.4642185763
u_17:0.469281007
u_18:0.4663337125
u_19:0.4891228763
u_20:0.4899729185
u_21:0.5018931495
u_22:0.4955309525
u_23:0.4864714131
u_24:0.4301824582
u_25:0.4083454657
u_26:0.4078489804
u_27:0.4293940902
u_28:0.4316190986
u_29:0.422950756
u_30:0.4155025712
u_31:0.2734634287
u_32:0.2832618286
u_33:0.2808906302
u_34:0.2795804064
u_35:0.2827438897
u_36:0.2920477801
u_37:0.3053834541
u_38:0.4001929031
u_39:0.4956787035
u_40:0.5906605071
u_41:0.6837438984
u_42:0.7252017859
u_43:0.7373256666
u_44:0.7363493793
u_45:0.7339526812
u_46:0.7226395674
u_47:0.7271247873
u_48:0.7090192476
u_49:0.6162141606
[Objective]
0.00933610803
