[Grid]
nodes:50
dt_0:0.04
dt_1:0.04
dt_2:0.04
dt_3:0.04
dt_4:0.04
dt_5:0.04
dt_6:0.04
dt_7:0.04
dt_8:0.04
dt_9:0.04
dt_10:0.04
dt_11:0.04
dt_12:0.04
dt_13:0.04
dt_14:0.04
dt_15:0.04
dt_16:0.04
dt_17:0.04
dt_18:0.04
dt_19:0.04
dt_20:0.04
dt_21:0.04
dt_22:0.04
dt_23:0.04
dt_24:0.04
dt_25:0.04
dt_26:0.04
dt_27:0.04
dt_28:0.04
dt_29:0.04
dt_30:0.04
dt_31:0.04
dt_32:0.04
dt_33:0.04
dt_34:0.04
dt_35:0.04
dt_36:0.04
dt_37:0.04
dt_38:0.04
dt_39:0.04
dt_40:0.04
dt_41:0.04
dt_42:0.04
dt_43:0.04
dt_44:0.04
dt_45:0.04
dt_46:0.04
dt_47:0.04
dt_48:0.04
dt_49:0.04
[Control]
u_0:0.3759887711
u_1:0.5149707955
u_2:0.5256244307
u_3:0.5265985396
u_4:0.5296438655
u_5:0.5300356027
u_6:0.5319778059
u_7:0.5285562715
u_8:0.5261005752
u_9:0.4908082657
u_10:0.4872013711
u_11:0.486919649
u_12:0.4859940438
u_13:0.4893585233
u_14:0.4917965286
u_15:0.4892806852
u_16:0.4847111368
u_17:0.480647899
u_18:0.4793239337
u_19:0.4825991242
u_20:0.4930814945
u_21:0.4964756504
u_22:0.4976219976
u_23:0.4972135157
u_24:0.4236419344
u_25:0.4202701554
u_26:0.4221784369
u_27:0.4218843526
u_28:0.4199985273
u_29:0.4178059152
u_30:0.4197715045
u_31:0.2749580455
u_32:0.2735301721
u_33:0.2751536773
u_34:0.2757562495
u_35:0.2745603494
u_36:0.279090061
u_37:0.3062713859
u_38:0.4006254869
u_39:0.4958573726
u_40:0.5906677125
u_41:0.6835825557
u_42:0.7306476934
u_43:0.7325049105
u_44:0.7377175672
u_45:0.7343420406
u_46:0.7349397195
u_47:0.7307621928
u_48:0.7307829955
u_49:0.6155486138
[Objective]
0.009338441805
