[Grid]
nodes:50
dt_0:0.04
dt_1:0.04
dt_2:0.04
dt_3:0.04
dt_4:0.04
dt_5:0.04
dt_6:0.04
dt_7:0.04
dt_8:0.04
dt_9:0.04
dt_10:0.04
dt_11:0.04
dt_12:0.04
dt_13:0.04
dt_14:0.04
dt_15:0.04
dt_16:0.04
dt_17:0.04
dt_18:0.04
dt_19:0.04
dt_20:0.04
dt_21:0.04
dt_22:0.04
dt_23:0.04
dt_24:0.04
dt_25:0.04
dt_26:0.04
dt_27:0.04
dt_28:0.04
dt_29:0.04
dt_30:0.04
dt_31:0.04
dt_32:0.04
dt_33:0.04
dt_34:0.04
dt_35:0.04
dt_36:0.04
dt_37:0.04
dt_38:0.04
dt_39:0.04
dt_40:0.04
dt_41:0.04
dt_42:0.04
dt_43:0.04
dt_44:0.04
dt_45:0.04
dt_46:0.04
dt_47:0.04
dt_48:0.04
dt_49:0.04
[Control]
u_0:0.3800050709
u_1:0.4484640759
u_2:0.4730720906
u_3:0.5211720263
u_4:0.5436136546
u_5:0.5554757562
u_6:0.5703767309
u_7:0.5630920664
u_8:0.5737721086
u_9:0.5219678765
u_10:0.4566846698
u_11:0.4667806024
u_12:0.4727838681
u_13:0.5111418108
u_14:0.4850015012
u_15:0.4910301005
u_16:0.491743488
u_17:0.4573875836
u_18:0.4376049953
u_19:0.480404901
u_20:0.4771006792
u_21:0.5019740153
u_22:0.507627229
u_23:0.4849311933
u_24:0.4476809282
u_25:0.4421621949
u_26:0.4134684726
u_27:0.4377331869
u_28:0.4127256289
u_29:0.4142815509
u_30:0.4051856787
u_31:0.2923362001
u_32:0.254893277
u_33:0.2596428121
u_34:0.2687045548
u_35:0.2832346391
u_36:0.2964534247
u_37:0.3245668955
u_38:0.3997182555
u_39:0.4957903749
u_40:0.5914072912
u_41:0.6854749573
u_42:0.6914110732
u_43:0.7192195528
u_44:0.7296167842
u_45:0.7515000274
u_46:0.7222977852
u_47:0.740315944
u_48:0.7316603695
u_49:0.6154849948
[Objective]
0.009328086211
