[Grid]
nodes:50
dt_0:0.04
dt_1:0.04
dt_2:0.04
dt_3:0.04
dt_4:0.04
dt_5:0.04
dt_6:0.04
dt_7:0.04
dt_8:0.04
dt_9:0.04
dt_10:0.04
dt_11:0.04
dt_12:0.04
dt_13:0.04
dt_14:0.04
dt_15:0.04
dt_16:0.04
dt_17:0.04
dt_18:0.04
dt_19:0.04
dt_20:0.04
dt_21:0.04
dt_22:0.04
dt_23:0.04
dt_24:0.04
dt_25:0.04
dt_26:0.04
dt_27:0.04
dt_28:0.04
dt_29:0.04
dt_30:0.04
dt_31:0.04
dt_32:0.04
dt_33:0.04
dt_34:0.04
dt_35:0.04
dt_36:0.04
dt_37:0.04
dt_38:0.04
dt_39:0.04
dt_40:0.04
dt_41:0.04
dt_42:0.04
dt_43:0.04
dt_44:0.04
dt_45:0.04
dt_46:0.04
dt_47:0.04
dt_48:0.04
dt_49:0.04
[Control]
u_0:0.2477521726
u_1:0.4143640308
u_2:0.4880829344
u_3:0.6565179431
u_4:0.6815475866
u_5:0.5832945288
u_6:0.5668305305
u_7:0.5795993759
u_8:0.5577353106
u_9:0.4747268311
u_10:0.4385163667
u_11:0.4644336427
u_12:0.5153318689
u_13:0.5458325345
u_14:0.4844565226
u_15:0.5234059491
u_16:0.3903440531
u_17:0.3911225307
u_18:0.4277120352
u_19:0.4778590478
u_20:0.5362771713
u_21:0.5569304082
u_22:0.5756058406
u_23:0.522332484
u_24:0.460786479
u_25:0.4356151527
u_26:0.4089861703
u_27:0.4472441956
u_28:0.4201110334
u_29:0.4197490644
u_30:0.3400822519
u_31:0.3691841882
u_32:0.2409272708
u_33:0.2184506735
u_34:0.2101334791
u_35:0.2005749248
u_36:0.2238894718
u_37:0.3115504314
u_38:0.4029375202
u_39:0.4962756102
u_40:0.5893844961
u_41:0.6800006571
u_42:0.7660758419
u_43:0.7864551193
u_44:0.7716908316
u_45:0.8141693678
u_46:0.7462859834
u_47:0.7465523461
u_48:0.6963750968
u_49:0.6155835546
[Objective]
0.009292574259
