[Grid]
nodes:50
dt_0:0.04
dt_1:0.04
dt_2:0.04
dt_3:0.04
dt_4:0.04
dt_5:0.04
dt_6:0.04
dt_7:0.04
dt_8:0.04
dt_9:0.04
dt_10:0.04
dt_11:0.04
dt_12:0.04
dt_13:0.04
dt_14:0.04
dt_15:0.04
dt_16:0.04
dt_17:0.04
dt_18:0.04
dt_19:0.04
dt_20:0.04
dt_21:0.04
dt_22:0.04
dt_23:0.04
dt_24:0.04
dt_25:0.04
dt_26:0.04
dt_27:0.04
dt_28:0.04
dt_29:0.04
dt_30:0.04
dt_31:0.04
dt_32:0.04
dt_33:0.04
dt_34:0.04
dt_35:0.04
dt_36:0.04
dt_37:0.04
dt_38:0.04
dt_39:0.04
dt_40:0.04
dt_41:0.04
dt_42:0.04
dt_43:0.04
dt_44:0.04
dt_45:0.04
dt_46:0.04
dt_47:0.04
dt_48:0.04
dt_49:0.04
[Control]
u_0:0.3760426332
u_1:0.5151282589
u_2:0.5234652761
u_3:0.5237648467
u_4:0.531203227
u_5:0.5356041102
u_6:0.5333941522
u_7:0.5281823365
u_8:0.5161128909
u_9:0.4937636045
u_10:0.4867262606
u_11:0.4889941717
u_12:0.489791042
u_13:0.4901499054
u_14:0.490298434
u_15:0.4881682863
u_16:0.4768762063
u_17:0.4786535468
u_18:0.4818050637
u_19:0.4894952765
u_20:0.4997052148
u_21:0.4951170257
u_22:0.4942185857
u_23:0.4895615467
u_24:0.4267757105
u_25:0.416874656
u_26:0.4218516386
u_27:0.4199368692
u_28:0.4206722272
u_29:0.4188017825
u_30:0.4211186801
u_31:0.2782812605
u_32:0.2776088747
u_33:0.2736892049
u_34:0.2750389668
u_35:0.2764937178
u_36:0.2777065475
u_37:0.3062885123
u_38:0.4006475533
u_39:0.4958945854
u_40:0.5907372493
u_41:0.6837169617
u_42:0.7285373648
u_43:0.7327345387
u_44:0.7341502965
u_45:0.734854136
u_46:0.7331564316
u_47:0.7346160616
u_48:0.7277108005
u_49:0.6155917211
[Objective]
0.009338309137
