[Grid]
nodes:50
dt_0:0.04
dt_1:0.04
dt_2:0.04
dt_3:0.04
dt_4:0.04
dt_5:0.04
dt_6:0.04
dt_7:0.04
dt_8:0.04
dt_9:0.04
dt_10:0.04
dt_11:0.04
dt_12:0.04
dt_13:0.04
dt_14:0.04
dt_15:0.04
dt_16:0.04
dt_17:0.04
dt_18:0.04
dt_19:0.04
dt_20:0.04
dt_21:0.04
dt_22:0.04
dt_23:0.04
dt_24:0.04
dt_25:0.04
dt_26:0.04
dt_27:0.04
dt_28:0.04
dt_29:0.04
dt_30:0.04
dt_31:0.04
dt_32:0.04
dt_33:0.04
dt_34:0.04
dt_35:0.04
dt_36:0.04
dt_37:0.04
dt_38:0.04
dt_39:0.04
dt_40:0.04
dt_41:0.04
dt_42:0.04
dt_43:0.04
dt_44:0.04
dt_45:0.04
dt_46:0.04
dt_47:0.04
dt_48:0.04
dt_49:0.04
[Control]
u_0:0.2387660577
u_1:0.4224280417
u_2:0.5022545533
u_3:0.6505092305
u_4:0.6216093947
u_5:0.5990090543
u_6:0.5905509727
u_7:0.5457084539
u_8:0.5575798266
u_9:0.4823385326
u_10:0.4807110719
u_11:0.4781814525
u_12:0.4923605795
u_13:0.5131746101
u_14:0.5080433661
u_15:0.4976996192
u_16:0.4242768051
u_17:0.4047983028
u_18:0.4128232306
u_19:0.4877166089
u_20:0.5505666703
u_21:0.5340894545
u_22:0.5445776619
u_23:0.5144132283
u_24:0.4478369918
u_25:0.459821586
u_26:0.442040834
u_27:0.4094383492
u_28:0.4242820063
u_29:0.4054187312
u_30:0.3916848168
u_31:0.3181230933
u_32:0.2465548499
u_33:0.2044037315
u_34:0.217335765
u_35:0.2556520829
u_36:0.2215928688
u_37:0.3104199322
u_38:0.4024450072
u_39:0.4961937552
u_40:0.5896758326
u_41:0.6808002386
u_42:0.7677590068
u_43:0.7301941321
u_44:0.8115399847
u_45:0.7900620661
u_46:0.7793348556
u_47:0.7132474091
u_48:0.6883381379
u_49:0.6160539519
[Objective]
0.009299343301
