[Grid]
nodes:50
dt_0:0.04
dt_1:0.04
dt_2:0.04
dt_3:0.04
dt_4:0.04
dt_5:0.04
dt_6:0.04
dt_7:0.04
dt_8:0.04
dt_9:0.04
dt_10:0.04
dt_11:0.04
dt_12:0.04
dt_13:0.04
dt_14:0.04
dt_15:0.04
dt_16:0.04
dt_17:0.04
dt_18:0.04
dt_19:0.04
dt_20:0.04
dt_21:0.04
dt_22:0.04
dt_23:0.04
dt_24:0.04
dt_25:0.04
dt_26:0.04
dt_27:0.04
dt_28:0.04
dt_29:0.04
dt_30:0.04
dt_31:0.04
dt_32:0.04
dt_33:0.04
dt_34:0.04
dt_35:0.04
dt_36:0.04
dt_37:0.04
dt_38:0.04
dt_39:0.04
dt_40:0.04
dt_41:0.04
dt_42:0.04
dt_43:0.04
dt_44:0.04
dt_45:0.04
dt_46:0.04
dt_47:0.04
dt_48:0.04
dt_49:0.04
[Control]
u_0:0.259213859
u_1:0.4184483282
u_2:0.5240194034
u_3:0.5608646914
u_4:0.6047415047
u_5:0.6051985282
u_6:0.5935719709
u_7:0.6026838931
u_8:0.5023260076
u_9:0.5050937613
u_10:0.4855749139
u_11:0.490882564
u_12:0.508110194
u_13:0.4927408865
u_14:0.4692456229
u_15:0.4798867229
u_16:0.4926466687
u_17:0.4162377783
u_18:0.4071524407
u_19:0.4975020875
u_20:0.5163518806
u_21:0.5346297509
u_22:0.5243894347
u_23:0.5057438047
u_24:0.4834024026
u_25:0.4614994183
u_26:0.4100920657
u_27:0.4146849384
u_28:0.424018734
u_29:0.3887644508
u_30:0.4173494231
u_31:0.2925845219
u_32:0.239436344
u_33:0.2381006551
u_34:0.2384230259
u_35:0.2237098383
u_36:0.2740333483
u_37:0.3085676836
u_38:0.4016945318
u_39:0.4961928227
u_40:0.590423965
u_41:0.6826484993
u_42:0.7153108888
u_43:0.762120582
u_44:0.7955641325
u_45:0.7611774226
u_46:0.7642606724
u_47:0.7170054016
u_48:0.7087158698
u_49:0.6157761237
[Objective]
0.009307840096
