[Grid]
nodes:50
dt_0:0.04
dt_1:0.04
dt_2:0.04
dt_3:0.04
dt_4:0.04
dt_5:0.04
dt_6:0.04
dt_7:0.04
dt_8:0.04
dt_9:0.04
dt_10:0.04
dt_11:0.04
dt_12:0.04
dt_13:0.04
dt_14:0.04
dt_15:0.04
dt_16:0.04
dt_17:0.04
dt_18:0.04
dt_19:0.04
dt_20:0.04
dt_21:0.04
dt_22:0.04
dt_23:0.04
dt_24:0.04
dt_25:0.04
dt_26:0.04
dt_27:0.04
dt_28:0.04
dt_29:0.04
dt_30:0.04
dt_31:0.04
dt_32:0.04
dt_33:0.04
dt_34:0.04
dt_35:0.04
dt_36:0.04
dt_37:0.04
dt_38:0.04
dt_39:0.04
dt_40:0.04
dt_41:0.04
dt_42:0.04
dt_43:0.04
dt_44:0.04
dt_45:0.04
dt_46:0.04
dt_47:0.04
dt_48:0.04
dt_49:0.04
[Control]
u_0:0.3756604621
u_1:0.5240624119
u_2:0.5245399784
u_3:0.5262603269
u_4:0.5242927966
u_5:0.5278862133
u_6:0.5297286092
u_7:0.5305774938
u_8:0.5293643757
u_9:0.489599693
u_10:0.4885950575
u_11:0.4884363356
u_12:0.4875869334
u_13:0.4876118193
u_14:0.4867435914
u_15:0.48604628
u_16:0.4823546218
u_17:0.482085145
u_18:0.4841211344
u_19:0.4827609703
u_20:0.4965089414
u_21:0.4963790031
u_22:0.4971207553
u_23:0.4971462195
u_24:0.4202717716
u_25:0.4211730318
u_26:0.4206967027
u_27:0.4197012029
u_28:0.4199356987
u_29:0.4218172962
u_30:0.4219128234
u_31:0.275749279
u_32:0.2745450416
u_33:0.2732644368
u_34:0.2744903002
u_35:0.2731421287
u_36:0.2791573167
u_37:0.3063119854
u_38:0.400630637
u_39:0.4958289055
u_40:0.5905923296
u_41:0.6834251635
u_42:0.735208611
u_43:0.7336423753
u_44:0.7327675803
u_45:0.7342450955
u_46:0.7337689691
u_47:0.7327455496
u_48:0.7321468797
u_49:0.6155049752
[Objective]
0.009338532153
