[Grid]
nodes:50
dt_0:0.04
dt_1:0.04
dt_2:0.04
dt_3:0.04
dt_4:0.04
dt_5:0.04
dt_6:0.04
dt_7:0.04
dt_8:0.04
dt_9:0.04
dt_10:0.04
dt_11:0.04
dt_12:0.04
dt_13:0.04
dt_14:0.04
dt_15:0.04
dt_16:0.04
dt_17:0.04
dt_18:0.04
dt_19:0.04
dt_20:0.04
dt_21:0.04
dt_22:0.04
dt_23:0.04
dt_24:0.04
dt_25:0.04
dt_26:0.04
dt_27:0.04
dt_28:0.04
dt_29:0.04
dt_30:0.04
dt_31:0.04
dt_32:0.04
dt_33:0.04
dt_34:0.04
dt_35:0.04
dt_36:0.04
dt_37:0.04
dt_38:0.04
dt_39:0.04
dt_40:0.04
dt_41:0.04
dt_42:0.04
dt_43:0.04
dt_44:0.04
dt_45:0.04
dt_46:0.04
dt_47:0.04
dt_48:0.04
dt_49:0.04
[Control]
u_0:0.3761922681
u_1:0.5159164375
u_2:0.5092334285
u_3:0.5330428435
u_4:0.5345474509
u_5:0.5375714805
u_6:0.5337449193
u_7:0.5315537994
u_8:0.5148277575
u_9:0.5029260064
u_10:0.493636444
u_11:0.4837518366
u_12:0.4711985613
u_13:0.4881363978
u_14:0.4963916167
u_15:0.4856312984
u_16:0.4787559093
u_17:0.478923574
u_18:0.4804920635
u_19:0.4848530793
u_20:0.4905875902
u_21:0.4954461515
u_22:0.4962528787
u_23:0.4920532365
u_24:0.420284155
u_25:0.4193160522
u_26:0.4049214866
u_27:0.4202524182
u_28:0.4323397925
u_29:0.4240605412
u_30:0.4248448172
u_31:0.2721271143
u_32:0.2795849862
u_33:0.2803942559
u_34:0.2839560987
u_35:0.2716059996
u_36:0.2820860114
u_37:0.3060348379
u_38:0.4005134635
u_39:0.49581755
u_40:0.5906816551
u_41:0.6836567669
u_42:0.731926689
u_43:0.7264578109
u_44:0.7411140121
u_45:0.7340914727
u_46:0.7290596262
u_47:0.7232408909
u_48:0.7278520494
u_49:0.615762874
[Objective]
0.009337468077
