[Grid]
nodes:50
dt_0:0.04
dt_1:0.04
dt_2:0.04
dt_3:0.04
dt_4:0.04
dt_5:0.04
dt_6:0.04
dt_7:0.04
dt_8:0.04
dt_9:0.04
dt_10:0.04
dt_11:0.04
dt_12:0.04
dt_13:0.04
dt_14:0.04
dt_15:0.04
dt_16:0.04
dt_17:0.04
dt_18:0.04
dt_19:0.04
dt_20:0.04
dt_21:0.04
dt_22:0.04
dt_23:0.04
dt_24:0.04
dt_25:0.04
dt_26:0.04
dt_27:0.04
dt_28:0.04
dt_29:0.04
dt_30:0.04
dt_31:0.04
dt_32:0.04
dt_33:0.04
dt_34:0.04
dt_35:0.04
dt_36:0.04
dt_37:0.04
dt_38:0.04
dt_39:0.04
dt_40:0.04
dt_41:0.04
dt_42:0.04
dt_43:0.04
dt_44:0.04
dt_45:0.04
dt_46:0.04
dt_47:0.04
dt_48:0.04
dt_49:0.04
[Control]
u_0:0.3758672165
u_1:0.5190306517
u_2:0.5245417559
u_3:0.5255879086
u_4:0.5269647424
u_5:0.53002595
u_6:0.5319142062
u_7:0.5288244296
u_8:0.5255365134
u_9:0.4908496183
u_10:0.4880833786
u_11:0.487557515
u_12:0.4877846761
u_13:0.4883136161
u_14:0.4890097217
u_15:0.4880435375
u_16:0.4821162884
u_17:0.4814564016
u_18:0.4812418762
u_19:0.4857740888
u_20:0.4937517382
u_21:0.4949504408
u_22:0.4970026506
u_23:0.4972456743
u_24:0.4235606119
u_25:0.4209983929
u_26:0.418716897
u_27:0.4210894625
u_28:0.4214073464
u_29:0.4206542912
u_30:0.4190390225
u_31:0.2770039444
u_32:0.2733418063
u_33:0.2741762066
u_34:0.2743548275
u_35:0.276222402
u_36:0.2792652326
u_37:0.3062479
u_38:0.4006183109
u_39:0.4958628451
u_40:0.5906882295
u_41:0.6836276172
u_42:0.7299554517
u_43:0.7332077566
u_44:0.7347392667
u_45:0.7353860768
u_46:0.7333827128
u_47:0.7331639803
u_48:0.7306341969
u_49:0.615533733
[Objective]
0.009338480643
