[Grid]
nodes:50
dt_0:0.04
dt_1:0.04
dt_2:0.04
dt_3:0.04
dt_4:0.04
dt_5:0.04
dt_6:0.04
dt_7:0.04
dt_8:0.04
dt_9:0.04
dt_10:0.04
dt_11:0.04
dt_12:0.04
dt_13:0.04
dt_14:0.04
dt_15:0.04
dt_16:0.04
dt_17:0.04
dt_18:0.04
dt_19:0.04
dt_20:0.04
dt_21:0.04
dt_22:0.04
dt_23:0.04
dt_24:0.04
dt_25:0.04
dt_26:0.04
dt_27:0.04
dt_28:0.04
dt_29:0.04
dt_30:0.04
dt_31:0.04
dt_32:0.04
dt_33:0.04
dt_34:0.04
dt_35:0.04
dt_36:0.04
dt_37:0.04
dt_38:0.04
dt_39:0.04
dt_40:0.04
dt_41:0.04
dt_42:0.04
dt_43:0.04
dt_44:0.04
dt_45:0.04
dt_46:0.04
dt_47:0.04
dt_48:0.04
dt_49:0.04
[Control]
u_0:0.3793760783
u_1:0.4564512037
u_2:0.4853391757
u_3:0.5218340499
u_4:0.5442946961
u_5:0.5466006588
u_6:0.5657970812
u_7:0.5669224736
u_8:0.5507655275
u_9:0.5236809001
u_10:0.4737579011
u_11:0.4738144194
u_12:0.4751303575
u_13:0.4947332926
u_14:0.4798787071
u_15:0.5196681981
u_16:0.4479650434
u_17:0.4489885389
u_18:0.457798827
u_19:0.4655966117
u_20:0.5035372748
u_21:0.4940409146
u_22:0.5178742022
u_23:0.4789311217
u_24:0.4467204331
u_25:0.4288504948
u_26:0.4145744803
u_27:0.4439224946
u_28:0.411845296
u_29:0.4085670501
u_30:0.4013617126
u_31:0.3017540492
u_32:0.2829628098
u_33:0.2682754727
u_34:0.2566820396
u_35:0.2723889605
u_36:0.2874020438
u_37:0.3283801565
u_38:0.3998562104
u_39:0.4958002411
u_40:0.5912934401
u_41:0.6851839251
u_42:0.6987557059
u_43:0.7149580902
u_44:0.7444600767
u_45:0.7286008212
u_46:0.751715356
u_47:0.7191710013
u_48:0.7261715097
u_49:0.6157417633
[Objective]
0.009329939594
