[Grid]
nodes:50
dt_0:0.04
dt_1:0.04
dt_2:0.04
dt_3:0.04
dt_4:0.04
dt_5:0.04
dt_6:0.04
dt_7:0.04
dt_8:0.04
dt_9:0.04
dt_10:0.04
dt_11:0.04
dt_12:0.04
dt_13:0.04
dt_14:0.04
dt_15:0.04
dt_16:0.04
dt_17:0.04
dt_18:0.04
dt_19:0.04
dt_20:0.04
dt_21:0.04
dt_22:0.04
dt_23:0.04
dt_24:0.04
dt_25:0.04
dt_26:0.04
dt_27:0.04
dt_28:0.04
dt_29:0.04
dt_30:0.04
dt_31:0.04
dt_32:0.04
dt_33:0.04
dt_34:0.04
dt_35:0.04
dt_36:0.04
dt_37:0.04
dt_38:0.04
dt_39:0.04
dt_40:0.04
dt_41:0.04
dt_42:0.04
dt_43:0.04
dt_44:0.04
dt_45:0.04
dt_46:0.04
dt_47:0.04
dt_48:0.04
dt_49:0.04
[Control]
u_0:0.3760879401
u_1:0.5143231857
u_2:0.5205872398
u_3:0.53058439
u_4:0.5288814624
u_5:0.5296429121
u_6:0.5367378365
u_7:0.5300820851
u_8:0.5193849007
u_9:0.4926275778
u_10:0.4874262794
u_11:0.4824194095
u_12:0.4878164466
u_13:0.4915583512
u_14:0.4946641733
u_15:0.4869031811
u_16:0.4776496304
u_17:0.4814237953
u_18:0.4808902709
u_19:0.4884031771
u_20:0.500961852
u_21:0.4963913155
u_22:0.4913117269
u_23:0.4856217782
u_24:0.4261916892
u_25:0.4221976121
u_26:0.4163928189
u_27:0.4180894886
u_28:0.4239875041
u_29:0.4218041398
u_30:0.4177718613
u_31:0.2762314928
u_32:0.2801307365
u_33:0.2747908695
u_34:0.2745089589
u_35:0.2751365236
u_36:0.2817130278
u_37:0.3061344651
u_38:0.4005607634
u_39:0.4958344264
u_40:0.5906758483
u_41:0.6836254231
u_42:0.731446608
u_43:0.7308696765
u_44:0.7354018882
u_45:0.7335398393
u_46:0.7328352926
u_47:0.7323543009
u_48:0.7257834508
u_49:0.615673483
[Objective]
0.009338102921
