[Grid]
nodes:50
dt_0:0.04
dt_1:0.04
dt_2:0.04
dt_3:0.04
dt_4:0.04
dt_5:0.04
dt_6:0.04
dt_7:0.04
dt_8:0.04
dt_9:0.04
dt_10:0.04
dt_11:0.04
dt_12:0.04
dt_13:0.04
dt_14:0.04
dt_15:0.04
dt_16:0.04
dt_17:0.04
dt_18:0.04
dt_19:0.04
dt_20:0.04
dt_21:0.04
dt_22:0.04
dt_23:0.04
dt_24:0.04
dt_25:0.04
dt_26:0.04
dt_27:0.04
dt_28:0.04
dt_29:0.04
dt_30:0.04
dt_31:0.04
dt_32:0.04
dt_33:0.04
dt_34:0.04
dt_35:0.04
dt_36:0.04
dt_37:0.04
dt_38:0.04
dt_39:0.04
dt_40:0.04
dt_41:0.04
dt_42:0.04
dt_43:0.04
dt_44:0.04
dt_45:0.04
dt_46:0.04
dt_47:0.04
dt_48:0.04
dt_49:0.04
[Control]
u_0:0.3762288606
u_1:0.5107648953
u_2:0.5227517432
u_3:0.5232446533
u_4:0.5332260956
u_5:0.5374959431
u_6:0.5373918464
u_7:0.5286364557
u_8:0.5175941142
u_9:0.4982334198
u_10:0.4879381998
u_11:0.4846003415
u_12:0.4801436177
u_13:0.4911822937
u_14:0.4910795881
u_15:0.4866023766
u_16:0.4824979979
u_17:0.4794526927
u_18:0.4786618524
u_19:0.4889259631
u_20:0.4891877172
u_21:0.4918324129
u_22:0.4946919335
u_23:0.494244182
u_24:0.4155156035
u_25:0.4159822563
u_26:0.4169788218
u_27:0.425484801
u_28:0.4289820953
u_29:0.4237268469
u_30:0.4181503315
u_31:0.2784749354
u_32:0.2819490277
u_33:0.2764398282
u_34:0.2735303424
u_35:0.2770372275
u_36:0.2825381822
u_37:0.3060380523
u_38:0.400515778
u_39:0.4958201874
u_40:0.590685813
u_41:0.6836643801
u_42:0.7292792932
u_43:0.7343420396
u_44:0.7340236729
u_45:0.7343403872
u_46:0.7304333765
u_47:0.7270136591
u_48:0.7249687833
u_49:0.6157786132
[Objective]
0.009337729144
