[Grid]
nodes:50
dt_0:0.04
dt_1:0.04
dt_2:0.04
dt_3:0.04
dt_4:0.04
dt_5:0.04
dt_6:0.04
dt_7:0.04
dt_8:0.04
dt_9:0.04
dt_10:0.04
dt_11:0.04
dt_12:0.04
dt_13:0.04
dt_14:0.04
dt_15:0.04
dt_16:0.04
dt_17:0.04
dt_18:0.04
dt_19:0.04
dt_20:0.04
dt_21:0.04
dt_22:0.04
dt_23:0.04
dt_24:0.04
dt_25:0.04
dt_26:0.04
dt_27:0.04
dt_28:0.04
dt_29:0.04
dt_30:0.04
dt_31:0.04
dt_32:0.04
dt_33:0.04
dt_34:0.04
dt_35:0.04
dt_36:0.04
dt_37:0.04
dt_38:0.04
dt_39:0.04
dt_40:0.04
dt_41:0.04
dt_42:0.04
dt_43:0.04
dt_44:0.04
dt_45:0.04
dt_46:0.04
dt_47:0.04
dt_48:0.04
dt_49:0.04
[Control]
u_0:0.3756081658
u_1:0.5248539874
u_2:0.5250860692
u_3:0.5258676517
u_4:0.5251780074
u_5:0.5289885843
u_6:0.5293459646
u_7:0.5288544377
u_8:0.5299549558
u_9:0.487838035
u_10:0.488223171
u_11:0.4874278316
u_12:0.4872029641
u_13:0.4880085942
u_14:0.4870560667
u_15:0.4850524212
u_16:0.4829291191
u_17:0.4828972324
u_18:0.4838484047
u_19:0.4841408487
u_20:0.4973478854
u_21:0.4973109919
u_22:0.4973565485
u_23:0.4959915909
u_24:0.4229030011
u_25:0.4219444992
u_26:0.420404253
u_27:0.420401482
u_28:0.4200521254
u_29:0.4202454982
u_30:0.4197288829
u_31:0.2741491874
u_32:0.2741403392
u_33:0.2742265655
u_34:0.2745772685
u_35:0.274566755
u_36:0.2776032795
u_37:0.3063536033
u_38:0.400661587
u_39:0.4958642775
u_40:0.5906485548
u_41:0.6835281463
u_42:0.7325663656
u_43:0.7340423931
u_44:0.733282824
u_45:0.7333750827
u_46:0.7334650297
u_47:0.7344824724
u_48:0.7345891901
u_49:0.6154291868
[Objective]
0.009338585352
