[Grid]
nodes:25
dt_0:0.08
dt_1:0.08
dt_2:0.08
dt_3:0.08
dt_4:0.08
dt_5:0.08
dt_6:0.08
dt_7:0.08
dt_8:0.08
dt_9:0.08
dt_10:0.08
dt_11:0.08
dt_12:0.08
dt_13:0.08
dt_14:0.08
dt_15:0.08
dt_16:0.08
dt_17:0.08
dt_18:0.08
dt_19:0.08
dt_20:0.08
dt_21:0.08
dt_22:0.08
dt_23:0.08
dt_24:0.08
[Control]
u_0:0.5661019052
u_1:0.5770325238
u_2:0.5929983043
u_3:0.5793203987
u_4:0.5605087754
u_5:0.5354739657
u_6:0.5375155436
u_7:0.5266812419
u_8:0.5116246443
u_9:0.4947256793
u_10:0.4914956493
u_11:0.4916009376
u_12:0.3435043411
u_13:0.3429817386
u_14:0.340757054
u_15:0.2601102463
u_16:0.2609707771
u_17:0.2636386779
u_18:0.3068162526
u_19:0.4903975459
u_20:0.6714366995
u_21:0.6960702667
u_22:0.6997377948
u_23:0.7021295247
u_24:0.6204879726
[Objective]
0.005617986725
