[Grid]
nodes:25
dt_0:0.08
dt_1:0.08
dt_2:0.08
dt_3:0.08
dt_4:0.08
dt_5:0.08
dt_6:0.08
dt_7:0.08
dt_8:0.08
dt_9:0.08
dt_10:0.08
dt_11:0.08
dt_12:0.08
dt_13:0.08
dt_14:0.08
dt_15:0.08
dt_16:0.08
dt_17:0.08
dt_18:0.08
dt_19:0.08
dt_20:0.08
dt_21:0.08
dt_22:0.08
dt_23:0.08
dt_24:0.08
[Control]
u_0:0.5564510373
u_1:0.5668273896
u_2:0.6169988319
u_3:0.5934222423
u_4:0.5566163761
u_5:0.5418112406
u_6:0.517880831
u_7:0.5314521548
u_8:0.4973984133
u_9:0.51665658
u_10:0.5061577383
u_11:0.4671563712
u_12:0.3599046915
u_13:0.3232162187
u_14:0.3467044541
u_15:0.2406956151
u_16:0.2920300251
u_17:0.2441863597
u_18:0.3073410687
u_19:0.4905567458
u_20:0.6714429815
u_21:0.6922907226
u_22:0.7137788673
u_23:0.6983350797
u_24:0.6204443926
[Objective]
0.00561496528
