[Grid]
nodes:25
dt_0:0.08
dt_1:0.08
dt_2:0.08
dt_3:0.08
dt_4:0.08
dt_5:0.08
dt_6:0.08
dt_7:0.08
dt_8:0.08
dt_9:0.08
dt_10:0.08
dt_11:0.08
dt_12:0.08
dt_13:0.08
dt_14:0.08
dt_15:0.08
dt_16:0.08
dt_17:0.08
dt_18:0.08
dt_19:0.08
dt_20:0.08
dt_21:0.08
dt_22:0.08
dt_23:0.08
dt_24:0.08
[Control]
u_0:0.5635006488
u_1:0.5663790441
u_2:0.5728225451
u_3:0.5725853759
u_4:0.5508817159
u_5:0.5486037565
u_6:0.545103822
u_7:0.5419671544
u_8:0.493988114
u_9:0.4966044732
u_10:0.4980082872
u_11:0.4991997293
u_12:0.3407277288
u_13:0.3418236062
u_14:0.343368955
u_15:0.2654195035
u_16:0.2668941546
u_17:0.2691107764
u_18:0.3064137936
u_19:0.4903703714
u_20:0.6717488417
u_21:0.6922834952
u_22:0.6937885399
u_23:0.6949054508
u_24:0.6209160498
[Objective]
0.005619149337
