[Grid]
nodes:25
dt_0:0.08
dt_1:0.08
dt_2:0.08
dt_3:0.08
dt_4:0.08
dt_5:0.08
dt_6:0.08
dt_7:0.08
dt_8:0.08
dt_9:0.08
dt_10:0.08
dt_11:0.08
dt_12:0.08
dt_13:0.08
dt_14:0.08
dt_15:0.08
dt_16:0.08
dt_17:0.08
dt_18:0.08
dt_19:0.08
dt_20:0.08
dt_21:0.08
dt_22:0.08
dt_23:0.08
dt_24:0.08
[Control]
u_0:0.565320084
u_1:0.5668854419
u_2:0.5730519311
u_3:0.5719730719
u_4:0.5494918
u_5:0.5455877345
u_6:0.5467938575
u_7:0.5445824141
u_8:0.4965639659
u_9:0.4966067724
u_10:0.4972835903
u_11:0.4970823523
u_12:0.3420652039
u_13:0.3414514407
u_14:0.3425517026
u_15:0.2660513405
u_16:0.2671827701
u_17:0.2663989365
u_18:0.3065174935
u_19:0.4903343154
u_20:0.6715258682
u_21:0.6975472514
u_22:0.6932839513
u_23:0.6919945252
u_24:0.6210153773
[Objective]
0.00561914914
