[Grid]
nodes:25
dt_0:0.08
dt_1:0.08
dt_2:0.08
dt_3:0.08
dt_4:0.08
dt_5:0.08
dt_6:0.08
dt_7:0.08
dt_8:0.08
dt_9:0.08
dt_10:0.08
dt_11:0.08
dt_12:0.08
dt_13:0.08
dt_14:0.08
dt_15:0.08
dt_16:0.08
dt_17:0.08
dt_18:0.08
dt_19:0.08
dt_20:0.08
dt_21:0.08
dt_22:0.08
dt_23:0.08
dt_24:0.08
[Control]
u_0:0.4502898967
u_1:0.6861885716
u_2:0.6301381379
u_3:0.765592231
u_4:0.4624793334
u_5:0.5699407354
u_6:0.5502213269
u_7:0.593877004
u_8:0.4047541447
u_9:0.3914962047
u_10:0.5890141393
u_11:0.5974002843
u_12:0.379335222
u_13:0.3086520072
u_14:0.3410130182
u_15:0.1530203666
u_16:0.2326619278
u_17:0.155933504
u_18:0.3129001289
u_19:0.490351435
u_20:0.6651987168
u_21:0.8121758831
u_22:0.7122040336
u_23:0.8183509759
u_24:0.6146207414
[Objective]
0.005544186352
