[Grid]
nodes:25
dt_0:0.08
dt_1:0.08
dt_2:0.08
dt_3:0.08
dt_4:0.08
dt_5:0.08
dt_6:0.08
dt_7:0.08
dt_8:0.08
dt_9:0.08
dt_10:0.08
dt_11:0.08
dt_12:0.08
dt_13:0.08
dt_14:0.08
dt_15:0.08
dt_16:0.08
dt_17:0.08
dt_18:0.08
dt_19:0.08
dt_20:0.08
dt_21:0.08
dt_22:0.08
dt_23:0.08
dt_24:0.08
[Control]
u_0:0.5696399751
u_1:0.5793206464
u_2:0.5811583453
u_3:0.5853885224
u_4:0.5638899467
u_5:0.5302021754
u_6:0.5283599005
u_7:0.5371115239
u_8:0.511364168
u_9:0.4937650434
u_10:0.4939903617
u_11:0.4903680365
u_12:0.333559698
u_13:0.346087173
u_14:0.3474705464
u_15:0.261238622
u_16:0.2593884336
u_17:0.2650600217
u_18:0.3067442741
u_19:0.4903652695
u_20:0.6714014064
u_21:0.6987311626
u_22:0.6932159924
u_23:0.7047939976
u_24:0.6204644659
[Objective]
0.005617922651
