
[Jump times]
t_1:0.08
t_2:0.16
t_3:0.24
t_4:0.48
t_5:0.56
t_6:0.72
t_7:0.88
t_8:1.04
t_9:1.2
t_10:1.28
t_11:1.92
[Jump times]
t_1:0.08
t_2:0.16
t_3:0.24
t_4:0.48
t_5:0.56
t_6:0.72
t_7:0.88
t_8:1.04
t_9:1.2
t_10:1.28
t_11:1.92

[Start_control]
u0_0:0
u0_1:0
u0_2:0
u0_3:0
u0_4:0
u0_5:0
u0_6:0
u0_7:0
u0_8:0
u0_9:0
u0_10:0
u0_11:0
u0_12:0
u0_13:0
u0_14:0
u0_15:0
u0_16:0
u0_17:0
u0_18:0
u0_19:0
u0_20:0
u0_21:0
u0_22:0
u0_23:0
u0_24:0

[sgrid]
LX=0
LY=0
UX=1
UY=1
NX=30
NY=30

[tgrid]
nodes=25
dt_0=0.08
dt_1=0.08
dt_2=0.08
dt_3=0.08
dt_4=0.08
dt_5=0.08
dt_6=0.08
dt_7=0.08
dt_8=0.08
dt_9=0.08
dt_10=0.08
dt_11=0.08
dt_12=0.08
dt_13=0.08
dt_14=0.08
dt_15=0.08
dt_16=0.08
dt_17=0.08
dt_18=0.08
dt_19=0.08
dt_20=0.08
dt_21=0.08
dt_22=0.08
dt_23=0.08
dt_24=0.08

[Parameter]
degree=1
Tikhonov=0.01
Rho=1e-05
Iter_ActiveSet=50
Iter_Lin=50
Tol=1e-08
Reduction=1e-08
Iter_Outer=50
TimeLimit=86400
smax=2

[Output]
Iter_ActiveSet=19
Iter_Lin=197
Iter_OuterApprox=15
Time_Preprocessing=11

 LowerBounds
l_0:0.01131019183
l_10:0.01162901939
l_11:0.0116292398
l_12:0.01162487488
l_13:0.0116251867
l_14:0.0116244224
l_15:0.01162490327
l_1:0.01148970867
l_2:0.01160036891
l_3:0.0116574099
l_4:0.01162155993
l_5:0.01163834517
l_6:0.01163593139
l_7:0.01161978442
l_8:0.01161763453
l_9:0.0116287118


TimeOuter
o_0:108.56
o_1:154.97
o_2:217.07
o_3:186.53
o_4:199.23
o_5:196.67
o_6:196.6
o_7:196.64
o_8:196.6
o_9:196.65
o_10:166.38
o_11:196.64
o_12:196.6
o_13:816.89
o_14:201.6
o_15:155.32
o_total=3582.95

TimeLinSolve
r_0:93.07
r_1:139.52
r_2:201.57
r_3:171.02
r_4:184.1
r_5:181.54
r_6:181.45
r_7:181.52
r_8:181.48
r_9:181.51
r_10:151.23
r_11:181.51
r_12:181.47
r_13:756.38
r_14:186.05
r_15:139.77
r_total=3293.19

TimeLinAssemble: 
a_0:0
a_1:0
a_2:0
a_3:0
a_4:0
a_5:0
a_6:0
a_7:0
a_8:0
a_9:0
a_10:0
a_11:0
a_12:0
a_13:0
a_14:0
a_15:0
a_total=0

TimeSeparation
s_0:0
s_1:0
s_2:0
s_3:0
s_4:0
s_5:0
s_6:0
s_7:0
s_8:0
s_9:0
s_10:0
s_11:0
s_12:0
s_13:0
s_14:0
s_15:0
s_total=0

[End_control]
u_0:0.565320084
u_1:0.5668854419
u_2:0.5730519311
u_3:0.5719730719
u_4:0.5494918
u_5:0.5455877345
u_6:0.5467938575
u_7:0.5445824141
u_8:0.4965639659
u_9:0.4966067724
u_10:0.4972835903
u_11:0.4970823523
u_12:0.3420652039
u_13:0.3414514407
u_14:0.3425517026
u_15:0.2660513405
u_16:0.2671827701
u_17:0.2663989365
u_18:0.3065174935
u_19:0.4903343154
u_20:0.6715258682
u_21:0.6975472514
u_22:0.6932839513
u_23:0.6919945252
u_24:0.6210153773

 optimization stopped with status 0
