[Grid]
nodes:25
dt_0:0.08
dt_1:0.08
dt_2:0.08
dt_3:0.08
dt_4:0.08
dt_5:0.08
dt_6:0.08
dt_7:0.08
dt_8:0.08
dt_9:0.08
dt_10:0.08
dt_11:0.08
dt_12:0.08
dt_13:0.08
dt_14:0.08
dt_15:0.08
dt_16:0.08
dt_17:0.08
dt_18:0.08
dt_19:0.08
dt_20:0.08
dt_21:0.08
dt_22:0.08
dt_23:0.08
dt_24:0.08
[Control]
u_0:0.619156486
u_1:0.506182786
u_2:0.7999048508
u_3:0.7611224946
u_4:0.4660729461
u_5:0.3981440373
u_6:0.7243490002
u_7:0.5957096404
u_8:0.2367282821
u_9:0.391704119
u_10:0.7577284652
u_11:0.5974343508
u_12:0.2107332213
u_13:0.3087471331
u_14:0.5099289867
u_15:0.1538348205
u_16:0.06644802437
u_17:0.1631931395
u_18:0.3150536727
u_19:0.4902600922
u_20:0.6627429522
u_21:0.8040974633
u_22:0.8760035156
u_23:0.810325092
u_24:0.6123382737
[Objective]
0.005410930804
