[Grid]
nodes:25
dt_0:0.08
dt_1:0.08
dt_2:0.08
dt_3:0.08
dt_4:0.08
dt_5:0.08
dt_6:0.08
dt_7:0.08
dt_8:0.08
dt_9:0.08
dt_10:0.08
dt_11:0.08
dt_12:0.08
dt_13:0.08
dt_14:0.08
dt_15:0.08
dt_16:0.08
dt_17:0.08
dt_18:0.08
dt_19:0.08
dt_20:0.08
dt_21:0.08
dt_22:0.08
dt_23:0.08
dt_24:0.08
[Control]
u_0:0.5665519909
u_1:0.5644392528
u_2:0.5743231187
u_3:0.5700407406
u_4:0.5534944328
u_5:0.5478683178
u_6:0.5421702703
u_7:0.5435696363
u_8:0.4911793999
u_9:0.4944292624
u_10:0.5006109896
u_11:0.501248131
u_12:0.3449777902
u_13:0.3422346872
u_14:0.3385826741
u_15:0.2642175662
u_16:0.2666589748
u_17:0.2706464348
u_18:0.3063560454
u_19:0.490339806
u_20:0.6717049762
u_21:0.6933615952
u_22:0.6928846919
u_23:0.6949553536
u_24:0.6209218481
[Objective]
0.005619099139
