[Grid]
nodes:25
dt_0:0.08
dt_1:0.08
dt_2:0.08
dt_3:0.08
dt_4:0.08
dt_5:0.08
dt_6:0.08
dt_7:0.08
dt_8:0.08
dt_9:0.08
dt_10:0.08
dt_11:0.08
dt_12:0.08
dt_13:0.08
dt_14:0.08
dt_15:0.08
dt_16:0.08
dt_17:0.08
dt_18:0.08
dt_19:0.08
dt_20:0.08
dt_21:0.08
dt_22:0.08
dt_23:0.08
dt_24:0.08
[Control]
u_0:0.5661752829
u_1:0.5771686464
u_2:0.5904137725
u_3:0.5771790618
u_4:0.5599856128
u_5:0.5451280297
u_6:0.5328001777
u_7:0.5264021371
u_8:0.5087825184
u_9:0.4913088068
u_10:0.4977010709
u_11:0.4916652062
u_12:0.3413776075
u_13:0.3461527436
u_14:0.3391361819
u_15:0.2657896316
u_16:0.2598685788
u_17:0.2597032073
u_18:0.306983658
u_19:0.4904161459
u_20:0.6713313376
u_21:0.697295702
u_22:0.7060986505
u_23:0.6937395748
u_24:0.6207342241
[Objective]
0.005618050538
