[Grid]
nodes:25
dt_0:0.08
dt_1:0.08
dt_2:0.08
dt_3:0.08
dt_4:0.08
dt_5:0.08
dt_6:0.08
dt_7:0.08
dt_8:0.08
dt_9:0.08
dt_10:0.08
dt_11:0.08
dt_12:0.08
dt_13:0.08
dt_14:0.08
dt_15:0.08
dt_16:0.08
dt_17:0.08
dt_18:0.08
dt_19:0.08
dt_20:0.08
dt_21:0.08
dt_22:0.08
dt_23:0.08
dt_24:0.08
[Control]
u_0:0.5424985981
u_1:0.5685451691
u_2:0.6404351266
u_3:0.5866209602
u_4:0.5413749238
u_5:0.5646210646
u_6:0.5209360167
u_7:0.5188729349
u_8:0.5066260891
u_9:0.50178476
u_10:0.5284273776
u_11:0.450038765
u_12:0.3788060185
u_13:0.3010386181
u_14:0.3510384234
u_15:0.2577101683
u_16:0.254689545
u_17:0.2611110319
u_18:0.3070439967
u_19:0.4903428001
u_20:0.6710264759
u_21:0.7069220935
u_22:0.6899523441
u_23:0.712994034
u_24:0.62011782
[Objective]
0.005612330943
