[Grid]
nodes:25
dt_0:0.08
dt_1:0.08
dt_2:0.08
dt_3:0.08
dt_4:0.08
dt_5:0.08
dt_6:0.08
dt_7:0.08
dt_8:0.08
dt_9:0.08
dt_10:0.08
dt_11:0.08
dt_12:0.08
dt_13:0.08
dt_14:0.08
dt_15:0.08
dt_16:0.08
dt_17:0.08
dt_18:0.08
dt_19:0.08
dt_20:0.08
dt_21:0.08
dt_22:0.08
dt_23:0.08
dt_24:0.08
[Control]
u_0:0.41953378
u_1:0.6511067895
u_2:0.6706805942
u_3:0.6935675304
u_4:0.5351391356
u_5:0.5308683291
u_6:0.5895579228
u_7:0.5218346355
u_8:0.4374466479
u_9:0.4614604066
u_10:0.5556825266
u_11:0.5273848649
u_12:0.4131363732
u_13:0.3802861584
u_14:0.233824391
u_15:0.2256285708
u_16:0.1914056909
u_17:0.2252415315
u_18:0.3102111388
u_19:0.4903977354
u_20:0.6680410595
u_21:0.7432832854
u_22:0.754684616
u_23:0.7494034193
u_24:0.6172877563
[Objective]
0.005574660978
