[Grid]
nodes:25
dt_0:0.08
dt_1:0.08
dt_2:0.08
dt_3:0.08
dt_4:0.08
dt_5:0.08
dt_6:0.08
dt_7:0.08
dt_8:0.08
dt_9:0.08
dt_10:0.08
dt_11:0.08
dt_12:0.08
dt_13:0.08
dt_14:0.08
dt_15:0.08
dt_16:0.08
dt_17:0.08
dt_18:0.08
dt_19:0.08
dt_20:0.08
dt_21:0.08
dt_22:0.08
dt_23:0.08
dt_24:0.08
[Control]
u_0:0.5672511703
u_1:0.5777695428
u_2:0.5707103357
u_3:0.5645098688
u_4:0.5590055421
u_5:0.5470312676
u_6:0.5419670631
u_7:0.5363691207
u_8:0.4886543076
u_9:0.4923635466
u_10:0.5002520816
u_11:0.5071936826
u_12:0.3405368063
u_13:0.3403609411
u_14:0.3448547119
u_15:0.2604297544
u_16:0.2655373567
u_17:0.2729169238
u_18:0.3062327309
u_19:0.4901875465
u_20:0.6713220651
u_21:0.7010708856
u_22:0.6944939183
u_23:0.6878420223
u_24:0.6211508837
[Objective]
0.005618723914
