[Grid]
nodes:25
dt_0:0.08
dt_1:0.08
dt_2:0.08
dt_3:0.08
dt_4:0.08
dt_5:0.08
dt_6:0.08
dt_7:0.08
dt_8:0.08
dt_9:0.08
dt_10:0.08
dt_11:0.08
dt_12:0.08
dt_13:0.08
dt_14:0.08
dt_15:0.08
dt_16:0.08
dt_17:0.08
dt_18:0.08
dt_19:0.08
dt_20:0.08
dt_21:0.08
dt_22:0.08
dt_23:0.08
dt_24:0.08
[Control]
u_0:0.5108238164
u_1:0.5868249202
u_2:0.6811933725
u_3:0.567768571
u_4:0.5731861664
u_5:0.5659298099
u_6:0.4966265038
u_7:0.5488602435
u_8:0.5000872738
u_9:0.4942700657
u_10:0.4924550927
u_11:0.4997878377
u_12:0.3880215403
u_13:0.2915299347
u_14:0.350597843
u_15:0.2515414018
u_16:0.2177646571
u_17:0.2548159336
u_18:0.3080187275
u_19:0.4903449093
u_20:0.6700587524
u_21:0.7132359495
u_22:0.7269315735
u_23:0.7193251199
u_24:0.6192054482
[Objective]
0.005607159969
