[Grid]
nodes:25
dt_0:0.08
dt_1:0.08
dt_2:0.08
dt_3:0.08
dt_4:0.08
dt_5:0.08
dt_6:0.08
dt_7:0.08
dt_8:0.08
dt_9:0.08
dt_10:0.08
dt_11:0.08
dt_12:0.08
dt_13:0.08
dt_14:0.08
dt_15:0.08
dt_16:0.08
dt_17:0.08
dt_18:0.08
dt_19:0.08
dt_20:0.08
dt_21:0.08
dt_22:0.08
dt_23:0.08
dt_24:0.08
[Control]
u_0:0.5723585626
u_1:0.5717653369
u_2:0.5786478749
u_3:0.5786582246
u_4:0.5561537504
u_5:0.5516245291
u_6:0.5354836817
u_7:0.5285396357
u_8:0.4937820653
u_9:0.502136961
u_10:0.4902104636
u_11:0.5029442355
u_12:0.3414315625
u_13:0.3438360376
u_14:0.3408486865
u_15:0.2648890676
u_16:0.2569435466
u_17:0.2671236237
u_18:0.3066346442
u_19:0.4902218677
u_20:0.6710341437
u_21:0.7060882444
u_22:0.6979977712
u_23:0.6896482683
u_24:0.6209862998
[Objective]
0.005618395393
