[Grid]
nodes:25
dt_0:0.08
dt_1:0.08
dt_2:0.08
dt_3:0.08
dt_4:0.08
dt_5:0.08
dt_6:0.08
dt_7:0.08
dt_8:0.08
dt_9:0.08
dt_10:0.08
dt_11:0.08
dt_12:0.08
dt_13:0.08
dt_14:0.08
dt_15:0.08
dt_16:0.08
dt_17:0.08
dt_18:0.08
dt_19:0.08
dt_20:0.08
dt_21:0.08
dt_22:0.08
dt_23:0.08
dt_24:0.08
[Control]
u_0:0.5728239475
u_1:0.5673651898
u_2:0.5847147472
u_3:0.5927588964
u_4:0.5661758592
u_5:0.5336361918
u_6:0.5314742601
u_7:0.5269417434
u_8:0.5197897422
u_9:0.4829498707
u_10:0.4927941742
u_11:0.4945847195
u_12:0.3434605071
u_13:0.3378342405
u_14:0.3460458987
u_15:0.2574184813
u_16:0.2652822533
u_17:0.2610986457
u_18:0.306872335
u_19:0.4904174164
u_20:0.6714478656
u_21:0.6953374652
u_22:0.7016808566
u_23:0.7013946031
u_24:0.6204922891
[Objective]
0.005617539265
