[Grid]
nodes:25
dt_0:0.08
dt_1:0.08
dt_2:0.08
dt_3:0.08
dt_4:0.08
dt_5:0.08
dt_6:0.08
dt_7:0.08
dt_8:0.08
dt_9:0.08
dt_10:0.08
dt_11:0.08
dt_12:0.08
dt_13:0.08
dt_14:0.08
dt_15:0.08
dt_16:0.08
dt_17:0.08
dt_18:0.08
dt_19:0.08
dt_20:0.08
dt_21:0.08
dt_22:0.08
dt_23:0.08
dt_24:0.08
[Control]
u_0:0.4817014317
u_1:0.5846440592
u_2:0.7404878782
u_3:0.5751165489
u_4:0.5409247639
u_5:0.5852726369
u_6:0.5363142072
u_7:0.5187449585
u_8:0.4922143447
u_9:0.4646242478
u_10:0.5025940691
u_11:0.5297305464
u_12:0.3532555089
u_13:0.3829698595
u_14:0.2908268198
u_15:0.2231139784
u_16:0.2408818078
u_17:0.2250029924
u_18:0.3092374105
u_19:0.4903649241
u_20:0.6689063259
u_21:0.7432284371
u_22:0.7043439885
u_23:0.7493360701
u_24:0.6181123137
[Objective]
0.005595791519
