[Grid]
nodes:100
dt_0:0.02
dt_1:0.02
dt_2:0.02
dt_3:0.02
dt_4:0.02
dt_5:0.02
dt_6:0.02
dt_7:0.02
dt_8:0.02
dt_9:0.02
dt_10:0.02
dt_11:0.02
dt_12:0.02
dt_13:0.02
dt_14:0.02
dt_15:0.02
dt_16:0.02
dt_17:0.02
dt_18:0.02
dt_19:0.02
dt_20:0.02
dt_21:0.02
dt_22:0.02
dt_23:0.02
dt_24:0.02
dt_25:0.02
dt_26:0.02
dt_27:0.02
dt_28:0.02
dt_29:0.02
dt_30:0.02
dt_31:0.02
dt_32:0.02
dt_33:0.02
dt_34:0.02
dt_35:0.02
dt_36:0.02
dt_37:0.02
dt_38:0.02
dt_39:0.02
dt_40:0.02
dt_41:0.02
dt_42:0.02
dt_43:0.02
dt_44:0.02
dt_45:0.02
dt_46:0.02
dt_47:0.02
dt_48:0.02
dt_49:0.02
dt_50:0.02
dt_51:0.02
dt_52:0.02
dt_53:0.02
dt_54:0.02
dt_55:0.02
dt_56:0.02
dt_57:0.02
dt_58:0.02
dt_59:0.02
dt_60:0.02
dt_61:0.02
dt_62:0.02
dt_63:0.02
dt_64:0.02
dt_65:0.02
dt_66:0.02
dt_67:0.02
dt_68:0.02
dt_69:0.02
dt_70:0.02
dt_71:0.02
dt_72:0.02
dt_73:0.02
dt_74:0.02
dt_75:0.02
dt_76:0.02
dt_77:0.02
dt_78:0.02
dt_79:0.02
dt_80:0.02
dt_81:0.02
dt_82:0.02
dt_83:0.02
dt_84:0.02
dt_85:0.02
dt_86:0.02
dt_87:0.02
dt_88:0.02
dt_89:0.02
dt_90:0.02
dt_91:0.02
dt_92:0.02
dt_93:0.02
dt_94:0.02
dt_95:0.02
dt_96:0.02
dt_97:0.02
dt_98:0.02
dt_99:0.02
[Control]
u_0:0.05191583727
u_1:0.104827069
u_2:0.1909499669
u_3:0.3015242167
u_4:0.427952652
u_5:0.5618981165
u_6:0.6850167323
u_7:0.6933567124
u_8:0.6978211246
u_9:0.7029360903
u_10:0.6942168794
u_11:0.6958403869
u_12:0.7023707555
u_13:0.6987371822
u_14:0.6974696115
u_15:0.6986827569
u_16:0.6963508321
u_17:0.6905749598
u_18:0.6907629824
u_19:0.6794372909
u_20:0.6597464625
u_21:0.5971992119
u_22:0.5343622179
u_23:0.471403858
u_24:0.4085321626
u_25:0.3639171798
u_26:0.3609596956
u_27:0.3610452097
u_28:0.3568921517
u_29:0.3531511978
u_30:0.3560808225
u_31:0.356612468
u_32:0.3512401346
u_33:0.3525058313
u_34:0.3560053277
u_35:0.3596901632
u_36:0.3565645963
u_37:0.3612929292
u_38:0.3565326602
u_39:0.3680565558
u_40:0.3781787603
u_41:0.3855567921
u_42:0.3868971348
u_43:0.3863843809
u_44:0.3831059946
u_45:0.3891328903
u_46:0.3937638813
u_47:0.3888540264
u_48:0.3858380429
u_49:0.3859488872
u_50:0.3821641242
u_51:0.3801217943
u_52:0.3863561613
u_53:0.3924312511
u_54:0.3970635024
u_55:0.4390424447
u_56:0.5323940469
u_57:0.6243212054
u_58:0.6517237371
u_59:0.6666428111
u_60:0.6681933808
u_61:0.6655227863
u_62:0.6642763666
u_63:0.6686317997
u_64:0.6722755413
u_65:0.6745528385
u_66:0.668248938
u_67:0.6672333299
u_68:0.6688473096
u_69:0.6674801265
u_70:0.670076977
u_71:0.6690036748
u_72:0.6740891994
u_73:0.671132458
u_74:0.6697643016
u_75:0.6689294532
u_76:0.6708901261
u_77:0.6610807253
u_78:0.654421843
u_79:0.6398470068
u_80:0.5767015861
u_81:0.5048078517
u_82:0.4329622033
u_83:0.4125094252
u_84:0.4087989607
u_85:0.4032600261
u_86:0.4048385638
u_87:0.4037568546
u_88:0.403042523
u_89:0.4021576707
u_90:0.4005410665
u_91:0.3948550232
u_92:0.4015339328
u_93:0.4001713334
u_94:0.4017015486
u_95:0.4027306649
u_96:0.4004899912
u_97:0.4025580035
u_98:0.3985798479
u_99:0.3938684358
[Objective]
0.01181549083
