[Grid]
nodes:100
dt_0:0.02
dt_1:0.02
dt_2:0.02
dt_3:0.02
dt_4:0.02
dt_5:0.02
dt_6:0.02
dt_7:0.02
dt_8:0.02
dt_9:0.02
dt_10:0.02
dt_11:0.02
dt_12:0.02
dt_13:0.02
dt_14:0.02
dt_15:0.02
dt_16:0.02
dt_17:0.02
dt_18:0.02
dt_19:0.02
dt_20:0.02
dt_21:0.02
dt_22:0.02
dt_23:0.02
dt_24:0.02
dt_25:0.02
dt_26:0.02
dt_27:0.02
dt_28:0.02
dt_29:0.02
dt_30:0.02
dt_31:0.02
dt_32:0.02
dt_33:0.02
dt_34:0.02
dt_35:0.02
dt_36:0.02
dt_37:0.02
dt_38:0.02
dt_39:0.02
dt_40:0.02
dt_41:0.02
dt_42:0.02
dt_43:0.02
dt_44:0.02
dt_45:0.02
dt_46:0.02
dt_47:0.02
dt_48:0.02
dt_49:0.02
dt_50:0.02
dt_51:0.02
dt_52:0.02
dt_53:0.02
dt_54:0.02
dt_55:0.02
dt_56:0.02
dt_57:0.02
dt_58:0.02
dt_59:0.02
dt_60:0.02
dt_61:0.02
dt_62:0.02
dt_63:0.02
dt_64:0.02
dt_65:0.02
dt_66:0.02
dt_67:0.02
dt_68:0.02
dt_69:0.02
dt_70:0.02
dt_71:0.02
dt_72:0.02
dt_73:0.02
dt_74:0.02
dt_75:0.02
dt_76:0.02
dt_77:0.02
dt_78:0.02
dt_79:0.02
dt_80:0.02
dt_81:0.02
dt_82:0.02
dt_83:0.02
dt_84:0.02
dt_85:0.02
dt_86:0.02
dt_87:0.02
dt_88:0.02
dt_89:0.02
dt_90:0.02
dt_91:0.02
dt_92:0.02
dt_93:0.02
dt_94:0.02
dt_95:0.02
dt_96:0.02
dt_97:0.02
dt_98:0.02
dt_99:0.02
[Control]
u_0:0.05214370675
u_1:0.1051526881
u_2:0.191420855
u_3:0.3022093209
u_4:0.4289530721
u_5:0.5633640454
u_6:0.6552302427
u_7:0.6850497657
u_8:0.6780279236
u_9:0.6768701259
u_10:0.7053808696
u_11:0.7025852574
u_12:0.7061683026
u_13:0.7174747624
u_14:0.7185467666
u_15:0.7143343645
u_16:0.7036549609
u_17:0.704720051
u_18:0.7065221776
u_19:0.6919417329
u_20:0.6585070322
u_21:0.5964734717
u_22:0.5340416839
u_23:0.4714407426
u_24:0.4089307028
u_25:0.374809677
u_26:0.3595115336
u_27:0.3542312342
u_28:0.3364603738
u_29:0.3262246313
u_30:0.3258311415
u_31:0.3308001267
u_32:0.3405049617
u_33:0.335617597
u_34:0.3282254661
u_35:0.3318410318
u_36:0.3301125006
u_37:0.3392162924
u_38:0.3546438157
u_39:0.3861736284
u_40:0.4022623754
u_41:0.3977770792
u_42:0.4036572632
u_43:0.4121605849
u_44:0.4023536989
u_45:0.3961456663
u_46:0.3998298541
u_47:0.3844521811
u_48:0.3927404782
u_49:0.3925049063
u_50:0.381226264
u_51:0.3946416061
u_52:0.3889474742
u_53:0.4108536867
u_54:0.4191880756
u_55:0.4384064493
u_56:0.5325909959
u_57:0.6177081833
u_58:0.6204276097
u_59:0.6608386532
u_60:0.6526248918
u_61:0.6636098564
u_62:0.6564335412
u_63:0.6651568943
u_64:0.6767762121
u_65:0.6762535143
u_66:0.6750058601
u_67:0.6770315405
u_68:0.674652976
u_69:0.6775096821
u_70:0.6845517859
u_71:0.6734683118
u_72:0.6726079332
u_73:0.6760777955
u_74:0.6817324991
u_75:0.6799718663
u_76:0.687047059
u_77:0.6680224481
u_78:0.6713836744
u_79:0.6233396107
u_80:0.5746760403
u_81:0.5022013503
u_82:0.462633062
u_83:0.4483151356
u_84:0.4215668988
u_85:0.4249269071
u_86:0.4062653568
u_87:0.4109855427
u_88:0.4102631635
u_89:0.398581578
u_90:0.3984106674
u_91:0.3957844677
u_92:0.3913368849
u_93:0.3909478549
u_94:0.3882687994
u_95:0.3996483459
u_96:0.3945941066
u_97:0.3939577898
u_98:0.3669630276
u_99:0.3576985685
[Objective]
0.01181074958
