[Grid]
nodes:100
dt_0:0.02
dt_1:0.02
dt_2:0.02
dt_3:0.02
dt_4:0.02
dt_5:0.02
dt_6:0.02
dt_7:0.02
dt_8:0.02
dt_9:0.02
dt_10:0.02
dt_11:0.02
dt_12:0.02
dt_13:0.02
dt_14:0.02
dt_15:0.02
dt_16:0.02
dt_17:0.02
dt_18:0.02
dt_19:0.02
dt_20:0.02
dt_21:0.02
dt_22:0.02
dt_23:0.02
dt_24:0.02
dt_25:0.02
dt_26:0.02
dt_27:0.02
dt_28:0.02
dt_29:0.02
dt_30:0.02
dt_31:0.02
dt_32:0.02
dt_33:0.02
dt_34:0.02
dt_35:0.02
dt_36:0.02
dt_37:0.02
dt_38:0.02
dt_39:0.02
dt_40:0.02
dt_41:0.02
dt_42:0.02
dt_43:0.02
dt_44:0.02
dt_45:0.02
dt_46:0.02
dt_47:0.02
dt_48:0.02
dt_49:0.02
dt_50:0.02
dt_51:0.02
dt_52:0.02
dt_53:0.02
dt_54:0.02
dt_55:0.02
dt_56:0.02
dt_57:0.02
dt_58:0.02
dt_59:0.02
dt_60:0.02
dt_61:0.02
dt_62:0.02
dt_63:0.02
dt_64:0.02
dt_65:0.02
dt_66:0.02
dt_67:0.02
dt_68:0.02
dt_69:0.02
dt_70:0.02
dt_71:0.02
dt_72:0.02
dt_73:0.02
dt_74:0.02
dt_75:0.02
dt_76:0.02
dt_77:0.02
dt_78:0.02
dt_79:0.02
dt_80:0.02
dt_81:0.02
dt_82:0.02
dt_83:0.02
dt_84:0.02
dt_85:0.02
dt_86:0.02
dt_87:0.02
dt_88:0.02
dt_89:0.02
dt_90:0.02
dt_91:0.02
dt_92:0.02
dt_93:0.02
dt_94:0.02
dt_95:0.02
dt_96:0.02
dt_97:0.02
dt_98:0.02
dt_99:0.02
[Control]
u_0:0.05213632951
u_1:0.1051421444
u_2:0.191405605
u_3:0.3021871329
u_4:0.4289206777
u_5:0.5633165883
u_6:0.6592099262
u_7:0.6724692877
u_8:0.686967046
u_9:0.6834891489
u_10:0.7023499508
u_11:0.7109322212
u_12:0.706001582
u_13:0.708866315
u_14:0.7075629327
u_15:0.7190859824
u_16:0.7095476241
u_17:0.7042250031
u_18:0.7019148129
u_19:0.6905404546
u_20:0.6586555318
u_21:0.5965879091
u_22:0.5341391495
u_23:0.4715355722
u_24:0.409036766
u_25:0.3765493192
u_26:0.3521608252
u_27:0.3529456164
u_28:0.3374317232
u_29:0.3231795507
u_30:0.3351973197
u_31:0.3346560357
u_32:0.3370173127
u_33:0.3391622488
u_34:0.3332447105
u_35:0.3255110108
u_36:0.3272314265
u_37:0.34316761
u_38:0.3610640465
u_39:0.3816362685
u_40:0.40074742
u_41:0.3993019526
u_42:0.4003942934
u_43:0.4066460836
u_44:0.4029637881
u_45:0.4021533039
u_46:0.398595146
u_47:0.3878867409
u_48:0.3852990799
u_49:0.3918853809
u_50:0.3814560768
u_51:0.3955705233
u_52:0.3932565282
u_53:0.4114308417
u_54:0.4180404592
u_55:0.4382621662
u_56:0.5324106625
u_57:0.6246971144
u_58:0.6198353992
u_59:0.6592758995
u_60:0.6541710002
u_61:0.6565414794
u_62:0.6601960585
u_63:0.661809493
u_64:0.6746016169
u_65:0.6752535909
u_66:0.6804493952
u_67:0.6719251658
u_68:0.684249547
u_69:0.6840219212
u_70:0.6709720906
u_71:0.6696367822
u_72:0.6812829083
u_73:0.6667978956
u_74:0.6748834667
u_75:0.6884623383
u_76:0.6876280478
u_77:0.676279303
u_78:0.6625594128
u_79:0.6240923335
u_80:0.5748144003
u_81:0.5023725209
u_82:0.4609601545
u_83:0.4478957502
u_84:0.4247435658
u_85:0.4212102568
u_86:0.4013725751
u_87:0.399374047
u_88:0.4116752946
u_89:0.3972723152
u_90:0.4025515365
u_91:0.3953480325
u_92:0.3951970104
u_93:0.3932549688
u_94:0.3994975962
u_95:0.401746297
u_96:0.3963893344
u_97:0.3888359074
u_98:0.3591655388
u_99:0.3649120076
[Objective]
0.01181102589
