[Grid]
nodes:100
dt_0:0.02
dt_1:0.02
dt_2:0.02
dt_3:0.02
dt_4:0.02
dt_5:0.02
dt_6:0.02
dt_7:0.02
dt_8:0.02
dt_9:0.02
dt_10:0.02
dt_11:0.02
dt_12:0.02
dt_13:0.02
dt_14:0.02
dt_15:0.02
dt_16:0.02
dt_17:0.02
dt_18:0.02
dt_19:0.02
dt_20:0.02
dt_21:0.02
dt_22:0.02
dt_23:0.02
dt_24:0.02
dt_25:0.02
dt_26:0.02
dt_27:0.02
dt_28:0.02
dt_29:0.02
dt_30:0.02
dt_31:0.02
dt_32:0.02
dt_33:0.02
dt_34:0.02
dt_35:0.02
dt_36:0.02
dt_37:0.02
dt_38:0.02
dt_39:0.02
dt_40:0.02
dt_41:0.02
dt_42:0.02
dt_43:0.02
dt_44:0.02
dt_45:0.02
dt_46:0.02
dt_47:0.02
dt_48:0.02
dt_49:0.02
dt_50:0.02
dt_51:0.02
dt_52:0.02
dt_53:0.02
dt_54:0.02
dt_55:0.02
dt_56:0.02
dt_57:0.02
dt_58:0.02
dt_59:0.02
dt_60:0.02
dt_61:0.02
dt_62:0.02
dt_63:0.02
dt_64:0.02
dt_65:0.02
dt_66:0.02
dt_67:0.02
dt_68:0.02
dt_69:0.02
dt_70:0.02
dt_71:0.02
dt_72:0.02
dt_73:0.02
dt_74:0.02
dt_75:0.02
dt_76:0.02
dt_77:0.02
dt_78:0.02
dt_79:0.02
dt_80:0.02
dt_81:0.02
dt_82:0.02
dt_83:0.02
dt_84:0.02
dt_85:0.02
dt_86:0.02
dt_87:0.02
dt_88:0.02
dt_89:0.02
dt_90:0.02
dt_91:0.02
dt_92:0.02
dt_93:0.02
dt_94:0.02
dt_95:0.02
dt_96:0.02
dt_97:0.02
dt_98:0.02
dt_99:0.02
[Control]
u_0:0.05192494995
u_1:0.1048400384
u_2:0.1909686037
u_3:0.3015511054
u_4:0.4279914722
u_5:0.5619540231
u_6:0.6882759813
u_7:0.6931877737
u_8:0.692890505
u_9:0.6933542354
u_10:0.6952466021
u_11:0.7008038158
u_12:0.6995254681
u_13:0.6990565691
u_14:0.7009273384
u_15:0.6977521006
u_16:0.6966304684
u_17:0.6951396933
u_18:0.6883804054
u_19:0.6805511467
u_20:0.659662646
u_21:0.5971270767
u_22:0.5342911278
u_23:0.4713232485
u_24:0.4084296592
u_25:0.3692082779
u_26:0.3593368837
u_27:0.3560428752
u_28:0.3559024329
u_29:0.3566386213
u_30:0.3574929325
u_31:0.3557041843
u_32:0.3535050522
u_33:0.3553824588
u_34:0.3566070399
u_35:0.3564174572
u_36:0.3586872932
u_37:0.3620096568
u_38:0.360532104
u_39:0.3674142045
u_40:0.3783888811
u_41:0.3850926882
u_42:0.3848093592
u_43:0.3852957523
u_44:0.3883036376
u_45:0.3891900592
u_46:0.3881734668
u_47:0.3847549393
u_48:0.386416319
u_49:0.3855962541
u_50:0.3843423756
u_51:0.3844736298
u_52:0.3851929486
u_53:0.3888122786
u_54:0.3941743541
u_55:0.4391532877
u_56:0.5324432115
u_57:0.6243160641
u_58:0.6517601013
u_59:0.6663862656
u_60:0.6697620615
u_61:0.6695366502
u_62:0.6670118931
u_63:0.6698903177
u_64:0.6712666384
u_65:0.6711173554
u_66:0.6660181126
u_67:0.665263407
u_68:0.6666749586
u_69:0.6696006993
u_70:0.6704967064
u_71:0.6701477246
u_72:0.6717489242
u_73:0.6703516605
u_74:0.6696887476
u_75:0.6699022274
u_76:0.6678017699
u_77:0.6637457212
u_78:0.651410167
u_79:0.6418662506
u_80:0.5767234377
u_81:0.5048403469
u_82:0.4330101429
u_83:0.4128126845
u_84:0.4056161427
u_85:0.405155485
u_86:0.4035042384
u_87:0.4023223176
u_88:0.4028840205
u_89:0.4025696605
u_90:0.4025339484
u_91:0.4004802231
u_92:0.3976587108
u_93:0.4011362881
u_94:0.4000083748
u_95:0.39990869
u_96:0.3995637471
u_97:0.4010299907
u_98:0.4022385296
u_99:0.3964658877
[Objective]
0.01181561373
