[Grid]
nodes:100
dt_0:0.02
dt_1:0.02
dt_2:0.02
dt_3:0.02
dt_4:0.02
dt_5:0.02
dt_6:0.02
dt_7:0.02
dt_8:0.02
dt_9:0.02
dt_10:0.02
dt_11:0.02
dt_12:0.02
dt_13:0.02
dt_14:0.02
dt_15:0.02
dt_16:0.02
dt_17:0.02
dt_18:0.02
dt_19:0.02
dt_20:0.02
dt_21:0.02
dt_22:0.02
dt_23:0.02
dt_24:0.02
dt_25:0.02
dt_26:0.02
dt_27:0.02
dt_28:0.02
dt_29:0.02
dt_30:0.02
dt_31:0.02
dt_32:0.02
dt_33:0.02
dt_34:0.02
dt_35:0.02
dt_36:0.02
dt_37:0.02
dt_38:0.02
dt_39:0.02
dt_40:0.02
dt_41:0.02
dt_42:0.02
dt_43:0.02
dt_44:0.02
dt_45:0.02
dt_46:0.02
dt_47:0.02
dt_48:0.02
dt_49:0.02
dt_50:0.02
dt_51:0.02
dt_52:0.02
dt_53:0.02
dt_54:0.02
dt_55:0.02
dt_56:0.02
dt_57:0.02
dt_58:0.02
dt_59:0.02
dt_60:0.02
dt_61:0.02
dt_62:0.02
dt_63:0.02
dt_64:0.02
dt_65:0.02
dt_66:0.02
dt_67:0.02
dt_68:0.02
dt_69:0.02
dt_70:0.02
dt_71:0.02
dt_72:0.02
dt_73:0.02
dt_74:0.02
dt_75:0.02
dt_76:0.02
dt_77:0.02
dt_78:0.02
dt_79:0.02
dt_80:0.02
dt_81:0.02
dt_82:0.02
dt_83:0.02
dt_84:0.02
dt_85:0.02
dt_86:0.02
dt_87:0.02
dt_88:0.02
dt_89:0.02
dt_90:0.02
dt_91:0.02
dt_92:0.02
dt_93:0.02
dt_94:0.02
dt_95:0.02
dt_96:0.02
dt_97:0.02
dt_98:0.02
dt_99:0.02
[Control]
u_0:0.05195042175
u_1:0.1048765054
u_2:0.1910214979
u_3:0.3016283776
u_4:0.4281049676
u_5:0.562121893
u_6:0.6745336024
u_7:0.7001692327
u_8:0.6987380797
u_9:0.6967586002
u_10:0.6939672126
u_11:0.6960978021
u_12:0.6983107917
u_13:0.7038448314
u_14:0.7027184473
u_15:0.6947544159
u_16:0.6981458779
u_17:0.695814045
u_18:0.6909464754
u_19:0.6935087621
u_20:0.6593025415
u_21:0.5969869684
u_22:0.5343487768
u_23:0.4715866451
u_24:0.4089376612
u_25:0.3660059055
u_26:0.3591374322
u_27:0.3515003586
u_28:0.3497910811
u_29:0.341202407
u_30:0.3437110241
u_31:0.3425743857
u_32:0.3440404139
u_33:0.3424181948
u_34:0.3390295315
u_35:0.3484012653
u_36:0.3469260997
u_37:0.3566511214
u_38:0.3630812052
u_39:0.3792092128
u_40:0.390487728
u_41:0.3889202664
u_42:0.3931994985
u_43:0.39276132
u_44:0.3955105276
u_45:0.3862930325
u_46:0.3926080826
u_47:0.3910534909
u_48:0.3815864275
u_49:0.3827833084
u_50:0.3905134502
u_51:0.394418479
u_52:0.4005348368
u_53:0.4035835802
u_54:0.4022857453
u_55:0.4383839252
u_56:0.5321121947
u_57:0.6243748369
u_58:0.6467192298
u_59:0.658912187
u_60:0.659520566
u_61:0.6629476176
u_62:0.6683238569
u_63:0.6702346785
u_64:0.6675670167
u_65:0.6646831528
u_66:0.6737192685
u_67:0.6757815052
u_68:0.6762051662
u_69:0.6711095289
u_70:0.6682297015
u_71:0.6716138679
u_72:0.6705401039
u_73:0.6751562449
u_74:0.6731192611
u_75:0.6717717766
u_76:0.6625140089
u_77:0.664789192
u_78:0.6641843338
u_79:0.6473489158
u_80:0.5759468322
u_81:0.504096814
u_82:0.4341531102
u_83:0.4215592476
u_84:0.4110944878
u_85:0.4116487492
u_86:0.4065007343
u_87:0.3966566145
u_88:0.4023794184
u_89:0.3992306163
u_90:0.401062023
u_91:0.4024932202
u_92:0.4005626272
u_93:0.4038853467
u_94:0.39845392
u_95:0.4052370048
u_96:0.402506786
u_97:0.3892340372
u_98:0.3912237373
u_99:0.3876763076
[Objective]
0.0118144051
