[Grid]
nodes:100
dt_0:0.02
dt_1:0.02
dt_2:0.02
dt_3:0.02
dt_4:0.02
dt_5:0.02
dt_6:0.02
dt_7:0.02
dt_8:0.02
dt_9:0.02
dt_10:0.02
dt_11:0.02
dt_12:0.02
dt_13:0.02
dt_14:0.02
dt_15:0.02
dt_16:0.02
dt_17:0.02
dt_18:0.02
dt_19:0.02
dt_20:0.02
dt_21:0.02
dt_22:0.02
dt_23:0.02
dt_24:0.02
dt_25:0.02
dt_26:0.02
dt_27:0.02
dt_28:0.02
dt_29:0.02
dt_30:0.02
dt_31:0.02
dt_32:0.02
dt_33:0.02
dt_34:0.02
dt_35:0.02
dt_36:0.02
dt_37:0.02
dt_38:0.02
dt_39:0.02
dt_40:0.02
dt_41:0.02
dt_42:0.02
dt_43:0.02
dt_44:0.02
dt_45:0.02
dt_46:0.02
dt_47:0.02
dt_48:0.02
dt_49:0.02
dt_50:0.02
dt_51:0.02
dt_52:0.02
dt_53:0.02
dt_54:0.02
dt_55:0.02
dt_56:0.02
dt_57:0.02
dt_58:0.02
dt_59:0.02
dt_60:0.02
dt_61:0.02
dt_62:0.02
dt_63:0.02
dt_64:0.02
dt_65:0.02
dt_66:0.02
dt_67:0.02
dt_68:0.02
dt_69:0.02
dt_70:0.02
dt_71:0.02
dt_72:0.02
dt_73:0.02
dt_74:0.02
dt_75:0.02
dt_76:0.02
dt_77:0.02
dt_78:0.02
dt_79:0.02
dt_80:0.02
dt_81:0.02
dt_82:0.02
dt_83:0.02
dt_84:0.02
dt_85:0.02
dt_86:0.02
dt_87:0.02
dt_88:0.02
dt_89:0.02
dt_90:0.02
dt_91:0.02
dt_92:0.02
dt_93:0.02
dt_94:0.02
dt_95:0.02
dt_96:0.02
dt_97:0.02
dt_98:0.02
dt_99:0.02
[Control]
u_0:0.05198803722
u_1:0.1049302686
u_2:0.1910992678
u_3:0.3017415523
u_4:0.4282702533
u_5:0.5623640993
u_6:0.6706427066
u_7:0.694168361
u_8:0.6946304141
u_9:0.6991045679
u_10:0.7002434302
u_11:0.6977320404
u_12:0.695590181
u_13:0.7044881159
u_14:0.7055536068
u_15:0.6994823239
u_16:0.6925957553
u_17:0.6946129296
u_18:0.6960274767
u_19:0.6890141397
u_20:0.6593648356
u_21:0.5970356395
u_22:0.5343913055
u_23:0.4716294536
u_24:0.4089874073
u_25:0.3612347631
u_26:0.365662499
u_27:0.3530719268
u_28:0.3477515522
u_29:0.3394006623
u_30:0.3413836001
u_31:0.3381235547
u_32:0.3451166345
u_33:0.3489816072
u_34:0.3353076498
u_35:0.3473628548
u_36:0.3493795383
u_37:0.3600657936
u_38:0.3572008939
u_39:0.3789746372
u_40:0.389325411
u_41:0.393143752
u_42:0.3900061554
u_43:0.395357945
u_44:0.3948923533
u_45:0.388649085
u_46:0.3950121052
u_47:0.3943231345
u_48:0.3829802546
u_49:0.3805833674
u_50:0.3936768513
u_51:0.39066514
u_52:0.3971488799
u_53:0.3982414448
u_54:0.4109776871
u_55:0.4383227302
u_56:0.5320973231
u_57:0.6241966193
u_58:0.6446232101
u_59:0.6583561211
u_60:0.6629990782
u_61:0.661698325
u_62:0.6658340427
u_63:0.6644236144
u_64:0.6681081457
u_65:0.6737565195
u_66:0.676866142
u_67:0.6705270712
u_68:0.678161
u_69:0.6704706266
u_70:0.6649208568
u_71:0.673246827
u_72:0.6724338459
u_73:0.6696546016
u_74:0.6724292204
u_75:0.6679452754
u_76:0.6685334895
u_77:0.6664412603
u_78:0.6626557533
u_79:0.6473539928
u_80:0.5759622485
u_81:0.5041252002
u_82:0.4322344747
u_83:0.4160783062
u_84:0.4163433947
u_85:0.4143896825
u_86:0.4047086266
u_87:0.4050519633
u_88:0.4040960265
u_89:0.4008737224
u_90:0.4001158444
u_91:0.3995929935
u_92:0.3970220957
u_93:0.4013013946
u_94:0.4001175719
u_95:0.4058112434
u_96:0.3990075281
u_97:0.3925719879
u_98:0.3901814936
u_99:0.3853787674
[Objective]
0.01181426897
