[Grid]
nodes:100
dt_0:0.02
dt_1:0.02
dt_2:0.02
dt_3:0.02
dt_4:0.02
dt_5:0.02
dt_6:0.02
dt_7:0.02
dt_8:0.02
dt_9:0.02
dt_10:0.02
dt_11:0.02
dt_12:0.02
dt_13:0.02
dt_14:0.02
dt_15:0.02
dt_16:0.02
dt_17:0.02
dt_18:0.02
dt_19:0.02
dt_20:0.02
dt_21:0.02
dt_22:0.02
dt_23:0.02
dt_24:0.02
dt_25:0.02
dt_26:0.02
dt_27:0.02
dt_28:0.02
dt_29:0.02
dt_30:0.02
dt_31:0.02
dt_32:0.02
dt_33:0.02
dt_34:0.02
dt_35:0.02
dt_36:0.02
dt_37:0.02
dt_38:0.02
dt_39:0.02
dt_40:0.02
dt_41:0.02
dt_42:0.02
dt_43:0.02
dt_44:0.02
dt_45:0.02
dt_46:0.02
dt_47:0.02
dt_48:0.02
dt_49:0.02
dt_50:0.02
dt_51:0.02
dt_52:0.02
dt_53:0.02
dt_54:0.02
dt_55:0.02
dt_56:0.02
dt_57:0.02
dt_58:0.02
dt_59:0.02
dt_60:0.02
dt_61:0.02
dt_62:0.02
dt_63:0.02
dt_64:0.02
dt_65:0.02
dt_66:0.02
dt_67:0.02
dt_68:0.02
dt_69:0.02
dt_70:0.02
dt_71:0.02
dt_72:0.02
dt_73:0.02
dt_74:0.02
dt_75:0.02
dt_76:0.02
dt_77:0.02
dt_78:0.02
dt_79:0.02
dt_80:0.02
dt_81:0.02
dt_82:0.02
dt_83:0.02
dt_84:0.02
dt_85:0.02
dt_86:0.02
dt_87:0.02
dt_88:0.02
dt_89:0.02
dt_90:0.02
dt_91:0.02
dt_92:0.02
dt_93:0.02
dt_94:0.02
dt_95:0.02
dt_96:0.02
dt_97:0.02
dt_98:0.02
dt_99:0.02
[Control]
u_0:0.05211763749
u_1:0.1051154292
u_2:0.1913669628
u_3:0.3021309017
u_4:0.4288385569
u_5:0.5631962411
u_6:0.6626615371
u_7:0.6723403838
u_8:0.6801360783
u_9:0.6966807896
u_10:0.704963212
u_11:0.7034226887
u_12:0.7105615758
u_13:0.7010695067
u_14:0.7083519463
u_15:0.7165065544
u_16:0.7061882283
u_17:0.7075595893
u_18:0.705284108
u_19:0.6871822419
u_20:0.6587087721
u_21:0.596623821
u_22:0.5341631934
u_23:0.4715512224
u_24:0.409046004
u_25:0.3799898733
u_26:0.3541246782
u_27:0.3398425531
u_28:0.3347877656
u_29:0.3314794245
u_30:0.3313732058
u_31:0.3448026776
u_32:0.34212214
u_33:0.3305439779
u_34:0.3321033225
u_35:0.3352062361
u_36:0.3246112226
u_37:0.3409944525
u_38:0.3644425558
u_39:0.3840157223
u_40:0.39083446
u_41:0.4070123698
u_42:0.3933684797
u_43:0.4023435483
u_44:0.4041331914
u_45:0.3986511035
u_46:0.4020374915
u_47:0.3878809836
u_48:0.3921158452
u_49:0.3794363919
u_50:0.3834037857
u_51:0.3980754047
u_52:0.3979212003
u_53:0.4127156702
u_54:0.4158692455
u_55:0.4381545377
u_56:0.5322816564
u_57:0.6203822259
u_58:0.6322153078
u_59:0.651249897
u_60:0.6661359556
u_61:0.6525712826
u_62:0.6605740133
u_63:0.6616465302
u_64:0.6701153161
u_65:0.674326797
u_66:0.6766791985
u_67:0.679185589
u_68:0.676565495
u_69:0.6885054487
u_70:0.6691065936
u_71:0.6679308874
u_72:0.6773605739
u_73:0.6637508846
u_74:0.6816958969
u_75:0.6868553602
u_76:0.6894350797
u_77:0.679501409
u_78:0.6571913827
u_79:0.6269153643
u_80:0.5749530542
u_81:0.5025995366
u_82:0.4586505317
u_83:0.444985223
u_84:0.422363266
u_85:0.4160655188
u_86:0.4022186391
u_87:0.399492055
u_88:0.4060444028
u_89:0.3958348955
u_90:0.3998259556
u_91:0.399512316
u_92:0.3911269771
u_93:0.4105143478
u_94:0.4033683574
u_95:0.4010877807
u_96:0.4018600071
u_97:0.3844756481
u_98:0.3582082499
u_99:0.3652934425
[Objective]
0.01181130672
