[Grid]
nodes:100
dt_0:0.02
dt_1:0.02
dt_2:0.02
dt_3:0.02
dt_4:0.02
dt_5:0.02
dt_6:0.02
dt_7:0.02
dt_8:0.02
dt_9:0.02
dt_10:0.02
dt_11:0.02
dt_12:0.02
dt_13:0.02
dt_14:0.02
dt_15:0.02
dt_16:0.02
dt_17:0.02
dt_18:0.02
dt_19:0.02
dt_20:0.02
dt_21:0.02
dt_22:0.02
dt_23:0.02
dt_24:0.02
dt_25:0.02
dt_26:0.02
dt_27:0.02
dt_28:0.02
dt_29:0.02
dt_30:0.02
dt_31:0.02
dt_32:0.02
dt_33:0.02
dt_34:0.02
dt_35:0.02
dt_36:0.02
dt_37:0.02
dt_38:0.02
dt_39:0.02
dt_40:0.02
dt_41:0.02
dt_42:0.02
dt_43:0.02
dt_44:0.02
dt_45:0.02
dt_46:0.02
dt_47:0.02
dt_48:0.02
dt_49:0.02
dt_50:0.02
dt_51:0.02
dt_52:0.02
dt_53:0.02
dt_54:0.02
dt_55:0.02
dt_56:0.02
dt_57:0.02
dt_58:0.02
dt_59:0.02
dt_60:0.02
dt_61:0.02
dt_62:0.02
dt_63:0.02
dt_64:0.02
dt_65:0.02
dt_66:0.02
dt_67:0.02
dt_68:0.02
dt_69:0.02
dt_70:0.02
dt_71:0.02
dt_72:0.02
dt_73:0.02
dt_74:0.02
dt_75:0.02
dt_76:0.02
dt_77:0.02
dt_78:0.02
dt_79:0.02
dt_80:0.02
dt_81:0.02
dt_82:0.02
dt_83:0.02
dt_84:0.02
dt_85:0.02
dt_86:0.02
dt_87:0.02
dt_88:0.02
dt_89:0.02
dt_90:0.02
dt_91:0.02
dt_92:0.02
dt_93:0.02
dt_94:0.02
dt_95:0.02
dt_96:0.02
dt_97:0.02
dt_98:0.02
dt_99:0.02
[Control]
u_0:0.0519194233
u_1:0.1048321787
u_2:0.1909573307
u_3:0.3015349051
u_4:0.4279682591
u_5:0.5619210708
u_6:0.6847967896
u_7:0.6908583853
u_8:0.6963277665
u_9:0.6998233539
u_10:0.6988222168
u_11:0.7033031055
u_12:0.6993967901
u_13:0.702701448
u_14:0.702906897
u_15:0.6988805555
u_16:0.7006758632
u_17:0.6983349066
u_18:0.689707499
u_19:0.6695587465
u_20:0.6598544161
u_21:0.5972749295
u_22:0.5344176496
u_23:0.4714472537
u_24:0.4085695602
u_25:0.3689995433
u_26:0.3685263971
u_27:0.3535389891
u_28:0.3516801174
u_29:0.3456247428
u_30:0.3506613601
u_31:0.3479244019
u_32:0.3479380566
u_33:0.3482797595
u_34:0.3477259371
u_35:0.3552002974
u_36:0.3580135475
u_37:0.3592403438
u_38:0.3666118434
u_39:0.3694626257
u_40:0.3786608803
u_41:0.3844778412
u_42:0.3854410485
u_43:0.385719213
u_44:0.3857521656
u_45:0.387932378
u_46:0.3915855538
u_47:0.3885761103
u_48:0.3886786339
u_49:0.389051919
u_50:0.3855902107
u_51:0.3913067755
u_52:0.3914894962
u_53:0.3933269512
u_54:0.3929874504
u_55:0.4389150656
u_56:0.5323305962
u_57:0.6243120664
u_58:0.6572283689
u_59:0.6590699782
u_60:0.6648018778
u_61:0.6651053846
u_62:0.6645068082
u_63:0.6660581552
u_64:0.6701527877
u_65:0.6677229997
u_66:0.6708644893
u_67:0.6724457794
u_68:0.67793971
u_69:0.676528847
u_70:0.6725493383
u_71:0.6701669556
u_72:0.6707043102
u_73:0.6706495875
u_74:0.6719089134
u_75:0.6706815801
u_76:0.6637442925
u_77:0.6566706892
u_78:0.6588757798
u_79:0.6477918562
u_80:0.5764665011
u_81:0.5046516303
u_82:0.4328609081
u_83:0.4115619126
u_84:0.407102847
u_85:0.4109410281
u_86:0.4013338428
u_87:0.4005422942
u_88:0.4017943102
u_89:0.3982536827
u_90:0.4021178552
u_91:0.4016907097
u_92:0.400734723
u_93:0.4006083994
u_94:0.399122594
u_95:0.4032302609
u_96:0.4086974763
u_97:0.4019055621
u_98:0.3967664986
u_99:0.3877118466
[Objective]
0.01181518931
