[Grid]
nodes:100
dt_0:0.02
dt_1:0.02
dt_2:0.02
dt_3:0.02
dt_4:0.02
dt_5:0.02
dt_6:0.02
dt_7:0.02
dt_8:0.02
dt_9:0.02
dt_10:0.02
dt_11:0.02
dt_12:0.02
dt_13:0.02
dt_14:0.02
dt_15:0.02
dt_16:0.02
dt_17:0.02
dt_18:0.02
dt_19:0.02
dt_20:0.02
dt_21:0.02
dt_22:0.02
dt_23:0.02
dt_24:0.02
dt_25:0.02
dt_26:0.02
dt_27:0.02
dt_28:0.02
dt_29:0.02
dt_30:0.02
dt_31:0.02
dt_32:0.02
dt_33:0.02
dt_34:0.02
dt_35:0.02
dt_36:0.02
dt_37:0.02
dt_38:0.02
dt_39:0.02
dt_40:0.02
dt_41:0.02
dt_42:0.02
dt_43:0.02
dt_44:0.02
dt_45:0.02
dt_46:0.02
dt_47:0.02
dt_48:0.02
dt_49:0.02
dt_50:0.02
dt_51:0.02
dt_52:0.02
dt_53:0.02
dt_54:0.02
dt_55:0.02
dt_56:0.02
dt_57:0.02
dt_58:0.02
dt_59:0.02
dt_60:0.02
dt_61:0.02
dt_62:0.02
dt_63:0.02
dt_64:0.02
dt_65:0.02
dt_66:0.02
dt_67:0.02
dt_68:0.02
dt_69:0.02
dt_70:0.02
dt_71:0.02
dt_72:0.02
dt_73:0.02
dt_74:0.02
dt_75:0.02
dt_76:0.02
dt_77:0.02
dt_78:0.02
dt_79:0.02
dt_80:0.02
dt_81:0.02
dt_82:0.02
dt_83:0.02
dt_84:0.02
dt_85:0.02
dt_86:0.02
dt_87:0.02
dt_88:0.02
dt_89:0.02
dt_90:0.02
dt_91:0.02
dt_92:0.02
dt_93:0.02
dt_94:0.02
dt_95:0.02
dt_96:0.02
dt_97:0.02
dt_98:0.02
dt_99:0.02
[Control]
u_0:0.05192597818
u_1:0.1048415501
u_2:0.1909708834
u_3:0.3015545838
u_4:0.4279968055
u_5:0.5619622041
u_6:0.6894312335
u_7:0.6903397377
u_8:0.6923823161
u_9:0.6957071299
u_10:0.697409037
u_11:0.6979186797
u_12:0.6981454861
u_13:0.7018578214
u_14:0.6992709611
u_15:0.6970003106
u_16:0.696149669
u_17:0.6973096466
u_18:0.6893397149
u_19:0.6799756582
u_20:0.6596272076
u_21:0.597093436
u_22:0.5342542854
u_23:0.4712777739
u_24:0.4083688287
u_25:0.3711949626
u_26:0.3580756207
u_27:0.359640916
u_28:0.3539240927
u_29:0.3558284963
u_30:0.3563078751
u_31:0.3561476803
u_32:0.352946584
u_33:0.3537316142
u_34:0.3563768423
u_35:0.3573262998
u_36:0.3596167021
u_37:0.3629797078
u_38:0.3630962848
u_39:0.3706109668
u_40:0.3767350232
u_41:0.380522355
u_42:0.3840490626
u_43:0.3851345794
u_44:0.3884484932
u_45:0.3884501647
u_46:0.3894310226
u_47:0.3856360302
u_48:0.3838153561
u_49:0.3860143746
u_50:0.3864447061
u_51:0.3854292696
u_52:0.3854305055
u_53:0.3872313459
u_54:0.3928144927
u_55:0.4391982628
u_56:0.5324681092
u_57:0.6243247242
u_58:0.6527435814
u_59:0.6671975132
u_60:0.667118537
u_61:0.667696084
u_62:0.6698576225
u_63:0.6710402198
u_64:0.6704238596
u_65:0.669370136
u_66:0.6684130973
u_67:0.6684635948
u_68:0.6706715046
u_69:0.6681441869
u_70:0.6662680901
u_71:0.6681558721
u_72:0.6711228561
u_73:0.6728486546
u_74:0.6701439858
u_75:0.6682086121
u_76:0.6649625479
u_77:0.6609201522
u_78:0.6543321347
u_79:0.644125646
u_80:0.5766855837
u_81:0.5048238417
u_82:0.4330123537
u_83:0.411776798
u_84:0.4093604397
u_85:0.4019850797
u_86:0.3999378869
u_87:0.4034309742
u_88:0.405557878
u_89:0.4011506043
u_90:0.4014637376
u_91:0.3984430909
u_92:0.4002108469
u_93:0.3992547486
u_94:0.3990347159
u_95:0.4014914038
u_96:0.4047724609
u_97:0.4015962053
u_98:0.3987622937
u_99:0.3977352329
[Objective]
0.01181565788
