[Grid]
nodes:100
dt_0:0.02
dt_1:0.02
dt_2:0.02
dt_3:0.02
dt_4:0.02
dt_5:0.02
dt_6:0.02
dt_7:0.02
dt_8:0.02
dt_9:0.02
dt_10:0.02
dt_11:0.02
dt_12:0.02
dt_13:0.02
dt_14:0.02
dt_15:0.02
dt_16:0.02
dt_17:0.02
dt_18:0.02
dt_19:0.02
dt_20:0.02
dt_21:0.02
dt_22:0.02
dt_23:0.02
dt_24:0.02
dt_25:0.02
dt_26:0.02
dt_27:0.02
dt_28:0.02
dt_29:0.02
dt_30:0.02
dt_31:0.02
dt_32:0.02
dt_33:0.02
dt_34:0.02
dt_35:0.02
dt_36:0.02
dt_37:0.02
dt_38:0.02
dt_39:0.02
dt_40:0.02
dt_41:0.02
dt_42:0.02
dt_43:0.02
dt_44:0.02
dt_45:0.02
dt_46:0.02
dt_47:0.02
dt_48:0.02
dt_49:0.02
dt_50:0.02
dt_51:0.02
dt_52:0.02
dt_53:0.02
dt_54:0.02
dt_55:0.02
dt_56:0.02
dt_57:0.02
dt_58:0.02
dt_59:0.02
dt_60:0.02
dt_61:0.02
dt_62:0.02
dt_63:0.02
dt_64:0.02
dt_65:0.02
dt_66:0.02
dt_67:0.02
dt_68:0.02
dt_69:0.02
dt_70:0.02
dt_71:0.02
dt_72:0.02
dt_73:0.02
dt_74:0.02
dt_75:0.02
dt_76:0.02
dt_77:0.02
dt_78:0.02
dt_79:0.02
dt_80:0.02
dt_81:0.02
dt_82:0.02
dt_83:0.02
dt_84:0.02
dt_85:0.02
dt_86:0.02
dt_87:0.02
dt_88:0.02
dt_89:0.02
dt_90:0.02
dt_91:0.02
dt_92:0.02
dt_93:0.02
dt_94:0.02
dt_95:0.02
dt_96:0.02
dt_97:0.02
dt_98:0.02
dt_99:0.02
[Control]
u_0:0.05201933893
u_1:0.1049749757
u_2:0.191163878
u_3:0.3018354959
u_4:0.4284073568
u_5:0.5625648724
u_6:0.6684972744
u_7:0.6884688146
u_8:0.6942884273
u_9:0.695184313
u_10:0.6991427477
u_11:0.7028895091
u_12:0.704204191
u_13:0.699542386
u_14:0.704233278
u_15:0.705139051
u_16:0.6967768191
u_17:0.6942243336
u_18:0.6936402519
u_19:0.6828562863
u_20:0.6595056675
u_21:0.5971138126
u_22:0.5344190397
u_23:0.4716108722
u_24:0.4089192698
u_25:0.3657541407
u_26:0.364949672
u_27:0.3559029909
u_28:0.3431772769
u_29:0.341467105
u_30:0.3370508409
u_31:0.340945038
u_32:0.3384612507
u_33:0.3435117888
u_34:0.344406879
u_35:0.3442712752
u_36:0.3543030793
u_37:0.3539857193
u_38:0.3617674041
u_39:0.3807255365
u_40:0.3852502358
u_41:0.3893775743
u_42:0.3913827802
u_43:0.3929721235
u_44:0.3965486736
u_45:0.3932040542
u_46:0.3957182443
u_47:0.3942844277
u_48:0.3886869337
u_49:0.3858572755
u_50:0.3894031843
u_51:0.3914780837
u_52:0.3914403493
u_53:0.3940423007
u_54:0.4179416503
u_55:0.438270199
u_56:0.5320760799
u_57:0.6237271389
u_58:0.6450611178
u_59:0.660095743
u_60:0.655980048
u_61:0.6656165414
u_62:0.6624341683
u_63:0.6652583302
u_64:0.6713927176
u_65:0.6742098615
u_66:0.6776873566
u_67:0.6768112308
u_68:0.6765553832
u_69:0.6653143585
u_70:0.668567948
u_71:0.6673744094
u_72:0.6671261282
u_73:0.6705415474
u_74:0.6710038265
u_75:0.6717494024
u_76:0.6693279327
u_77:0.666827941
u_78:0.6617996082
u_79:0.6473502074
u_80:0.5759536217
u_81:0.5041106906
u_82:0.4322122241
u_83:0.4132612657
u_84:0.4195880755
u_85:0.415420632
u_86:0.4074833504
u_87:0.4057929615
u_88:0.4023946243
u_89:0.3997368439
u_90:0.4015519724
u_91:0.3994126846
u_92:0.3964264007
u_93:0.3980713082
u_94:0.3995262033
u_95:0.4051267065
u_96:0.3974651426
u_97:0.3968247469
u_98:0.3904732422
u_99:0.3841084549
[Objective]
0.01181414002
