[Grid]
nodes:100
dt_0:0.02
dt_1:0.02
dt_2:0.02
dt_3:0.02
dt_4:0.02
dt_5:0.02
dt_6:0.02
dt_7:0.02
dt_8:0.02
dt_9:0.02
dt_10:0.02
dt_11:0.02
dt_12:0.02
dt_13:0.02
dt_14:0.02
dt_15:0.02
dt_16:0.02
dt_17:0.02
dt_18:0.02
dt_19:0.02
dt_20:0.02
dt_21:0.02
dt_22:0.02
dt_23:0.02
dt_24:0.02
dt_25:0.02
dt_26:0.02
dt_27:0.02
dt_28:0.02
dt_29:0.02
dt_30:0.02
dt_31:0.02
dt_32:0.02
dt_33:0.02
dt_34:0.02
dt_35:0.02
dt_36:0.02
dt_37:0.02
dt_38:0.02
dt_39:0.02
dt_40:0.02
dt_41:0.02
dt_42:0.02
dt_43:0.02
dt_44:0.02
dt_45:0.02
dt_46:0.02
dt_47:0.02
dt_48:0.02
dt_49:0.02
dt_50:0.02
dt_51:0.02
dt_52:0.02
dt_53:0.02
dt_54:0.02
dt_55:0.02
dt_56:0.02
dt_57:0.02
dt_58:0.02
dt_59:0.02
dt_60:0.02
dt_61:0.02
dt_62:0.02
dt_63:0.02
dt_64:0.02
dt_65:0.02
dt_66:0.02
dt_67:0.02
dt_68:0.02
dt_69:0.02
dt_70:0.02
dt_71:0.02
dt_72:0.02
dt_73:0.02
dt_74:0.02
dt_75:0.02
dt_76:0.02
dt_77:0.02
dt_78:0.02
dt_79:0.02
dt_80:0.02
dt_81:0.02
dt_82:0.02
dt_83:0.02
dt_84:0.02
dt_85:0.02
dt_86:0.02
dt_87:0.02
dt_88:0.02
dt_89:0.02
dt_90:0.02
dt_91:0.02
dt_92:0.02
dt_93:0.02
dt_94:0.02
dt_95:0.02
dt_96:0.02
dt_97:0.02
dt_98:0.02
dt_99:0.02
[Control]
u_0:0.05281503226
u_1:0.1061120951
u_2:0.1928086132
u_3:0.304229462
u_4:0.4319064163
u_5:0.5414338579
u_6:0.5875184391
u_7:0.6152564277
u_8:0.6532276116
u_9:0.7021143834
u_10:0.719769685
u_11:0.7367761026
u_12:0.7446428728
u_13:0.7258329101
u_14:0.7490770012
u_15:0.7589890029
u_16:0.7279947706
u_17:0.7502351512
u_18:0.731180159
u_19:0.7158449816
u_20:0.6559203781
u_21:0.5950961471
u_22:0.5336685172
u_23:0.4720173935
u_24:0.4105456437
u_25:0.349621587
u_26:0.3330662752
u_27:0.312779055
u_28:0.3340895238
u_29:0.3209196887
u_30:0.3259309442
u_31:0.3219341373
u_32:0.3301153602
u_33:0.3043721275
u_34:0.3322310003
u_35:0.3164893254
u_36:0.3199862709
u_37:0.3271533531
u_38:0.336805033
u_39:0.3885815489
u_40:0.4163142461
u_41:0.4234277402
u_42:0.4466508486
u_43:0.4571809248
u_44:0.4307041754
u_45:0.4468994324
u_46:0.4053462105
u_47:0.4042463736
u_48:0.3850250998
u_49:0.3539240892
u_50:0.3653982491
u_51:0.3396396651
u_52:0.3605716676
u_53:0.3842803571
u_54:0.4170505538
u_55:0.440886514
u_56:0.5347001873
u_57:0.6011709166
u_58:0.6158280404
u_59:0.6498936339
u_60:0.6526858513
u_61:0.6592611833
u_62:0.6567021546
u_63:0.6681921591
u_64:0.6616530739
u_65:0.6941723605
u_66:0.6944469661
u_67:0.7130861237
u_68:0.7193150221
u_69:0.709459446
u_70:0.6846493427
u_71:0.6807383831
u_72:0.6536557045
u_73:0.6777123005
u_74:0.669932502
u_75:0.6887073712
u_76:0.7038926419
u_77:0.6726871746
u_78:0.6717222301
u_79:0.6450256093
u_80:0.5736956166
u_81:0.5015818596
u_82:0.4725804038
u_83:0.4387650962
u_84:0.4277226874
u_85:0.405833691
u_86:0.3907350681
u_87:0.3918135603
u_88:0.4079865912
u_89:0.4151277653
u_90:0.4052610545
u_91:0.4203437116
u_92:0.4446334947
u_93:0.4073886081
u_94:0.3622673868
u_95:0.3766524233
u_96:0.3996564063
u_97:0.3733004523
u_98:0.39275806
u_99:0.3204239271
[Objective]
0.01180031455
