[Grid]
nodes:100
dt_0:0.02
dt_1:0.02
dt_2:0.02
dt_3:0.02
dt_4:0.02
dt_5:0.02
dt_6:0.02
dt_7:0.02
dt_8:0.02
dt_9:0.02
dt_10:0.02
dt_11:0.02
dt_12:0.02
dt_13:0.02
dt_14:0.02
dt_15:0.02
dt_16:0.02
dt_17:0.02
dt_18:0.02
dt_19:0.02
dt_20:0.02
dt_21:0.02
dt_22:0.02
dt_23:0.02
dt_24:0.02
dt_25:0.02
dt_26:0.02
dt_27:0.02
dt_28:0.02
dt_29:0.02
dt_30:0.02
dt_31:0.02
dt_32:0.02
dt_33:0.02
dt_34:0.02
dt_35:0.02
dt_36:0.02
dt_37:0.02
dt_38:0.02
dt_39:0.02
dt_40:0.02
dt_41:0.02
dt_42:0.02
dt_43:0.02
dt_44:0.02
dt_45:0.02
dt_46:0.02
dt_47:0.02
dt_48:0.02
dt_49:0.02
dt_50:0.02
dt_51:0.02
dt_52:0.02
dt_53:0.02
dt_54:0.02
dt_55:0.02
dt_56:0.02
dt_57:0.02
dt_58:0.02
dt_59:0.02
dt_60:0.02
dt_61:0.02
dt_62:0.02
dt_63:0.02
dt_64:0.02
dt_65:0.02
dt_66:0.02
dt_67:0.02
dt_68:0.02
dt_69:0.02
dt_70:0.02
dt_71:0.02
dt_72:0.02
dt_73:0.02
dt_74:0.02
dt_75:0.02
dt_76:0.02
dt_77:0.02
dt_78:0.02
dt_79:0.02
dt_80:0.02
dt_81:0.02
dt_82:0.02
dt_83:0.02
dt_84:0.02
dt_85:0.02
dt_86:0.02
dt_87:0.02
dt_88:0.02
dt_89:0.02
dt_90:0.02
dt_91:0.02
dt_92:0.02
dt_93:0.02
dt_94:0.02
dt_95:0.02
dt_96:0.02
dt_97:0.02
dt_98:0.02
dt_99:0.02
[Control]
u_0:0.05206851771
u_1:0.1050452507
u_2:0.1912654926
u_3:0.3019832714
u_4:0.4286229161
u_5:0.5628800184
u_6:0.6666067529
u_7:0.6859178167
u_8:0.6886372021
u_9:0.6841748645
u_10:0.695287108
u_11:0.698805491
u_12:0.7072163997
u_13:0.7109397192
u_14:0.7082539845
u_15:0.7080777507
u_16:0.7037346456
u_17:0.708710686
u_18:0.6963881524
u_19:0.6844916736
u_20:0.6590630285
u_21:0.5968592119
u_22:0.5343148484
u_23:0.4716415677
u_24:0.4090885814
u_25:0.3772986197
u_26:0.3500949393
u_27:0.3439764234
u_28:0.3466696083
u_29:0.3383210275
u_30:0.3325821335
u_31:0.3327421011
u_32:0.3316636667
u_33:0.3327887689
u_34:0.3354598774
u_35:0.3397482495
u_36:0.340544321
u_37:0.3494692405
u_38:0.3574651128
u_39:0.3877517964
u_40:0.4000035163
u_41:0.3939866894
u_42:0.3959454262
u_43:0.4033467139
u_44:0.3949449975
u_45:0.3981842671
u_46:0.3919149303
u_47:0.3897866112
u_48:0.3835888628
u_49:0.3940152666
u_50:0.3957280224
u_51:0.3966429632
u_52:0.3953178255
u_53:0.4018979788
u_54:0.4199342766
u_55:0.4381729014
u_56:0.5322733347
u_57:0.6077653338
u_58:0.6432033334
u_59:0.6618406851
u_60:0.6655004048
u_61:0.6610792722
u_62:0.6612554167
u_63:0.6631429207
u_64:0.6668245589
u_65:0.6638965231
u_66:0.6744339115
u_67:0.668967874
u_68:0.6713532757
u_69:0.677647628
u_70:0.6795488703
u_71:0.6714150093
u_72:0.6816026809
u_73:0.6757386527
u_74:0.6845419348
u_75:0.6819254539
u_76:0.6678545108
u_77:0.6688836828
u_78:0.6637062764
u_79:0.6329950989
u_80:0.5753374209
u_81:0.5031193998
u_82:0.4490935772
u_83:0.4305347592
u_84:0.427486316
u_85:0.4151795085
u_86:0.4078043927
u_87:0.4074447135
u_88:0.4024215918
u_89:0.3988618639
u_90:0.4008262179
u_91:0.3993424476
u_92:0.3999798549
u_93:0.3949537603
u_94:0.3979291592
u_95:0.396735274
u_96:0.3960787803
u_97:0.3986038695
u_98:0.3855141361
u_99:0.3520523409
[Objective]
0.01181221504
