[Grid]
nodes:100
dt_0:0.02
dt_1:0.02
dt_2:0.02
dt_3:0.02
dt_4:0.02
dt_5:0.02
dt_6:0.02
dt_7:0.02
dt_8:0.02
dt_9:0.02
dt_10:0.02
dt_11:0.02
dt_12:0.02
dt_13:0.02
dt_14:0.02
dt_15:0.02
dt_16:0.02
dt_17:0.02
dt_18:0.02
dt_19:0.02
dt_20:0.02
dt_21:0.02
dt_22:0.02
dt_23:0.02
dt_24:0.02
dt_25:0.02
dt_26:0.02
dt_27:0.02
dt_28:0.02
dt_29:0.02
dt_30:0.02
dt_31:0.02
dt_32:0.02
dt_33:0.02
dt_34:0.02
dt_35:0.02
dt_36:0.02
dt_37:0.02
dt_38:0.02
dt_39:0.02
dt_40:0.02
dt_41:0.02
dt_42:0.02
dt_43:0.02
dt_44:0.02
dt_45:0.02
dt_46:0.02
dt_47:0.02
dt_48:0.02
dt_49:0.02
dt_50:0.02
dt_51:0.02
dt_52:0.02
dt_53:0.02
dt_54:0.02
dt_55:0.02
dt_56:0.02
dt_57:0.02
dt_58:0.02
dt_59:0.02
dt_60:0.02
dt_61:0.02
dt_62:0.02
dt_63:0.02
dt_64:0.02
dt_65:0.02
dt_66:0.02
dt_67:0.02
dt_68:0.02
dt_69:0.02
dt_70:0.02
dt_71:0.02
dt_72:0.02
dt_73:0.02
dt_74:0.02
dt_75:0.02
dt_76:0.02
dt_77:0.02
dt_78:0.02
dt_79:0.02
dt_80:0.02
dt_81:0.02
dt_82:0.02
dt_83:0.02
dt_84:0.02
dt_85:0.02
dt_86:0.02
dt_87:0.02
dt_88:0.02
dt_89:0.02
dt_90:0.02
dt_91:0.02
dt_92:0.02
dt_93:0.02
dt_94:0.02
dt_95:0.02
dt_96:0.02
dt_97:0.02
dt_98:0.02
dt_99:0.02
[Control]
u_0:0.05235237757
u_1:0.1054509181
u_2:0.1918522072
u_3:0.3028369459
u_4:0.4298694305
u_5:0.5647064413
u_6:0.6379786751
u_7:0.6487469645
u_8:0.6679866938
u_9:0.6828822746
u_10:0.7003601227
u_11:0.7129688795
u_12:0.7087502528
u_13:0.7199573168
u_14:0.7248304175
u_15:0.7283414231
u_16:0.7434659673
u_17:0.7305687221
u_18:0.7122656517
u_19:0.6788402917
u_20:0.6577848266
u_21:0.5960067334
u_22:0.5337632395
u_23:0.4713099763
u_24:0.4089274749
u_25:0.3869510666
u_26:0.3524300593
u_27:0.3437584459
u_28:0.3270436668
u_29:0.3369833287
u_30:0.3156174288
u_31:0.3188139284
u_32:0.318143492
u_33:0.3224277927
u_34:0.3286827898
u_35:0.3275644673
u_36:0.3284048998
u_37:0.3374873065
u_38:0.3466678798
u_39:0.4025217311
u_40:0.425196947
u_41:0.4187144444
u_42:0.4210797057
u_43:0.3990500231
u_44:0.3824870327
u_45:0.4009452413
u_46:0.4073551963
u_47:0.4100911055
u_48:0.4003705502
u_49:0.3800428255
u_50:0.3869836907
u_51:0.3747362873
u_52:0.3910654424
u_53:0.3949022169
u_54:0.4109635694
u_55:0.4395941146
u_56:0.533750815
u_57:0.584658024
u_58:0.6453992677
u_59:0.6502592432
u_60:0.6534369814
u_61:0.6528780697
u_62:0.6657968265
u_63:0.6724575999
u_64:0.6863823858
u_65:0.6726017825
u_66:0.6808902331
u_67:0.6635701578
u_68:0.6740991001
u_69:0.6755717723
u_70:0.680490395
u_71:0.6964766712
u_72:0.6883556322
u_73:0.6954933005
u_74:0.6876434627
u_75:0.6802104379
u_76:0.6809548265
u_77:0.6642150539
u_78:0.655070156
u_79:0.6375745069
u_80:0.574278078
u_81:0.5017505722
u_82:0.4646116814
u_83:0.4459383823
u_84:0.4221354627
u_85:0.4364182766
u_86:0.427563708
u_87:0.4250285877
u_88:0.4068448166
u_89:0.3929873141
u_90:0.3870672299
u_91:0.380185325
u_92:0.3925165636
u_93:0.3949826382
u_94:0.3920950352
u_95:0.3827164398
u_96:0.3884176208
u_97:0.3832376574
u_98:0.3744482066
u_99:0.3649824445
[Objective]
0.01180783353
