[Grid]
nodes:100
dt_0:0.02
dt_1:0.02
dt_2:0.02
dt_3:0.02
dt_4:0.02
dt_5:0.02
dt_6:0.02
dt_7:0.02
dt_8:0.02
dt_9:0.02
dt_10:0.02
dt_11:0.02
dt_12:0.02
dt_13:0.02
dt_14:0.02
dt_15:0.02
dt_16:0.02
dt_17:0.02
dt_18:0.02
dt_19:0.02
dt_20:0.02
dt_21:0.02
dt_22:0.02
dt_23:0.02
dt_24:0.02
dt_25:0.02
dt_26:0.02
dt_27:0.02
dt_28:0.02
dt_29:0.02
dt_30:0.02
dt_31:0.02
dt_32:0.02
dt_33:0.02
dt_34:0.02
dt_35:0.02
dt_36:0.02
dt_37:0.02
dt_38:0.02
dt_39:0.02
dt_40:0.02
dt_41:0.02
dt_42:0.02
dt_43:0.02
dt_44:0.02
dt_45:0.02
dt_46:0.02
dt_47:0.02
dt_48:0.02
dt_49:0.02
dt_50:0.02
dt_51:0.02
dt_52:0.02
dt_53:0.02
dt_54:0.02
dt_55:0.02
dt_56:0.02
dt_57:0.02
dt_58:0.02
dt_59:0.02
dt_60:0.02
dt_61:0.02
dt_62:0.02
dt_63:0.02
dt_64:0.02
dt_65:0.02
dt_66:0.02
dt_67:0.02
dt_68:0.02
dt_69:0.02
dt_70:0.02
dt_71:0.02
dt_72:0.02
dt_73:0.02
dt_74:0.02
dt_75:0.02
dt_76:0.02
dt_77:0.02
dt_78:0.02
dt_79:0.02
dt_80:0.02
dt_81:0.02
dt_82:0.02
dt_83:0.02
dt_84:0.02
dt_85:0.02
dt_86:0.02
dt_87:0.02
dt_88:0.02
dt_89:0.02
dt_90:0.02
dt_91:0.02
dt_92:0.02
dt_93:0.02
dt_94:0.02
dt_95:0.02
dt_96:0.02
dt_97:0.02
dt_98:0.02
dt_99:0.02
[Control]
u_0:0.05281134384
u_1:0.1061068677
u_2:0.1928011293
u_3:0.3042186576
u_4:0.431890688
u_5:0.5423502729
u_6:0.5834686943
u_7:0.6160871008
u_8:0.6462846126
u_9:0.7046982955
u_10:0.7481199006
u_11:0.7260709779
u_12:0.7282339359
u_13:0.7555123304
u_14:0.7307262141
u_15:0.7418397177
u_16:0.7735241805
u_17:0.7469312935
u_18:0.7307004691
u_19:0.7154634334
u_20:0.655696928
u_21:0.5949978267
u_22:0.5336808919
u_23:0.4721422631
u_24:0.4108013131
u_25:0.3500457608
u_26:0.3336053802
u_27:0.3161683701
u_28:0.288686062
u_29:0.3202702684
u_30:0.3327635579
u_31:0.3371710819
u_32:0.3406078405
u_33:0.3212487721
u_34:0.3094459606
u_35:0.3076067337
u_36:0.3221706437
u_37:0.3427218533
u_38:0.3121326748
u_39:0.38420136
u_40:0.4149120883
u_41:0.4456319039
u_42:0.4420751338
u_43:0.4612379527
u_44:0.453885198
u_45:0.4432861077
u_46:0.4082986057
u_47:0.3992290663
u_48:0.3708080118
u_49:0.3669885933
u_50:0.3421988135
u_51:0.3538510056
u_52:0.3532522366
u_53:0.3674502093
u_54:0.4165894512
u_55:0.4411781979
u_56:0.5347328962
u_57:0.601887044
u_58:0.640347713
u_59:0.6216227159
u_60:0.6681989435
u_61:0.6706667401
u_62:0.6684163588
u_63:0.6241688125
u_64:0.6594073902
u_65:0.7043999608
u_66:0.7188833755
u_67:0.7027687695
u_68:0.7143062373
u_69:0.7203393583
u_70:0.7057796095
u_71:0.66528428
u_72:0.6434768718
u_73:0.6547813605
u_74:0.6881485597
u_75:0.6972682354
u_76:0.692118495
u_77:0.6985133635
u_78:0.6712488389
u_79:0.644694796
u_80:0.5735730618
u_81:0.5016490519
u_82:0.4727308366
u_83:0.4416750754
u_84:0.3996618455
u_85:0.4160736946
u_86:0.3877268472
u_87:0.4010472943
u_88:0.3954553126
u_89:0.396651196
u_90:0.4038788468
u_91:0.4682898295
u_92:0.447468829
u_93:0.3738162556
u_94:0.3785071354
u_95:0.3632038514
u_96:0.3850459253
u_97:0.4154950967
u_98:0.3892952458
u_99:0.3173833813
[Objective]
0.0117976612
