[Grid]
nodes:100
dt_0:0.02
dt_1:0.02
dt_2:0.02
dt_3:0.02
dt_4:0.02
dt_5:0.02
dt_6:0.02
dt_7:0.02
dt_8:0.02
dt_9:0.02
dt_10:0.02
dt_11:0.02
dt_12:0.02
dt_13:0.02
dt_14:0.02
dt_15:0.02
dt_16:0.02
dt_17:0.02
dt_18:0.02
dt_19:0.02
dt_20:0.02
dt_21:0.02
dt_22:0.02
dt_23:0.02
dt_24:0.02
dt_25:0.02
dt_26:0.02
dt_27:0.02
dt_28:0.02
dt_29:0.02
dt_30:0.02
dt_31:0.02
dt_32:0.02
dt_33:0.02
dt_34:0.02
dt_35:0.02
dt_36:0.02
dt_37:0.02
dt_38:0.02
dt_39:0.02
dt_40:0.02
dt_41:0.02
dt_42:0.02
dt_43:0.02
dt_44:0.02
dt_45:0.02
dt_46:0.02
dt_47:0.02
dt_48:0.02
dt_49:0.02
dt_50:0.02
dt_51:0.02
dt_52:0.02
dt_53:0.02
dt_54:0.02
dt_55:0.02
dt_56:0.02
dt_57:0.02
dt_58:0.02
dt_59:0.02
dt_60:0.02
dt_61:0.02
dt_62:0.02
dt_63:0.02
dt_64:0.02
dt_65:0.02
dt_66:0.02
dt_67:0.02
dt_68:0.02
dt_69:0.02
dt_70:0.02
dt_71:0.02
dt_72:0.02
dt_73:0.02
dt_74:0.02
dt_75:0.02
dt_76:0.02
dt_77:0.02
dt_78:0.02
dt_79:0.02
dt_80:0.02
dt_81:0.02
dt_82:0.02
dt_83:0.02
dt_84:0.02
dt_85:0.02
dt_86:0.02
dt_87:0.02
dt_88:0.02
dt_89:0.02
dt_90:0.02
dt_91:0.02
dt_92:0.02
dt_93:0.02
dt_94:0.02
dt_95:0.02
dt_96:0.02
dt_97:0.02
dt_98:0.02
dt_99:0.02
[Control]
u_0:0.05216538706
u_1:0.1051836378
u_2:0.1914655174
u_3:0.3022740512
u_4:0.4290469718
u_5:0.5635000707
u_6:0.6622299944
u_7:0.670290533
u_8:0.6761113017
u_9:0.6845439843
u_10:0.6815648951
u_11:0.7114239221
u_12:0.7135851448
u_13:0.72079419
u_14:0.7162652251
u_15:0.7236749382
u_16:0.7222632049
u_17:0.7049638295
u_18:0.695113038
u_19:0.6875079189
u_20:0.6585558014
u_21:0.5964698021
u_22:0.533986209
u_23:0.4713254211
u_24:0.4087376206
u_25:0.3790527924
u_26:0.3706555556
u_27:0.3479748466
u_28:0.3373460233
u_29:0.3233917077
u_30:0.3242081663
u_31:0.3313727467
u_32:0.3251259243
u_33:0.3266335042
u_34:0.3235709521
u_35:0.3453285843
u_36:0.3413286821
u_37:0.3362143
u_38:0.3414968445
u_39:0.3935278805
u_40:0.4040732338
u_41:0.4018417985
u_42:0.4005502527
u_43:0.4046720372
u_44:0.4186373085
u_45:0.4002451829
u_46:0.3952681734
u_47:0.3843490817
u_48:0.3786489629
u_49:0.388584396
u_50:0.3908001889
u_51:0.3965012697
u_52:0.391375897
u_53:0.4130214897
u_54:0.413398698
u_55:0.438684285
u_56:0.5329382331
u_57:0.6017892578
u_58:0.6305739236
u_59:0.6519681931
u_60:0.6621466299
u_61:0.6650619601
u_62:0.6589407713
u_63:0.6687563136
u_64:0.6712679504
u_65:0.6729373774
u_66:0.6721995238
u_67:0.6823763004
u_68:0.6750367151
u_69:0.6764791248
u_70:0.6732673353
u_71:0.682660228
u_72:0.6813945635
u_73:0.6873859579
u_74:0.6815876584
u_75:0.6836830142
u_76:0.6780961926
u_77:0.6732994371
u_78:0.6653372686
u_79:0.6187322362
u_80:0.5746288443
u_81:0.5019858233
u_82:0.4673012415
u_83:0.4500526758
u_84:0.4266827574
u_85:0.4232026204
u_86:0.4151943529
u_87:0.4236508788
u_88:0.4010160672
u_89:0.4064727961
u_90:0.3911366137
u_91:0.3911025368
u_92:0.3880543091
u_93:0.3797709723
u_94:0.3891052699
u_95:0.3846267744
u_96:0.3904985343
u_97:0.387133516
u_98:0.3896872885
u_99:0.3591157379
[Objective]
0.01180998336
