[Grid]
nodes:100
dt_0:0.02
dt_1:0.02
dt_2:0.02
dt_3:0.02
dt_4:0.02
dt_5:0.02
dt_6:0.02
dt_7:0.02
dt_8:0.02
dt_9:0.02
dt_10:0.02
dt_11:0.02
dt_12:0.02
dt_13:0.02
dt_14:0.02
dt_15:0.02
dt_16:0.02
dt_17:0.02
dt_18:0.02
dt_19:0.02
dt_20:0.02
dt_21:0.02
dt_22:0.02
dt_23:0.02
dt_24:0.02
dt_25:0.02
dt_26:0.02
dt_27:0.02
dt_28:0.02
dt_29:0.02
dt_30:0.02
dt_31:0.02
dt_32:0.02
dt_33:0.02
dt_34:0.02
dt_35:0.02
dt_36:0.02
dt_37:0.02
dt_38:0.02
dt_39:0.02
dt_40:0.02
dt_41:0.02
dt_42:0.02
dt_43:0.02
dt_44:0.02
dt_45:0.02
dt_46:0.02
dt_47:0.02
dt_48:0.02
dt_49:0.02
dt_50:0.02
dt_51:0.02
dt_52:0.02
dt_53:0.02
dt_54:0.02
dt_55:0.02
dt_56:0.02
dt_57:0.02
dt_58:0.02
dt_59:0.02
dt_60:0.02
dt_61:0.02
dt_62:0.02
dt_63:0.02
dt_64:0.02
dt_65:0.02
dt_66:0.02
dt_67:0.02
dt_68:0.02
dt_69:0.02
dt_70:0.02
dt_71:0.02
dt_72:0.02
dt_73:0.02
dt_74:0.02
dt_75:0.02
dt_76:0.02
dt_77:0.02
dt_78:0.02
dt_79:0.02
dt_80:0.02
dt_81:0.02
dt_82:0.02
dt_83:0.02
dt_84:0.02
dt_85:0.02
dt_86:0.02
dt_87:0.02
dt_88:0.02
dt_89:0.02
dt_90:0.02
dt_91:0.02
dt_92:0.02
dt_93:0.02
dt_94:0.02
dt_95:0.02
dt_96:0.02
dt_97:0.02
dt_98:0.02
dt_99:0.02
[Control]
u_0:0.05206089162
u_1:0.105034333
u_2:0.1912496793
u_3:0.3019602722
u_4:0.4285894439
u_5:0.5628313317
u_6:0.6654708291
u_7:0.6935773559
u_8:0.6807203523
u_9:0.6870696439
u_10:0.6962194353
u_11:0.7033713352
u_12:0.6991963001
u_13:0.7110691077
u_14:0.7128010219
u_15:0.7050079024
u_16:0.7006714054
u_17:0.7107564781
u_18:0.6985890387
u_19:0.6827401877
u_20:0.6590785536
u_21:0.5968675309
u_22:0.5343168646
u_23:0.4716374279
u_24:0.4090776052
u_25:0.3794714208
u_26:0.3449156633
u_27:0.3502006662
u_28:0.3436292369
u_29:0.3356086912
u_30:0.336864725
u_31:0.332219678
u_32:0.3299392987
u_33:0.3348133209
u_34:0.339085578
u_35:0.3324671025
u_36:0.3397413073
u_37:0.3473818181
u_38:0.3636721986
u_39:0.3922677144
u_40:0.3911510631
u_41:0.3938151773
u_42:0.398288963
u_43:0.4030082447
u_44:0.3983236827
u_45:0.3932309927
u_46:0.3941285199
u_47:0.3859390232
u_48:0.3895421391
u_49:0.3886790624
u_50:0.3955114935
u_51:0.4035407119
u_52:0.3920970357
u_53:0.4007510644
u_54:0.4217956795
u_55:0.4381334441
u_56:0.532248465
u_57:0.6074189114
u_58:0.6438802087
u_59:0.6597412473
u_60:0.6683964794
u_61:0.659333935
u_62:0.6641751333
u_63:0.6595941481
u_64:0.6651610025
u_65:0.670038932
u_66:0.6682255886
u_67:0.6696092572
u_68:0.6778418234
u_69:0.6767150723
u_70:0.6764213019
u_71:0.6755331706
u_72:0.6731705876
u_73:0.6755777313
u_74:0.6847650501
u_75:0.6859796238
u_76:0.6673513218
u_77:0.6711161236
u_78:0.662701943
u_79:0.6321637024
u_80:0.5753165453
u_81:0.5030869664
u_82:0.4505743451
u_83:0.430713464
u_84:0.4273153247
u_85:0.4147552275
u_86:0.4102301512
u_87:0.403536426
u_88:0.3983931312
u_89:0.4003012864
u_90:0.4012045829
u_91:0.4021514112
u_92:0.3996022828
u_93:0.3967463012
u_94:0.393686153
u_95:0.3991940618
u_96:0.3996543773
u_97:0.398158951
u_98:0.3826578844
u_99:0.3518866421
[Objective]
0.01181212127
