[Grid]
nodes:100
dt_0:0.02
dt_1:0.02
dt_2:0.02
dt_3:0.02
dt_4:0.02
dt_5:0.02
dt_6:0.02
dt_7:0.02
dt_8:0.02
dt_9:0.02
dt_10:0.02
dt_11:0.02
dt_12:0.02
dt_13:0.02
dt_14:0.02
dt_15:0.02
dt_16:0.02
dt_17:0.02
dt_18:0.02
dt_19:0.02
dt_20:0.02
dt_21:0.02
dt_22:0.02
dt_23:0.02
dt_24:0.02
dt_25:0.02
dt_26:0.02
dt_27:0.02
dt_28:0.02
dt_29:0.02
dt_30:0.02
dt_31:0.02
dt_32:0.02
dt_33:0.02
dt_34:0.02
dt_35:0.02
dt_36:0.02
dt_37:0.02
dt_38:0.02
dt_39:0.02
dt_40:0.02
dt_41:0.02
dt_42:0.02
dt_43:0.02
dt_44:0.02
dt_45:0.02
dt_46:0.02
dt_47:0.02
dt_48:0.02
dt_49:0.02
dt_50:0.02
dt_51:0.02
dt_52:0.02
dt_53:0.02
dt_54:0.02
dt_55:0.02
dt_56:0.02
dt_57:0.02
dt_58:0.02
dt_59:0.02
dt_60:0.02
dt_61:0.02
dt_62:0.02
dt_63:0.02
dt_64:0.02
dt_65:0.02
dt_66:0.02
dt_67:0.02
dt_68:0.02
dt_69:0.02
dt_70:0.02
dt_71:0.02
dt_72:0.02
dt_73:0.02
dt_74:0.02
dt_75:0.02
dt_76:0.02
dt_77:0.02
dt_78:0.02
dt_79:0.02
dt_80:0.02
dt_81:0.02
dt_82:0.02
dt_83:0.02
dt_84:0.02
dt_85:0.02
dt_86:0.02
dt_87:0.02
dt_88:0.02
dt_89:0.02
dt_90:0.02
dt_91:0.02
dt_92:0.02
dt_93:0.02
dt_94:0.02
dt_95:0.02
dt_96:0.02
dt_97:0.02
dt_98:0.02
dt_99:0.02
[Control]
u_0:0.05191529356
u_1:0.1048263049
u_2:0.1909488882
u_3:0.3015226823
u_4:0.4279504288
u_5:0.5618947496
u_6:0.6876216094
u_7:0.6937426906
u_8:0.6911679337
u_9:0.6954095187
u_10:0.6970681032
u_11:0.7053168392
u_12:0.6988854826
u_13:0.704204544
u_14:0.7067255339
u_15:0.7033952404
u_16:0.6976438859
u_17:0.6914443109
u_18:0.6842699708
u_19:0.6777676274
u_20:0.6598862316
u_21:0.5973596511
u_22:0.534567133
u_23:0.4716832992
u_24:0.4089272155
u_25:0.3611321424
u_26:0.363513599
u_27:0.3550973832
u_28:0.3552208985
u_29:0.3415993926
u_30:0.3465703872
u_31:0.3440451243
u_32:0.3455040611
u_33:0.3525268699
u_34:0.3550151851
u_35:0.3531508753
u_36:0.3516624252
u_37:0.3598338484
u_38:0.3637724478
u_39:0.3714168641
u_40:0.3819380767
u_41:0.3828079622
u_42:0.3858722618
u_43:0.3866925924
u_44:0.3910038223
u_45:0.3882697855
u_46:0.3937184743
u_47:0.3896571553
u_48:0.389851498
u_49:0.3881731479
u_50:0.3888779159
u_51:0.390229429
u_52:0.3863861071
u_53:0.396166097
u_54:0.4019472219
u_55:0.4386445092
u_56:0.5321672157
u_57:0.6242315714
u_58:0.6575665746
u_59:0.6602895206
u_60:0.660091616
u_61:0.6640351466
u_62:0.6637127072
u_63:0.6674176384
u_64:0.6690948541
u_65:0.6688185409
u_66:0.6682907482
u_67:0.6716345754
u_68:0.6722473486
u_69:0.6690530786
u_70:0.6725778767
u_71:0.6769337177
u_72:0.6782727729
u_73:0.6750254409
u_74:0.6724764532
u_75:0.6658460645
u_76:0.667547436
u_77:0.6622500419
u_78:0.6568754663
u_79:0.6434203739
u_80:0.5763886076
u_81:0.5045066011
u_82:0.4326271021
u_83:0.4214531122
u_84:0.4068441786
u_85:0.4030438966
u_86:0.4020619785
u_87:0.4031401542
u_88:0.4075001219
u_89:0.4028690961
u_90:0.4011002738
u_91:0.3999691331
u_92:0.4009548933
u_93:0.3992658085
u_94:0.3990714613
u_95:0.401561053
u_96:0.3992681819
u_97:0.3982480126
u_98:0.3924719057
u_99:0.3961879599
[Objective]
0.01181500305
