[Grid]
nodes:100
dt_0:0.02
dt_1:0.02
dt_2:0.02
dt_3:0.02
dt_4:0.02
dt_5:0.02
dt_6:0.02
dt_7:0.02
dt_8:0.02
dt_9:0.02
dt_10:0.02
dt_11:0.02
dt_12:0.02
dt_13:0.02
dt_14:0.02
dt_15:0.02
dt_16:0.02
dt_17:0.02
dt_18:0.02
dt_19:0.02
dt_20:0.02
dt_21:0.02
dt_22:0.02
dt_23:0.02
dt_24:0.02
dt_25:0.02
dt_26:0.02
dt_27:0.02
dt_28:0.02
dt_29:0.02
dt_30:0.02
dt_31:0.02
dt_32:0.02
dt_33:0.02
dt_34:0.02
dt_35:0.02
dt_36:0.02
dt_37:0.02
dt_38:0.02
dt_39:0.02
dt_40:0.02
dt_41:0.02
dt_42:0.02
dt_43:0.02
dt_44:0.02
dt_45:0.02
dt_46:0.02
dt_47:0.02
dt_48:0.02
dt_49:0.02
dt_50:0.02
dt_51:0.02
dt_52:0.02
dt_53:0.02
dt_54:0.02
dt_55:0.02
dt_56:0.02
dt_57:0.02
dt_58:0.02
dt_59:0.02
dt_60:0.02
dt_61:0.02
dt_62:0.02
dt_63:0.02
dt_64:0.02
dt_65:0.02
dt_66:0.02
dt_67:0.02
dt_68:0.02
dt_69:0.02
dt_70:0.02
dt_71:0.02
dt_72:0.02
dt_73:0.02
dt_74:0.02
dt_75:0.02
dt_76:0.02
dt_77:0.02
dt_78:0.02
dt_79:0.02
dt_80:0.02
dt_81:0.02
dt_82:0.02
dt_83:0.02
dt_84:0.02
dt_85:0.02
dt_86:0.02
dt_87:0.02
dt_88:0.02
dt_89:0.02
dt_90:0.02
dt_91:0.02
dt_92:0.02
dt_93:0.02
dt_94:0.02
dt_95:0.02
dt_96:0.02
dt_97:0.02
dt_98:0.02
dt_99:0.02
[Control]
u_0:0.05192715209
u_1:0.1048432498
u_2:0.1909733891
u_3:0.3015583175
u_4:0.4280024366
u_5:0.5619708972
u_6:0.6862267433
u_7:0.691730387
u_8:0.6929681662
u_9:0.6950331556
u_10:0.6981597952
u_11:0.7014097668
u_12:0.7035787632
u_13:0.7006428001
u_14:0.7046217475
u_15:0.7000830444
u_16:0.6974529007
u_17:0.6923715006
u_18:0.6852723993
u_19:0.6867360293
u_20:0.6596212838
u_21:0.597186953
u_22:0.5344602549
u_23:0.4716262039
u_24:0.4089112386
u_25:0.3643483239
u_26:0.3605924379
u_27:0.3524942906
u_28:0.3517766227
u_29:0.3451825631
u_30:0.3451594761
u_31:0.3445194891
u_32:0.3443018129
u_33:0.3484964658
u_34:0.3469650939
u_35:0.3534977363
u_36:0.3553295448
u_37:0.3562731967
u_38:0.3559905665
u_39:0.3819451533
u_40:0.3828666322
u_41:0.3877851492
u_42:0.3850561049
u_43:0.3909365807
u_44:0.3902972662
u_45:0.3875252111
u_46:0.3911604704
u_47:0.3878580139
u_48:0.3897832443
u_49:0.3870845647
u_50:0.3856484299
u_51:0.3916512091
u_52:0.3973943261
u_53:0.4008291977
u_54:0.3981859482
u_55:0.4385440818
u_56:0.5321293128
u_57:0.6242506465
u_58:0.6559543666
u_59:0.6558219492
u_60:0.665779335
u_61:0.663198322
u_62:0.6609598581
u_63:0.6652165733
u_64:0.673576377
u_65:0.67075006
u_66:0.6692169327
u_67:0.6691768381
u_68:0.6709934636
u_69:0.6651232745
u_70:0.6742172754
u_71:0.6733700965
u_72:0.6778445887
u_73:0.6792766779
u_74:0.6731351921
u_75:0.6712324485
u_76:0.6687375962
u_77:0.6641202674
u_78:0.6538951212
u_79:0.6422900733
u_80:0.5763179982
u_81:0.5044019709
u_82:0.4326014128
u_83:0.4215526316
u_84:0.4099105394
u_85:0.408457296
u_86:0.4030122145
u_87:0.405455664
u_88:0.4028648225
u_89:0.4014844936
u_90:0.3987555274
u_91:0.4004332028
u_92:0.3993728519
u_93:0.4016833417
u_94:0.3957958262
u_95:0.3980582819
u_96:0.3986802343
u_97:0.3994200993
u_98:0.3985122205
u_99:0.3915980206
[Objective]
0.01181484058
