[Grid]
nodes:100
dt_0:0.02
dt_1:0.02
dt_2:0.02
dt_3:0.02
dt_4:0.02
dt_5:0.02
dt_6:0.02
dt_7:0.02
dt_8:0.02
dt_9:0.02
dt_10:0.02
dt_11:0.02
dt_12:0.02
dt_13:0.02
dt_14:0.02
dt_15:0.02
dt_16:0.02
dt_17:0.02
dt_18:0.02
dt_19:0.02
dt_20:0.02
dt_21:0.02
dt_22:0.02
dt_23:0.02
dt_24:0.02
dt_25:0.02
dt_26:0.02
dt_27:0.02
dt_28:0.02
dt_29:0.02
dt_30:0.02
dt_31:0.02
dt_32:0.02
dt_33:0.02
dt_34:0.02
dt_35:0.02
dt_36:0.02
dt_37:0.02
dt_38:0.02
dt_39:0.02
dt_40:0.02
dt_41:0.02
dt_42:0.02
dt_43:0.02
dt_44:0.02
dt_45:0.02
dt_46:0.02
dt_47:0.02
dt_48:0.02
dt_49:0.02
dt_50:0.02
dt_51:0.02
dt_52:0.02
dt_53:0.02
dt_54:0.02
dt_55:0.02
dt_56:0.02
dt_57:0.02
dt_58:0.02
dt_59:0.02
dt_60:0.02
dt_61:0.02
dt_62:0.02
dt_63:0.02
dt_64:0.02
dt_65:0.02
dt_66:0.02
dt_67:0.02
dt_68:0.02
dt_69:0.02
dt_70:0.02
dt_71:0.02
dt_72:0.02
dt_73:0.02
dt_74:0.02
dt_75:0.02
dt_76:0.02
dt_77:0.02
dt_78:0.02
dt_79:0.02
dt_80:0.02
dt_81:0.02
dt_82:0.02
dt_83:0.02
dt_84:0.02
dt_85:0.02
dt_86:0.02
dt_87:0.02
dt_88:0.02
dt_89:0.02
dt_90:0.02
dt_91:0.02
dt_92:0.02
dt_93:0.02
dt_94:0.02
dt_95:0.02
dt_96:0.02
dt_97:0.02
dt_98:0.02
dt_99:0.02
[Control]
u_0:0.05216524477
u_1:0.1051834138
u_2:0.1914651773
u_3:0.3022736083
u_4:0.4290465812
u_5:0.5635002737
u_6:0.6584624012
u_7:0.6750864595
u_8:0.6758760442
u_9:0.6801595043
u_10:0.6918350124
u_11:0.707818626
u_12:0.7186732295
u_13:0.7171992112
u_14:0.7157656164
u_15:0.7219758078
u_16:0.7175128556
u_17:0.7003580125
u_18:0.6977764617
u_19:0.693734919
u_20:0.6584708331
u_21:0.5964362288
u_22:0.5339985155
u_23:0.4713854065
u_24:0.4088546716
u_25:0.3728682832
u_26:0.3680513767
u_27:0.353621903
u_28:0.3375203335
u_29:0.3262057706
u_30:0.3249961454
u_31:0.3239228271
u_32:0.334672124
u_33:0.3213386799
u_34:0.3334716862
u_35:0.3347751522
u_36:0.3446647774
u_37:0.3406379496
u_38:0.3366452913
u_39:0.3906005766
u_40:0.3985982732
u_41:0.4062351045
u_42:0.4118315323
u_43:0.4020045066
u_44:0.4089370616
u_45:0.4008571148
u_46:0.395523423
u_47:0.388314535
u_48:0.3879451724
u_49:0.3856953409
u_50:0.388459972
u_51:0.3906564665
u_52:0.389317709
u_53:0.4189477369
u_54:0.4095286169
u_55:0.4387022692
u_56:0.5329024272
u_57:0.6079605286
u_58:0.6235533871
u_59:0.6564700377
u_60:0.6601603835
u_61:0.6636598259
u_62:0.6610600022
u_63:0.6702653442
u_64:0.6668487606
u_65:0.6758742169
u_66:0.6796061585
u_67:0.6734467357
u_68:0.6777983528
u_69:0.67570992
u_70:0.6753960777
u_71:0.6833632925
u_72:0.682225612
u_73:0.6757672825
u_74:0.6886808631
u_75:0.6809164202
u_76:0.6747597308
u_77:0.6737375559
u_78:0.6686779132
u_79:0.6214109256
u_80:0.5746099289
u_81:0.5020393099
u_82:0.4645791178
u_83:0.4496494857
u_84:0.4286161148
u_85:0.4130326442
u_86:0.4243227022
u_87:0.4182512415
u_88:0.4045147946
u_89:0.4010490347
u_90:0.3942747735
u_91:0.3933366364
u_92:0.3877350036
u_93:0.3864966918
u_94:0.3844923883
u_95:0.3860563776
u_96:0.3901218752
u_97:0.4022589655
u_98:0.3798839539
u_99:0.3536966042
[Objective]
0.01181022889
