[Grid]
nodes:100
dt_0:0.02
dt_1:0.02
dt_2:0.02
dt_3:0.02
dt_4:0.02
dt_5:0.02
dt_6:0.02
dt_7:0.02
dt_8:0.02
dt_9:0.02
dt_10:0.02
dt_11:0.02
dt_12:0.02
dt_13:0.02
dt_14:0.02
dt_15:0.02
dt_16:0.02
dt_17:0.02
dt_18:0.02
dt_19:0.02
dt_20:0.02
dt_21:0.02
dt_22:0.02
dt_23:0.02
dt_24:0.02
dt_25:0.02
dt_26:0.02
dt_27:0.02
dt_28:0.02
dt_29:0.02
dt_30:0.02
dt_31:0.02
dt_32:0.02
dt_33:0.02
dt_34:0.02
dt_35:0.02
dt_36:0.02
dt_37:0.02
dt_38:0.02
dt_39:0.02
dt_40:0.02
dt_41:0.02
dt_42:0.02
dt_43:0.02
dt_44:0.02
dt_45:0.02
dt_46:0.02
dt_47:0.02
dt_48:0.02
dt_49:0.02
dt_50:0.02
dt_51:0.02
dt_52:0.02
dt_53:0.02
dt_54:0.02
dt_55:0.02
dt_56:0.02
dt_57:0.02
dt_58:0.02
dt_59:0.02
dt_60:0.02
dt_61:0.02
dt_62:0.02
dt_63:0.02
dt_64:0.02
dt_65:0.02
dt_66:0.02
dt_67:0.02
dt_68:0.02
dt_69:0.02
dt_70:0.02
dt_71:0.02
dt_72:0.02
dt_73:0.02
dt_74:0.02
dt_75:0.02
dt_76:0.02
dt_77:0.02
dt_78:0.02
dt_79:0.02
dt_80:0.02
dt_81:0.02
dt_82:0.02
dt_83:0.02
dt_84:0.02
dt_85:0.02
dt_86:0.02
dt_87:0.02
dt_88:0.02
dt_89:0.02
dt_90:0.02
dt_91:0.02
dt_92:0.02
dt_93:0.02
dt_94:0.02
dt_95:0.02
dt_96:0.02
dt_97:0.02
dt_98:0.02
dt_99:0.02
[Control]
u_0:0.05222311715
u_1:0.105266054
u_2:0.1915845525
u_3:0.3024469682
u_4:0.4292987772
u_5:0.5752356936
u_6:0.644234958
u_7:0.6549770694
u_8:0.6711985396
u_9:0.6858550719
u_10:0.6920900157
u_11:0.7101303035
u_12:0.7106226601
u_13:0.7163521611
u_14:0.7086697144
u_15:0.744212272
u_16:0.7312697547
u_17:0.742641879
u_18:0.7140161313
u_19:0.6685227018
u_20:0.6579481296
u_21:0.5960796711
u_22:0.5337571765
u_23:0.4712240327
u_24:0.4087483555
u_25:0.3972474952
u_26:0.3506491019
u_27:0.3430296564
u_28:0.3264143577
u_29:0.3253552259
u_30:0.3263352971
u_31:0.3167231343
u_32:0.3150458492
u_33:0.3327246198
u_34:0.3156881193
u_35:0.3286739885
u_36:0.3414904763
u_37:0.3280552727
u_38:0.3416498174
u_39:0.4053801808
u_40:0.4305658411
u_41:0.4320487887
u_42:0.414977623
u_43:0.3916201698
u_44:0.3652236202
u_45:0.3899219093
u_46:0.4218957898
u_47:0.4114312556
u_48:0.392737572
u_49:0.393020288
u_50:0.3788795814
u_51:0.3859058063
u_52:0.3844151691
u_53:0.4001090993
u_54:0.4040329282
u_55:0.4395228573
u_56:0.5335675225
u_57:0.586692104
u_58:0.649826315
u_59:0.6524200711
u_60:0.6564095099
u_61:0.6571299544
u_62:0.6596347178
u_63:0.691087281
u_64:0.6660783398
u_65:0.6844267503
u_66:0.676919288
u_67:0.6617948933
u_68:0.6508002767
u_69:0.670501018
u_70:0.6873573184
u_71:0.6958314992
u_72:0.6978991805
u_73:0.6962848593
u_74:0.6904122159
u_75:0.684802969
u_76:0.6776845464
u_77:0.6668537516
u_78:0.64558759
u_79:0.6460098975
u_80:0.5742738068
u_81:0.5018430551
u_82:0.4625540878
u_83:0.4394637669
u_84:0.4259794261
u_85:0.425509297
u_86:0.438247725
u_87:0.4409326746
u_88:0.3992661644
u_89:0.3784085338
u_90:0.3822896648
u_91:0.3875829919
u_92:0.3829218013
u_93:0.3929714854
u_94:0.3838992984
u_95:0.3935212583
u_96:0.3891773845
u_97:0.3883372101
u_98:0.3801998752
u_99:0.3731393178
[Objective]
0.01180791039
