[Grid]
nodes:100
dt_0:0.02
dt_1:0.02
dt_2:0.02
dt_3:0.02
dt_4:0.02
dt_5:0.02
dt_6:0.02
dt_7:0.02
dt_8:0.02
dt_9:0.02
dt_10:0.02
dt_11:0.02
dt_12:0.02
dt_13:0.02
dt_14:0.02
dt_15:0.02
dt_16:0.02
dt_17:0.02
dt_18:0.02
dt_19:0.02
dt_20:0.02
dt_21:0.02
dt_22:0.02
dt_23:0.02
dt_24:0.02
dt_25:0.02
dt_26:0.02
dt_27:0.02
dt_28:0.02
dt_29:0.02
dt_30:0.02
dt_31:0.02
dt_32:0.02
dt_33:0.02
dt_34:0.02
dt_35:0.02
dt_36:0.02
dt_37:0.02
dt_38:0.02
dt_39:0.02
dt_40:0.02
dt_41:0.02
dt_42:0.02
dt_43:0.02
dt_44:0.02
dt_45:0.02
dt_46:0.02
dt_47:0.02
dt_48:0.02
dt_49:0.02
dt_50:0.02
dt_51:0.02
dt_52:0.02
dt_53:0.02
dt_54:0.02
dt_55:0.02
dt_56:0.02
dt_57:0.02
dt_58:0.02
dt_59:0.02
dt_60:0.02
dt_61:0.02
dt_62:0.02
dt_63:0.02
dt_64:0.02
dt_65:0.02
dt_66:0.02
dt_67:0.02
dt_68:0.02
dt_69:0.02
dt_70:0.02
dt_71:0.02
dt_72:0.02
dt_73:0.02
dt_74:0.02
dt_75:0.02
dt_76:0.02
dt_77:0.02
dt_78:0.02
dt_79:0.02
dt_80:0.02
dt_81:0.02
dt_82:0.02
dt_83:0.02
dt_84:0.02
dt_85:0.02
dt_86:0.02
dt_87:0.02
dt_88:0.02
dt_89:0.02
dt_90:0.02
dt_91:0.02
dt_92:0.02
dt_93:0.02
dt_94:0.02
dt_95:0.02
dt_96:0.02
dt_97:0.02
dt_98:0.02
dt_99:0.02
[Control]
u_0:0.05020082207
u_1:0.1023767487
u_2:0.187407624
u_3:0.2963737943
u_4:0.4204420949
u_5:0.5509251724
u_6:0.6793519802
u_7:0.7975633253
u_8:0.8978510214
u_9:0.9731710114
u_10:0.7302592621
u_11:0.6807413651
u_12:0.7186356115
u_13:0.9758381474
u_14:0.9414696683
u_15:0.9025519284
u_16:0.859225412
u_17:0.8118388946
u_18:0.7608753543
u_19:0.7069080891
u_20:0.6505727138
u_21:0.5925487943
u_22:0.5335478601
u_23:0.4743059272
u_24:0.4155794389
u_25:0.3581440556
u_26:0.302796121
u_27:0.250356963
u_28:0.2016804315
u_29:0.1576640462
u_30:0.1192630214
u_31:0.08750108444
u_32:0.3506842614
u_33:0.3998006957
u_34:0.3644053666
u_35:0.1234583134
u_36:0.2851593513
u_37:0.0872629038
u_38:0.3660590865
u_39:0.4764189132
u_40:0.4782342727
u_41:0.6638159643
u_42:0.4011343674
u_43:0.5475904739
u_44:0.5629798986
u_45:0.5912361142
u_46:0.2655120982
u_47:0.3213656703
u_48:0.3367933678
u_49:0.308816929
u_50:0.07049636668
u_51:0.1306497213
u_52:0.2003303713
u_53:0.2775640161
u_54:0.3602305914
u_55:0.4461203915
u_56:0.5329674484
u_57:0.6184727343
u_58:0.7003226074
u_59:0.7762058468
u_60:0.843832475
u_61:0.9009592901
u_62:0.9454335753
u_63:0.6880557466
u_64:0.6372857439
u_65:0.6301613281
u_66:0.6848884578
u_67:0.6871265254
u_68:0.5806881756
u_69:0.6790264
u_70:0.5924831453
u_71:0.6588712975
u_72:0.7003167642
u_73:0.9565421394
u_74:0.9178885278
u_75:0.8722955197
u_76:0.8206296747
u_77:0.7638416147
u_78:0.7029361388
u_79:0.6389580858
u_80:0.572984912
u_81:0.5061232984
u_82:0.4395090723
u_83:0.3743104995
u_84:0.3117353743
u_85:0.2530423496
u_86:0.1995558828
u_87:0.1526788247
u_88:0.4011088337
u_89:0.4362411528
u_90:0.3880540277
u_91:0.1359349021
u_92:0.1989274869
u_93:0.390265112
u_94:0.5791214912
u_95:0.6200058803
u_96:0.5843532866
u_97:0.7367149836
u_98:0.6095068518
u_99:0.5305529722
[Objective]
0.01158463402
