[Grid]
nodes:100
dt_0:0.02
dt_1:0.02
dt_2:0.02
dt_3:0.02
dt_4:0.02
dt_5:0.02
dt_6:0.02
dt_7:0.02
dt_8:0.02
dt_9:0.02
dt_10:0.02
dt_11:0.02
dt_12:0.02
dt_13:0.02
dt_14:0.02
dt_15:0.02
dt_16:0.02
dt_17:0.02
dt_18:0.02
dt_19:0.02
dt_20:0.02
dt_21:0.02
dt_22:0.02
dt_23:0.02
dt_24:0.02
dt_25:0.02
dt_26:0.02
dt_27:0.02
dt_28:0.02
dt_29:0.02
dt_30:0.02
dt_31:0.02
dt_32:0.02
dt_33:0.02
dt_34:0.02
dt_35:0.02
dt_36:0.02
dt_37:0.02
dt_38:0.02
dt_39:0.02
dt_40:0.02
dt_41:0.02
dt_42:0.02
dt_43:0.02
dt_44:0.02
dt_45:0.02
dt_46:0.02
dt_47:0.02
dt_48:0.02
dt_49:0.02
dt_50:0.02
dt_51:0.02
dt_52:0.02
dt_53:0.02
dt_54:0.02
dt_55:0.02
dt_56:0.02
dt_57:0.02
dt_58:0.02
dt_59:0.02
dt_60:0.02
dt_61:0.02
dt_62:0.02
dt_63:0.02
dt_64:0.02
dt_65:0.02
dt_66:0.02
dt_67:0.02
dt_68:0.02
dt_69:0.02
dt_70:0.02
dt_71:0.02
dt_72:0.02
dt_73:0.02
dt_74:0.02
dt_75:0.02
dt_76:0.02
dt_77:0.02
dt_78:0.02
dt_79:0.02
dt_80:0.02
dt_81:0.02
dt_82:0.02
dt_83:0.02
dt_84:0.02
dt_85:0.02
dt_86:0.02
dt_87:0.02
dt_88:0.02
dt_89:0.02
dt_90:0.02
dt_91:0.02
dt_92:0.02
dt_93:0.02
dt_94:0.02
dt_95:0.02
dt_96:0.02
dt_97:0.02
dt_98:0.02
dt_99:0.02
[Control]
u_0:0.04978905177
u_1:0.1017884782
u_2:0.1865573004
u_3:0.2951377765
u_4:0.4186405931
u_5:0.548295912
u_6:0.6755114871
u_7:0.7919493869
u_8:0.8896353668
u_9:0.9611206896
u_10:0.9997291285
u_11:0.6484557273
u_12:0.9881098574
u_13:0.9637972209
u_14:0.9332697898
u_15:0.8969624389
u_16:0.8554215924
u_17:0.80926386
u_18:0.7591535081
u_19:0.7057887297
u_20:0.6498930041
u_21:0.5922098963
u_22:0.5335005037
u_23:0.4745432284
u_24:0.4161358995
u_25:0.3591005982
u_26:0.3042919174
u_27:0.2526098583
u_28:0.2050191976
u_29:0.1625779613
u_30:0.1264785671
u_31:0.09810570394
u_32:0.07911251711
u_33:0.4290213879
u_34:0.09045338061
u_35:0.128944807
u_36:0.283734141
u_37:0.3497600422
u_38:0.6454567234
u_39:0.1909294947
u_40:0.4958760055
u_41:0.3788602878
u_42:0.6816982776
u_43:0.5249009547
u_44:0.8419883519
u_45:0.5900773271
u_46:0.271166646
u_47:0.0475115321
u_48:0.3660571192
u_49:0.03724009466
u_50:0.08104712675
u_51:0.137754849
u_52:0.2050612775
u_53:0.2806205928
u_54:0.3620611077
u_55:0.4469922215
u_56:0.5330077047
u_57:0.6176872666
u_58:0.6985968549
u_59:0.7732876704
u_60:0.8392937541
u_61:0.894128165
u_62:0.9352787519
u_63:0.9602088622
u_64:0.6088649773
u_65:0.9052556822
u_66:0.6810772516
u_67:0.4038518016
u_68:0.5991679992
u_69:0.3936876166
u_70:0.8713972722
u_71:0.6330276839
u_72:0.9742055251
u_73:0.9475420204
u_74:0.9118016915
u_75:0.8681997432
u_76:0.8179177773
u_77:0.7621155546
u_78:0.7019437506
u_79:0.6385546971
u_80:0.5731117558
u_81:0.5067988056
u_82:0.4408315544
u_83:0.3764726133
u_84:0.3150527066
u_85:0.2580010828
u_86:0.2068890545
u_87:0.1634910841
u_88:0.1298652401
u_89:0.4659591573
u_90:0.1148437186
u_91:0.1425242922
u_92:0.1991556784
u_93:0.3841652601
u_94:0.852925625
u_95:0.5910722836
u_96:0.8566858891
u_97:0.7274546813
u_98:0.6044143765
u_99:0.5288500183
[Objective]
0.0114118665
