[Grid]
nodes:100
dt_0:0.02
dt_1:0.02
dt_2:0.02
dt_3:0.02
dt_4:0.02
dt_5:0.02
dt_6:0.02
dt_7:0.02
dt_8:0.02
dt_9:0.02
dt_10:0.02
dt_11:0.02
dt_12:0.02
dt_13:0.02
dt_14:0.02
dt_15:0.02
dt_16:0.02
dt_17:0.02
dt_18:0.02
dt_19:0.02
dt_20:0.02
dt_21:0.02
dt_22:0.02
dt_23:0.02
dt_24:0.02
dt_25:0.02
dt_26:0.02
dt_27:0.02
dt_28:0.02
dt_29:0.02
dt_30:0.02
dt_31:0.02
dt_32:0.02
dt_33:0.02
dt_34:0.02
dt_35:0.02
dt_36:0.02
dt_37:0.02
dt_38:0.02
dt_39:0.02
dt_40:0.02
dt_41:0.02
dt_42:0.02
dt_43:0.02
dt_44:0.02
dt_45:0.02
dt_46:0.02
dt_47:0.02
dt_48:0.02
dt_49:0.02
dt_50:0.02
dt_51:0.02
dt_52:0.02
dt_53:0.02
dt_54:0.02
dt_55:0.02
dt_56:0.02
dt_57:0.02
dt_58:0.02
dt_59:0.02
dt_60:0.02
dt_61:0.02
dt_62:0.02
dt_63:0.02
dt_64:0.02
dt_65:0.02
dt_66:0.02
dt_67:0.02
dt_68:0.02
dt_69:0.02
dt_70:0.02
dt_71:0.02
dt_72:0.02
dt_73:0.02
dt_74:0.02
dt_75:0.02
dt_76:0.02
dt_77:0.02
dt_78:0.02
dt_79:0.02
dt_80:0.02
dt_81:0.02
dt_82:0.02
dt_83:0.02
dt_84:0.02
dt_85:0.02
dt_86:0.02
dt_87:0.02
dt_88:0.02
dt_89:0.02
dt_90:0.02
dt_91:0.02
dt_92:0.02
dt_93:0.02
dt_94:0.02
dt_95:0.02
dt_96:0.02
dt_97:0.02
dt_98:0.02
dt_99:0.02
[Control]
u_0:0.05211053324
u_1:0.1051053015
u_2:0.1913523495
u_3:0.3021096345
u_4:0.4288073376
u_5:0.5631498423
u_6:0.6674024854
u_7:0.6735284076
u_8:0.679685392
u_9:0.6907682494
u_10:0.6961796601
u_11:0.7038962854
u_12:0.706752522
u_13:0.709560904
u_14:0.7142492705
u_15:0.7082040732
u_16:0.7151986059
u_17:0.7025990943
u_18:0.701362158
u_19:0.6892830821
u_20:0.6587161576
u_21:0.5966161209
u_22:0.5341392085
u_23:0.471507471
u_24:0.4089762151
u_25:0.3778065397
u_26:0.3615804555
u_27:0.3417826789
u_28:0.3302184211
u_29:0.3322998045
u_30:0.334775885
u_31:0.3356869299
u_32:0.3428298518
u_33:0.3307083979
u_34:0.3352480786
u_35:0.3319435434
u_36:0.3293383356
u_37:0.3409816121
u_38:0.3614060944
u_39:0.3893792753
u_40:0.3982132362
u_41:0.3974529147
u_42:0.3987507427
u_43:0.4000686935
u_44:0.3952084156
u_45:0.399527495
u_46:0.3969433242
u_47:0.3982511846
u_48:0.3873255829
u_49:0.3875836956
u_50:0.3769997685
u_51:0.3983645235
u_52:0.4049125083
u_53:0.4080951692
u_54:0.4173684773
u_55:0.4381826372
u_56:0.5323571291
u_57:0.6114141589
u_58:0.640727821
u_59:0.6517829064
u_60:0.6584925865
u_61:0.6616343282
u_62:0.6596272869
u_63:0.6641568221
u_64:0.6690939284
u_65:0.6778256661
u_66:0.6690759398
u_67:0.6731591172
u_68:0.6792829138
u_69:0.6772158673
u_70:0.671851799
u_71:0.6739490014
u_72:0.6787138009
u_73:0.6708555772
u_74:0.6852660079
u_75:0.6899358617
u_76:0.682979938
u_77:0.6739362081
u_78:0.6558355507
u_79:0.628138135
u_80:0.5750032254
u_81:0.5026156245
u_82:0.4601827013
u_83:0.4394801153
u_84:0.4228835339
u_85:0.4160575106
u_86:0.4113044172
u_87:0.4114472204
u_88:0.3982317858
u_89:0.4023980797
u_90:0.3906575285
u_91:0.3953675264
u_92:0.3945545408
u_93:0.4017904024
u_94:0.4004333882
u_95:0.4099386897
u_96:0.3977487762
u_97:0.3808496106
u_98:0.3634486088
u_99:0.3643626134
[Objective]
0.01181140672
