[Grid]
nodes:100
dt_0:0.02
dt_1:0.02
dt_2:0.02
dt_3:0.02
dt_4:0.02
dt_5:0.02
dt_6:0.02
dt_7:0.02
dt_8:0.02
dt_9:0.02
dt_10:0.02
dt_11:0.02
dt_12:0.02
dt_13:0.02
dt_14:0.02
dt_15:0.02
dt_16:0.02
dt_17:0.02
dt_18:0.02
dt_19:0.02
dt_20:0.02
dt_21:0.02
dt_22:0.02
dt_23:0.02
dt_24:0.02
dt_25:0.02
dt_26:0.02
dt_27:0.02
dt_28:0.02
dt_29:0.02
dt_30:0.02
dt_31:0.02
dt_32:0.02
dt_33:0.02
dt_34:0.02
dt_35:0.02
dt_36:0.02
dt_37:0.02
dt_38:0.02
dt_39:0.02
dt_40:0.02
dt_41:0.02
dt_42:0.02
dt_43:0.02
dt_44:0.02
dt_45:0.02
dt_46:0.02
dt_47:0.02
dt_48:0.02
dt_49:0.02
dt_50:0.02
dt_51:0.02
dt_52:0.02
dt_53:0.02
dt_54:0.02
dt_55:0.02
dt_56:0.02
dt_57:0.02
dt_58:0.02
dt_59:0.02
dt_60:0.02
dt_61:0.02
dt_62:0.02
dt_63:0.02
dt_64:0.02
dt_65:0.02
dt_66:0.02
dt_67:0.02
dt_68:0.02
dt_69:0.02
dt_70:0.02
dt_71:0.02
dt_72:0.02
dt_73:0.02
dt_74:0.02
dt_75:0.02
dt_76:0.02
dt_77:0.02
dt_78:0.02
dt_79:0.02
dt_80:0.02
dt_81:0.02
dt_82:0.02
dt_83:0.02
dt_84:0.02
dt_85:0.02
dt_86:0.02
dt_87:0.02
dt_88:0.02
dt_89:0.02
dt_90:0.02
dt_91:0.02
dt_92:0.02
dt_93:0.02
dt_94:0.02
dt_95:0.02
dt_96:0.02
dt_97:0.02
dt_98:0.02
dt_99:0.02
[Control]
u_0:0.05195935715
u_1:0.1048892776
u_2:0.1910399709
u_3:0.3016552414
u_4:0.4281441327
u_5:0.562179079
u_6:0.6752629801
u_7:0.6964844143
u_8:0.695471718
u_9:0.7010933304
u_10:0.6941387134
u_11:0.6990306454
u_12:0.6971078571
u_13:0.701148118
u_14:0.7026446188
u_15:0.6970647682
u_16:0.6946269125
u_17:0.6970711416
u_18:0.6945031074
u_19:0.6895348012
u_20:0.6593617915
u_21:0.5970295735
u_22:0.5343813073
u_23:0.4716139684
u_24:0.4089638614
u_25:0.3655146123
u_26:0.3578622215
u_27:0.3518682387
u_28:0.3488658644
u_29:0.3466743525
u_30:0.3419194591
u_31:0.342174568
u_32:0.3435861842
u_33:0.3414662567
u_34:0.3423984565
u_35:0.3491041895
u_36:0.3481693164
u_37:0.3575647323
u_38:0.3594968429
u_39:0.3797364279
u_40:0.3895459677
u_41:0.391525102
u_42:0.3893448909
u_43:0.3951693935
u_44:0.3949685055
u_45:0.3898819898
u_46:0.3883262569
u_47:0.3888010331
u_48:0.3875472462
u_49:0.381822049
u_50:0.3898759651
u_51:0.3933988692
u_52:0.4013773533
u_53:0.3992024997
u_54:0.4058511517
u_55:0.4383661343
u_56:0.5321016982
u_57:0.6243695931
u_58:0.645687469
u_59:0.659130811
u_60:0.6628055946
u_61:0.6657818008
u_62:0.662820291
u_63:0.6640108484
u_64:0.6713043661
u_65:0.6683673886
u_66:0.6719366751
u_67:0.6739368571
u_68:0.6765893888
u_69:0.6675248573
u_70:0.6719765523
u_71:0.6731548875
u_72:0.6706042257
u_73:0.6729576281
u_74:0.6739601814
u_75:0.66996107
u_76:0.6667194537
u_77:0.6607341844
u_78:0.6647832884
u_79:0.6473700164
u_80:0.5759579227
u_81:0.5040996173
u_82:0.4333164854
u_83:0.4234071895
u_84:0.4124883156
u_85:0.4052334938
u_86:0.4094089669
u_87:0.400740947
u_88:0.400719836
u_89:0.4021577487
u_90:0.4003426561
u_91:0.4020507208
u_92:0.4005850798
u_93:0.4002242693
u_94:0.4030510202
u_95:0.4010825832
u_96:0.3997618819
u_97:0.3935968026
u_98:0.3908356599
u_99:0.3864068989
[Objective]
0.01181445085
