[Grid]
nodes:100
dt_0:0.02
dt_1:0.02
dt_2:0.02
dt_3:0.02
dt_4:0.02
dt_5:0.02
dt_6:0.02
dt_7:0.02
dt_8:0.02
dt_9:0.02
dt_10:0.02
dt_11:0.02
dt_12:0.02
dt_13:0.02
dt_14:0.02
dt_15:0.02
dt_16:0.02
dt_17:0.02
dt_18:0.02
dt_19:0.02
dt_20:0.02
dt_21:0.02
dt_22:0.02
dt_23:0.02
dt_24:0.02
dt_25:0.02
dt_26:0.02
dt_27:0.02
dt_28:0.02
dt_29:0.02
dt_30:0.02
dt_31:0.02
dt_32:0.02
dt_33:0.02
dt_34:0.02
dt_35:0.02
dt_36:0.02
dt_37:0.02
dt_38:0.02
dt_39:0.02
dt_40:0.02
dt_41:0.02
dt_42:0.02
dt_43:0.02
dt_44:0.02
dt_45:0.02
dt_46:0.02
dt_47:0.02
dt_48:0.02
dt_49:0.02
dt_50:0.02
dt_51:0.02
dt_52:0.02
dt_53:0.02
dt_54:0.02
dt_55:0.02
dt_56:0.02
dt_57:0.02
dt_58:0.02
dt_59:0.02
dt_60:0.02
dt_61:0.02
dt_62:0.02
dt_63:0.02
dt_64:0.02
dt_65:0.02
dt_66:0.02
dt_67:0.02
dt_68:0.02
dt_69:0.02
dt_70:0.02
dt_71:0.02
dt_72:0.02
dt_73:0.02
dt_74:0.02
dt_75:0.02
dt_76:0.02
dt_77:0.02
dt_78:0.02
dt_79:0.02
dt_80:0.02
dt_81:0.02
dt_82:0.02
dt_83:0.02
dt_84:0.02
dt_85:0.02
dt_86:0.02
dt_87:0.02
dt_88:0.02
dt_89:0.02
dt_90:0.02
dt_91:0.02
dt_92:0.02
dt_93:0.02
dt_94:0.02
dt_95:0.02
dt_96:0.02
dt_97:0.02
dt_98:0.02
dt_99:0.02
[Control]
u_0:0.05192850154
u_1:0.1048451422
u_2:0.1909760467
u_3:0.301562039
u_4:0.4280075952
u_5:0.5619778562
u_6:0.6887877871
u_7:0.6910452046
u_8:0.6932341613
u_9:0.6946579904
u_10:0.6947928128
u_11:0.6980206435
u_12:0.6994007315
u_13:0.7015479914
u_14:0.7019089668
u_15:0.6968182771
u_16:0.6960327862
u_17:0.6957749667
u_18:0.6893373425
u_19:0.6806242026
u_20:0.6596309306
u_21:0.5971038892
u_22:0.5342730396
u_23:0.4713075975
u_24:0.4084141113
u_25:0.3703246172
u_26:0.3581223868
u_27:0.3559980904
u_28:0.3571169475
u_29:0.3565639583
u_30:0.3565105119
u_31:0.3548073411
u_32:0.3535647971
u_33:0.3538376886
u_34:0.3557342578
u_35:0.3582023461
u_36:0.3602274299
u_37:0.360186174
u_38:0.3621063362
u_39:0.3695431779
u_40:0.3771598878
u_41:0.3825795161
u_42:0.3850887005
u_43:0.3878262178
u_44:0.3875155364
u_45:0.3861254926
u_46:0.3892871471
u_47:0.3867311598
u_48:0.3858683301
u_49:0.3851877319
u_50:0.3862710512
u_51:0.3842796706
u_52:0.3850778209
u_53:0.3879725172
u_54:0.3937676287
u_55:0.4391647973
u_56:0.532444638
u_57:0.6243078015
u_58:0.6529016137
u_59:0.6662873735
u_60:0.6686178154
u_61:0.6693561985
u_62:0.6679416671
u_63:0.6697750047
u_64:0.66970496
u_65:0.6714209515
u_66:0.6664560227
u_67:0.6681059669
u_68:0.6674010109
u_69:0.6675229126
u_70:0.6689547634
u_71:0.6702566487
u_72:0.6719179893
u_73:0.6714614677
u_74:0.6707773835
u_75:0.6676170045
u_76:0.6670051606
u_77:0.6628970393
u_78:0.6528020087
u_79:0.6426987538
u_80:0.5767096932
u_81:0.5048395773
u_82:0.4330220671
u_83:0.4118797808
u_84:0.4051291913
u_85:0.4058471505
u_86:0.404701397
u_87:0.4026031246
u_88:0.4011940042
u_89:0.4022825563
u_90:0.4028771268
u_91:0.3998289181
u_92:0.3987373144
u_93:0.3997959775
u_94:0.3991478011
u_95:0.4005548298
u_96:0.4027338497
u_97:0.4020921822
u_98:0.3992378343
u_99:0.3971814637
[Objective]
0.01181563146
