[Grid]
nodes:100
dt_0:0.02
dt_1:0.02
dt_2:0.02
dt_3:0.02
dt_4:0.02
dt_5:0.02
dt_6:0.02
dt_7:0.02
dt_8:0.02
dt_9:0.02
dt_10:0.02
dt_11:0.02
dt_12:0.02
dt_13:0.02
dt_14:0.02
dt_15:0.02
dt_16:0.02
dt_17:0.02
dt_18:0.02
dt_19:0.02
dt_20:0.02
dt_21:0.02
dt_22:0.02
dt_23:0.02
dt_24:0.02
dt_25:0.02
dt_26:0.02
dt_27:0.02
dt_28:0.02
dt_29:0.02
dt_30:0.02
dt_31:0.02
dt_32:0.02
dt_33:0.02
dt_34:0.02
dt_35:0.02
dt_36:0.02
dt_37:0.02
dt_38:0.02
dt_39:0.02
dt_40:0.02
dt_41:0.02
dt_42:0.02
dt_43:0.02
dt_44:0.02
dt_45:0.02
dt_46:0.02
dt_47:0.02
dt_48:0.02
dt_49:0.02
dt_50:0.02
dt_51:0.02
dt_52:0.02
dt_53:0.02
dt_54:0.02
dt_55:0.02
dt_56:0.02
dt_57:0.02
dt_58:0.02
dt_59:0.02
dt_60:0.02
dt_61:0.02
dt_62:0.02
dt_63:0.02
dt_64:0.02
dt_65:0.02
dt_66:0.02
dt_67:0.02
dt_68:0.02
dt_69:0.02
dt_70:0.02
dt_71:0.02
dt_72:0.02
dt_73:0.02
dt_74:0.02
dt_75:0.02
dt_76:0.02
dt_77:0.02
dt_78:0.02
dt_79:0.02
dt_80:0.02
dt_81:0.02
dt_82:0.02
dt_83:0.02
dt_84:0.02
dt_85:0.02
dt_86:0.02
dt_87:0.02
dt_88:0.02
dt_89:0.02
dt_90:0.02
dt_91:0.02
dt_92:0.02
dt_93:0.02
dt_94:0.02
dt_95:0.02
dt_96:0.02
dt_97:0.02
dt_98:0.02
dt_99:0.02
[Control]
u_0:0.05275277779
u_1:0.1060231057
u_2:0.1926798436
u_3:0.3040419001
u_4:0.4316319033
u_5:0.5455459014
u_6:0.5963706917
u_7:0.6106778367
u_8:0.6642791719
u_9:0.6998426543
u_10:0.7099227997
u_11:0.7333520545
u_12:0.7363274309
u_13:0.7338966453
u_14:0.7463779573
u_15:0.7588733527
u_16:0.7278718121
u_17:0.7271365332
u_18:0.7381545673
u_19:0.7161504892
u_20:0.6561045785
u_21:0.5951859605
u_22:0.5336770504
u_23:0.4719458863
u_24:0.4103836454
u_25:0.3493453799
u_26:0.3261324341
u_27:0.335935099
u_28:0.3342940904
u_29:0.339267559
u_30:0.2921318333
u_31:0.3400800032
u_32:0.3090699884
u_33:0.3178980044
u_34:0.3191581096
u_35:0.3458818492
u_36:0.3152447894
u_37:0.3266991803
u_38:0.3287374459
u_39:0.3947824965
u_40:0.4340269205
u_41:0.4197541063
u_42:0.4310188797
u_43:0.4424997331
u_44:0.4369025294
u_45:0.4155968311
u_46:0.4088081589
u_47:0.4145371582
u_48:0.3974640799
u_49:0.3618781
u_50:0.3473717871
u_51:0.3612153116
u_52:0.3517670695
u_53:0.4036285506
u_54:0.405816978
u_55:0.440709771
u_56:0.534537041
u_57:0.6055131074
u_58:0.608387002
u_59:0.6689874029
u_60:0.6397125283
u_61:0.6439664482
u_62:0.6653224588
u_63:0.6656164076
u_64:0.6852506531
u_65:0.6914896852
u_66:0.6896221305
u_67:0.7038641421
u_68:0.694886471
u_69:0.7113014413
u_70:0.6779721861
u_71:0.6866699037
u_72:0.6707249988
u_73:0.6681549352
u_74:0.6865090359
u_75:0.7014400194
u_76:0.67193274
u_77:0.6683372046
u_78:0.6784186975
u_79:0.6451624256
u_80:0.5737947639
u_81:0.5016582873
u_82:0.4661450171
u_83:0.4332897798
u_84:0.4392147173
u_85:0.4025368265
u_86:0.4109370465
u_87:0.4060257387
u_88:0.3976893558
u_89:0.4002539969
u_90:0.4304402415
u_91:0.3971213707
u_92:0.4192274036
u_93:0.4109607935
u_94:0.3917318568
u_95:0.3700579482
u_96:0.3953317393
u_97:0.3773870707
u_98:0.3773004437
u_99:0.3273357505
[Objective]
0.01180205365
