[Grid]
nodes:100
dt_0:0.02
dt_1:0.02
dt_2:0.02
dt_3:0.02
dt_4:0.02
dt_5:0.02
dt_6:0.02
dt_7:0.02
dt_8:0.02
dt_9:0.02
dt_10:0.02
dt_11:0.02
dt_12:0.02
dt_13:0.02
dt_14:0.02
dt_15:0.02
dt_16:0.02
dt_17:0.02
dt_18:0.02
dt_19:0.02
dt_20:0.02
dt_21:0.02
dt_22:0.02
dt_23:0.02
dt_24:0.02
dt_25:0.02
dt_26:0.02
dt_27:0.02
dt_28:0.02
dt_29:0.02
dt_30:0.02
dt_31:0.02
dt_32:0.02
dt_33:0.02
dt_34:0.02
dt_35:0.02
dt_36:0.02
dt_37:0.02
dt_38:0.02
dt_39:0.02
dt_40:0.02
dt_41:0.02
dt_42:0.02
dt_43:0.02
dt_44:0.02
dt_45:0.02
dt_46:0.02
dt_47:0.02
dt_48:0.02
dt_49:0.02
dt_50:0.02
dt_51:0.02
dt_52:0.02
dt_53:0.02
dt_54:0.02
dt_55:0.02
dt_56:0.02
dt_57:0.02
dt_58:0.02
dt_59:0.02
dt_60:0.02
dt_61:0.02
dt_62:0.02
dt_63:0.02
dt_64:0.02
dt_65:0.02
dt_66:0.02
dt_67:0.02
dt_68:0.02
dt_69:0.02
dt_70:0.02
dt_71:0.02
dt_72:0.02
dt_73:0.02
dt_74:0.02
dt_75:0.02
dt_76:0.02
dt_77:0.02
dt_78:0.02
dt_79:0.02
dt_80:0.02
dt_81:0.02
dt_82:0.02
dt_83:0.02
dt_84:0.02
dt_85:0.02
dt_86:0.02
dt_87:0.02
dt_88:0.02
dt_89:0.02
dt_90:0.02
dt_91:0.02
dt_92:0.02
dt_93:0.02
dt_94:0.02
dt_95:0.02
dt_96:0.02
dt_97:0.02
dt_98:0.02
dt_99:0.02
[Control]
u_0:0.05189917373
u_1:0.104803414
u_2:0.190916114
u_3:0.3014756719
u_4:0.4278832846
u_5:0.5618002457
u_6:0.6952822717
u_7:0.5791074226
u_8:0.7344340369
u_9:0.6936253367
u_10:0.7643154518
u_11:0.78783971
u_12:0.7524779832
u_13:0.6958319076
u_14:0.7772717101
u_15:0.7665377377
u_16:0.792515331
u_17:0.8232675425
u_18:0.7684880528
u_19:0.7118311995
u_20:0.6535282446
u_21:0.593968469
u_22:0.5336386534
u_23:0.4730809487
u_24:0.4128598406
u_25:0.353532242
u_26:0.2956151803
u_27:0.2395431622
u_28:0.2692777274
u_29:0.2949667587
u_30:0.2853382379
u_31:0.3702467409
u_32:0.3208434129
u_33:0.2985530624
u_34:0.3389166269
u_35:0.3319094199
u_36:0.3257107838
u_37:0.2681145746
u_38:0.1831436092
u_39:0.3918669837
u_40:0.6054236083
u_41:0.446129083
u_42:0.3633807741
u_43:0.5464620912
u_44:0.4589717917
u_45:0.4119071794
u_46:0.4399896973
u_47:0.4198102943
u_48:0.3818731478
u_49:0.28760629
u_50:0.2714546443
u_51:0.2983992482
u_52:0.3393586033
u_53:0.347196649
u_54:0.3520605519
u_55:0.4425776347
u_56:0.5335197645
u_57:0.6232008125
u_58:0.7099323424
u_59:0.7084805412
u_60:0.7074691438
u_61:0.6533819551
u_62:0.6726927647
u_63:0.6774361006
u_64:0.6696848037
u_65:0.6316328258
u_66:0.7687362324
u_67:0.6797357875
u_68:0.7020952494
u_69:0.6721368564
u_70:0.7582543905
u_71:0.6075661186
u_72:0.6897637366
u_73:0.6839842064
u_74:0.6706414282
u_75:0.7364592282
u_76:0.7537054151
u_77:0.7746432863
u_78:0.7094210416
u_79:0.6420893611
u_80:0.5732236469
u_81:0.5035042578
u_82:0.433645903
u_83:0.3643313843
u_84:0.3798057324
u_85:0.3905252449
u_86:0.365544385
u_87:0.4350576365
u_88:0.3705658517
u_89:0.3338484662
u_90:0.3607932856
u_91:0.4253513799
u_92:0.5349251122
u_93:0.3188878355
u_94:0.2955388981
u_95:0.4421262361
u_96:0.4453743359
u_97:0.4925465611
u_98:0.5089372584
u_99:0.3783388225
[Objective]
0.01176999434
