[Grid]
nodes:100
dt_0:0.02
dt_1:0.02
dt_2:0.02
dt_3:0.02
dt_4:0.02
dt_5:0.02
dt_6:0.02
dt_7:0.02
dt_8:0.02
dt_9:0.02
dt_10:0.02
dt_11:0.02
dt_12:0.02
dt_13:0.02
dt_14:0.02
dt_15:0.02
dt_16:0.02
dt_17:0.02
dt_18:0.02
dt_19:0.02
dt_20:0.02
dt_21:0.02
dt_22:0.02
dt_23:0.02
dt_24:0.02
dt_25:0.02
dt_26:0.02
dt_27:0.02
dt_28:0.02
dt_29:0.02
dt_30:0.02
dt_31:0.02
dt_32:0.02
dt_33:0.02
dt_34:0.02
dt_35:0.02
dt_36:0.02
dt_37:0.02
dt_38:0.02
dt_39:0.02
dt_40:0.02
dt_41:0.02
dt_42:0.02
dt_43:0.02
dt_44:0.02
dt_45:0.02
dt_46:0.02
dt_47:0.02
dt_48:0.02
dt_49:0.02
dt_50:0.02
dt_51:0.02
dt_52:0.02
dt_53:0.02
dt_54:0.02
dt_55:0.02
dt_56:0.02
dt_57:0.02
dt_58:0.02
dt_59:0.02
dt_60:0.02
dt_61:0.02
dt_62:0.02
dt_63:0.02
dt_64:0.02
dt_65:0.02
dt_66:0.02
dt_67:0.02
dt_68:0.02
dt_69:0.02
dt_70:0.02
dt_71:0.02
dt_72:0.02
dt_73:0.02
dt_74:0.02
dt_75:0.02
dt_76:0.02
dt_77:0.02
dt_78:0.02
dt_79:0.02
dt_80:0.02
dt_81:0.02
dt_82:0.02
dt_83:0.02
dt_84:0.02
dt_85:0.02
dt_86:0.02
dt_87:0.02
dt_88:0.02
dt_89:0.02
dt_90:0.02
dt_91:0.02
dt_92:0.02
dt_93:0.02
dt_94:0.02
dt_95:0.02
dt_96:0.02
dt_97:0.02
dt_98:0.02
dt_99:0.02
[Control]
u_0:0.05244275676
u_1:0.1055801915
u_2:0.1920394418
u_3:0.3031099593
u_4:0.4302694662
u_5:0.5652959069
u_6:0.6187328517
u_7:0.5834049425
u_8:0.668139881
u_9:0.7286945419
u_10:0.7539656477
u_11:0.7457668222
u_12:0.7419085537
u_13:0.7304284511
u_14:0.7101779555
u_15:0.8053725893
u_16:0.7611902185
u_17:0.7464692353
u_18:0.7717284655
u_19:0.7139197366
u_20:0.6547794729
u_21:0.594567639
u_22:0.5336738233
u_23:0.4725572123
u_24:0.4117000697
u_25:0.3515644511
u_26:0.2925423356
u_27:0.3165802162
u_28:0.300947503
u_29:0.2566326946
u_30:0.3531620058
u_31:0.3367164427
u_32:0.3329730227
u_33:0.3429155264
u_34:0.2709489772
u_35:0.3448794191
u_36:0.3344225123
u_37:0.322003562
u_38:0.2335678519
u_39:0.3959081931
u_40:0.4805228068
u_41:0.472510003
u_42:0.3955576761
u_43:0.4917550042
u_44:0.4413391519
u_45:0.4473870207
u_46:0.4038981129
u_47:0.4367480851
u_48:0.3649695402
u_49:0.3225496298
u_50:0.3618270221
u_51:0.2834341118
u_52:0.381185105
u_53:0.3794981991
u_54:0.3502977133
u_55:0.4422708422
u_56:0.5346213265
u_57:0.6258803403
u_58:0.632918901
u_59:0.6772605141
u_60:0.6650663676
u_61:0.711915175
u_62:0.6505935853
u_63:0.6160904787
u_64:0.6398751202
u_65:0.7294529313
u_66:0.7232188724
u_67:0.7192685106
u_68:0.6564997897
u_69:0.7117174314
u_70:0.7653613727
u_71:0.6233162969
u_72:0.6282035733
u_73:0.6617564328
u_74:0.7291106398
u_75:0.6940469025
u_76:0.7225286088
u_77:0.697731989
u_78:0.7122764745
u_79:0.6434664062
u_80:0.5733329516
u_81:0.5023619193
u_82:0.4310760664
u_83:0.4416225319
u_84:0.4115177516
u_85:0.3520276748
u_86:0.4329748221
u_87:0.4008459906
u_88:0.3816238698
u_89:0.3765831025
u_90:0.3720690209
u_91:0.4732872402
u_92:0.4889125113
u_93:0.308397442
u_94:0.3689962497
u_95:0.3987739601
u_96:0.4198696946
u_97:0.4159454579
u_98:0.4522835974
u_99:0.3337207728
[Objective]
0.01178831773
