[Grid]
nodes:100
dt_0:0.02
dt_1:0.02
dt_2:0.02
dt_3:0.02
dt_4:0.02
dt_5:0.02
dt_6:0.02
dt_7:0.02
dt_8:0.02
dt_9:0.02
dt_10:0.02
dt_11:0.02
dt_12:0.02
dt_13:0.02
dt_14:0.02
dt_15:0.02
dt_16:0.02
dt_17:0.02
dt_18:0.02
dt_19:0.02
dt_20:0.02
dt_21:0.02
dt_22:0.02
dt_23:0.02
dt_24:0.02
dt_25:0.02
dt_26:0.02
dt_27:0.02
dt_28:0.02
dt_29:0.02
dt_30:0.02
dt_31:0.02
dt_32:0.02
dt_33:0.02
dt_34:0.02
dt_35:0.02
dt_36:0.02
dt_37:0.02
dt_38:0.02
dt_39:0.02
dt_40:0.02
dt_41:0.02
dt_42:0.02
dt_43:0.02
dt_44:0.02
dt_45:0.02
dt_46:0.02
dt_47:0.02
dt_48:0.02
dt_49:0.02
dt_50:0.02
dt_51:0.02
dt_52:0.02
dt_53:0.02
dt_54:0.02
dt_55:0.02
dt_56:0.02
dt_57:0.02
dt_58:0.02
dt_59:0.02
dt_60:0.02
dt_61:0.02
dt_62:0.02
dt_63:0.02
dt_64:0.02
dt_65:0.02
dt_66:0.02
dt_67:0.02
dt_68:0.02
dt_69:0.02
dt_70:0.02
dt_71:0.02
dt_72:0.02
dt_73:0.02
dt_74:0.02
dt_75:0.02
dt_76:0.02
dt_77:0.02
dt_78:0.02
dt_79:0.02
dt_80:0.02
dt_81:0.02
dt_82:0.02
dt_83:0.02
dt_84:0.02
dt_85:0.02
dt_86:0.02
dt_87:0.02
dt_88:0.02
dt_89:0.02
dt_90:0.02
dt_91:0.02
dt_92:0.02
dt_93:0.02
dt_94:0.02
dt_95:0.02
dt_96:0.02
dt_97:0.02
dt_98:0.02
dt_99:0.02
[Control]
u_0:0.05191834709
u_1:0.1048306503
u_2:0.1909551322
u_3:0.3015316968
u_4:0.4279634758
u_5:0.5619136743
u_6:0.6870072138
u_7:0.6925517327
u_8:0.6989968569
u_9:0.694752344
u_10:0.6924072549
u_11:0.6998172659
u_12:0.7034618548
u_13:0.6990020383
u_14:0.6975696497
u_15:0.6969412547
u_16:0.698951656
u_17:0.6928495576
u_18:0.6888716686
u_19:0.6796755781
u_20:0.6597231244
u_21:0.5971809678
u_22:0.5343463953
u_23:0.4713881286
u_24:0.4085142046
u_25:0.3632181546
u_26:0.3641841882
u_27:0.3566409658
u_28:0.3556311002
u_29:0.358116755
u_30:0.3571394094
u_31:0.3562097538
u_32:0.3528786281
u_33:0.3508633641
u_34:0.3547218464
u_35:0.3596771132
u_36:0.3607131536
u_37:0.3575895929
u_38:0.3618935104
u_39:0.3655972369
u_40:0.3775239669
u_41:0.3856550472
u_42:0.3886666845
u_43:0.3868524603
u_44:0.3856808623
u_45:0.3886397035
u_46:0.3890887546
u_47:0.3878056003
u_48:0.3873439155
u_49:0.384386359
u_50:0.3812177587
u_51:0.3849207294
u_52:0.3844320546
u_53:0.3908614426
u_54:0.3945800085
u_55:0.439143267
u_56:0.532454285
u_57:0.624350029
u_58:0.6515308897
u_59:0.6658798774
u_60:0.6675242108
u_61:0.6682048921
u_62:0.6691543515
u_63:0.6698730455
u_64:0.6727980208
u_65:0.6695564982
u_66:0.6643929527
u_67:0.6684955727
u_68:0.6677173515
u_69:0.6682053936
u_70:0.67153946
u_71:0.6686370015
u_72:0.6716696462
u_73:0.6732416635
u_74:0.6706472162
u_75:0.6703284142
u_76:0.6659910576
u_77:0.6637004858
u_78:0.6531813582
u_79:0.6400370359
u_80:0.5767407093
u_81:0.5048498726
u_82:0.4330132303
u_83:0.4140058721
u_84:0.4058045803
u_85:0.4036026305
u_86:0.4009627071
u_87:0.4030264444
u_88:0.4064662717
u_89:0.4012319017
u_90:0.3996495478
u_91:0.4007891783
u_92:0.4009878176
u_93:0.402061755
u_94:0.39953763
u_95:0.3989861582
u_96:0.4019854639
u_97:0.4005967127
u_98:0.3998986617
u_99:0.3960641644
[Objective]
0.01181555477
