[Grid]
nodes:100
dt_0:0.02
dt_1:0.02
dt_2:0.02
dt_3:0.02
dt_4:0.02
dt_5:0.02
dt_6:0.02
dt_7:0.02
dt_8:0.02
dt_9:0.02
dt_10:0.02
dt_11:0.02
dt_12:0.02
dt_13:0.02
dt_14:0.02
dt_15:0.02
dt_16:0.02
dt_17:0.02
dt_18:0.02
dt_19:0.02
dt_20:0.02
dt_21:0.02
dt_22:0.02
dt_23:0.02
dt_24:0.02
dt_25:0.02
dt_26:0.02
dt_27:0.02
dt_28:0.02
dt_29:0.02
dt_30:0.02
dt_31:0.02
dt_32:0.02
dt_33:0.02
dt_34:0.02
dt_35:0.02
dt_36:0.02
dt_37:0.02
dt_38:0.02
dt_39:0.02
dt_40:0.02
dt_41:0.02
dt_42:0.02
dt_43:0.02
dt_44:0.02
dt_45:0.02
dt_46:0.02
dt_47:0.02
dt_48:0.02
dt_49:0.02
dt_50:0.02
dt_51:0.02
dt_52:0.02
dt_53:0.02
dt_54:0.02
dt_55:0.02
dt_56:0.02
dt_57:0.02
dt_58:0.02
dt_59:0.02
dt_60:0.02
dt_61:0.02
dt_62:0.02
dt_63:0.02
dt_64:0.02
dt_65:0.02
dt_66:0.02
dt_67:0.02
dt_68:0.02
dt_69:0.02
dt_70:0.02
dt_71:0.02
dt_72:0.02
dt_73:0.02
dt_74:0.02
dt_75:0.02
dt_76:0.02
dt_77:0.02
dt_78:0.02
dt_79:0.02
dt_80:0.02
dt_81:0.02
dt_82:0.02
dt_83:0.02
dt_84:0.02
dt_85:0.02
dt_86:0.02
dt_87:0.02
dt_88:0.02
dt_89:0.02
dt_90:0.02
dt_91:0.02
dt_92:0.02
dt_93:0.02
dt_94:0.02
dt_95:0.02
dt_96:0.02
dt_97:0.02
dt_98:0.02
dt_99:0.02
[Control]
u_0:0.05237311717
u_1:0.10548047
u_2:0.1918948025
u_3:0.3028987968
u_4:0.429959802
u_5:0.5647560218
u_6:0.6372214308
u_7:0.638693796
u_8:0.6747320893
u_9:0.6811207812
u_10:0.6982354594
u_11:0.7082683606
u_12:0.7169418771
u_13:0.7366662969
u_14:0.7259101038
u_15:0.7225625627
u_16:0.7355533434
u_17:0.7448011801
u_18:0.6976333994
u_19:0.7007233747
u_20:0.6573289048
u_21:0.5957647788
u_22:0.5336977159
u_23:0.4714113223
u_24:0.4092126285
u_25:0.3648416799
u_26:0.3667456755
u_27:0.3487155539
u_28:0.3322535438
u_29:0.3125381479
u_30:0.3177492704
u_31:0.3320884828
u_32:0.302535057
u_33:0.3256524281
u_34:0.3337507271
u_35:0.3198687039
u_36:0.3482935777
u_37:0.3304127182
u_38:0.32753507
u_39:0.4041436544
u_40:0.4407228301
u_41:0.4357136734
u_42:0.4110970807
u_43:0.3859039093
u_44:0.3907310207
u_45:0.3855549992
u_46:0.4177393824
u_47:0.4319186867
u_48:0.3895475789
u_49:0.3773821305
u_50:0.3829437807
u_51:0.369542774
u_52:0.3940811348
u_53:0.3881410021
u_54:0.4072530054
u_55:0.4398991299
u_56:0.533952518
u_57:0.5851756279
u_58:0.641354056
u_59:0.6523678711
u_60:0.6538232865
u_61:0.6648087383
u_62:0.6512631288
u_63:0.6789617537
u_64:0.6823353446
u_65:0.6944511929
u_66:0.6779197376
u_67:0.6566992102
u_68:0.6606309025
u_69:0.675227262
u_70:0.6844607846
u_71:0.7050421809
u_72:0.6887155718
u_73:0.7061460741
u_74:0.6746249153
u_75:0.6956661947
u_76:0.6771213446
u_77:0.6633642745
u_78:0.6493733946
u_79:0.6459520849
u_80:0.5742581922
u_81:0.5018672524
u_82:0.4616658592
u_83:0.4326870756
u_84:0.4373502128
u_85:0.4129821833
u_86:0.4446386628
u_87:0.4331110007
u_88:0.4047005905
u_89:0.3901157508
u_90:0.3878705807
u_91:0.387639433
u_92:0.3844390481
u_93:0.3838192674
u_94:0.3913778905
u_95:0.3947069767
u_96:0.3970211529
u_97:0.3830252379
u_98:0.3683485421
u_99:0.3658045904
[Objective]
0.01180680686
