[Grid]
nodes:100
dt_0:0.02
dt_1:0.02
dt_2:0.02
dt_3:0.02
dt_4:0.02
dt_5:0.02
dt_6:0.02
dt_7:0.02
dt_8:0.02
dt_9:0.02
dt_10:0.02
dt_11:0.02
dt_12:0.02
dt_13:0.02
dt_14:0.02
dt_15:0.02
dt_16:0.02
dt_17:0.02
dt_18:0.02
dt_19:0.02
dt_20:0.02
dt_21:0.02
dt_22:0.02
dt_23:0.02
dt_24:0.02
dt_25:0.02
dt_26:0.02
dt_27:0.02
dt_28:0.02
dt_29:0.02
dt_30:0.02
dt_31:0.02
dt_32:0.02
dt_33:0.02
dt_34:0.02
dt_35:0.02
dt_36:0.02
dt_37:0.02
dt_38:0.02
dt_39:0.02
dt_40:0.02
dt_41:0.02
dt_42:0.02
dt_43:0.02
dt_44:0.02
dt_45:0.02
dt_46:0.02
dt_47:0.02
dt_48:0.02
dt_49:0.02
dt_50:0.02
dt_51:0.02
dt_52:0.02
dt_53:0.02
dt_54:0.02
dt_55:0.02
dt_56:0.02
dt_57:0.02
dt_58:0.02
dt_59:0.02
dt_60:0.02
dt_61:0.02
dt_62:0.02
dt_63:0.02
dt_64:0.02
dt_65:0.02
dt_66:0.02
dt_67:0.02
dt_68:0.02
dt_69:0.02
dt_70:0.02
dt_71:0.02
dt_72:0.02
dt_73:0.02
dt_74:0.02
dt_75:0.02
dt_76:0.02
dt_77:0.02
dt_78:0.02
dt_79:0.02
dt_80:0.02
dt_81:0.02
dt_82:0.02
dt_83:0.02
dt_84:0.02
dt_85:0.02
dt_86:0.02
dt_87:0.02
dt_88:0.02
dt_89:0.02
dt_90:0.02
dt_91:0.02
dt_92:0.02
dt_93:0.02
dt_94:0.02
dt_95:0.02
dt_96:0.02
dt_97:0.02
dt_98:0.02
dt_99:0.02
[Control]
u_0:0.05206674399
u_1:0.1050427166
u_2:0.1912618341
u_3:0.3019779787
u_4:0.4286152918
u_5:0.5628691726
u_6:0.6660720703
u_7:0.6830635242
u_8:0.6817325364
u_9:0.6965774923
u_10:0.7041836986
u_11:0.7035412193
u_12:0.7066668209
u_13:0.7012229416
u_14:0.7052953268
u_15:0.7112994966
u_16:0.7098970171
u_17:0.69987824
u_18:0.6829370767
u_19:0.6831985523
u_20:0.6594892073
u_21:0.5971510187
u_22:0.5345155635
u_23:0.4717808222
u_24:0.409187314
u_25:0.3722965444
u_26:0.3499521238
u_27:0.3446076808
u_28:0.3532489877
u_29:0.3436086232
u_30:0.3297105496
u_31:0.3329767939
u_32:0.3394773715
u_33:0.3317515456
u_34:0.3337910624
u_35:0.3530778655
u_36:0.3618388704
u_37:0.3475423412
u_38:0.351998453
u_39:0.3827327158
u_40:0.3975322304
u_41:0.387436651
u_42:0.4144926883
u_43:0.410733893
u_44:0.391295177
u_45:0.3787544387
u_46:0.3793260028
u_47:0.3978633779
u_48:0.392378313
u_49:0.3926842038
u_50:0.392975087
u_51:0.3972649556
u_52:0.3890627887
u_53:0.3944300011
u_54:0.4157350862
u_55:0.4383488981
u_56:0.5322102485
u_57:0.6225025562
u_58:0.6470990189
u_59:0.6451305647
u_60:0.6548877526
u_61:0.6718322766
u_62:0.6845274272
u_63:0.6633223874
u_64:0.6614101386
u_65:0.6639092563
u_66:0.6572628074
u_67:0.6702301694
u_68:0.674189661
u_69:0.6730208269
u_70:0.6798136203
u_71:0.6752228525
u_72:0.683810557
u_73:0.6900050645
u_74:0.6687120752
u_75:0.6759881225
u_76:0.6649686127
u_77:0.6578465027
u_78:0.6577065951
u_79:0.6440304498
u_80:0.5760453094
u_81:0.5040810769
u_82:0.4245332665
u_83:0.4305476557
u_84:0.4180362691
u_85:0.4209886687
u_86:0.4031609808
u_87:0.4028545698
u_88:0.411572792
u_89:0.3961079636
u_90:0.4097497497
u_91:0.4104190724
u_92:0.3941925422
u_93:0.3869178419
u_94:0.3912681837
u_95:0.3935092691
u_96:0.4002557367
u_97:0.3980129411
u_98:0.3876286656
u_99:0.3851644523
[Objective]
0.01181309437
