[Grid]
nodes:100
dt_0:0.02
dt_1:0.02
dt_2:0.02
dt_3:0.02
dt_4:0.02
dt_5:0.02
dt_6:0.02
dt_7:0.02
dt_8:0.02
dt_9:0.02
dt_10:0.02
dt_11:0.02
dt_12:0.02
dt_13:0.02
dt_14:0.02
dt_15:0.02
dt_16:0.02
dt_17:0.02
dt_18:0.02
dt_19:0.02
dt_20:0.02
dt_21:0.02
dt_22:0.02
dt_23:0.02
dt_24:0.02
dt_25:0.02
dt_26:0.02
dt_27:0.02
dt_28:0.02
dt_29:0.02
dt_30:0.02
dt_31:0.02
dt_32:0.02
dt_33:0.02
dt_34:0.02
dt_35:0.02
dt_36:0.02
dt_37:0.02
dt_38:0.02
dt_39:0.02
dt_40:0.02
dt_41:0.02
dt_42:0.02
dt_43:0.02
dt_44:0.02
dt_45:0.02
dt_46:0.02
dt_47:0.02
dt_48:0.02
dt_49:0.02
dt_50:0.02
dt_51:0.02
dt_52:0.02
dt_53:0.02
dt_54:0.02
dt_55:0.02
dt_56:0.02
dt_57:0.02
dt_58:0.02
dt_59:0.02
dt_60:0.02
dt_61:0.02
dt_62:0.02
dt_63:0.02
dt_64:0.02
dt_65:0.02
dt_66:0.02
dt_67:0.02
dt_68:0.02
dt_69:0.02
dt_70:0.02
dt_71:0.02
dt_72:0.02
dt_73:0.02
dt_74:0.02
dt_75:0.02
dt_76:0.02
dt_77:0.02
dt_78:0.02
dt_79:0.02
dt_80:0.02
dt_81:0.02
dt_82:0.02
dt_83:0.02
dt_84:0.02
dt_85:0.02
dt_86:0.02
dt_87:0.02
dt_88:0.02
dt_89:0.02
dt_90:0.02
dt_91:0.02
dt_92:0.02
dt_93:0.02
dt_94:0.02
dt_95:0.02
dt_96:0.02
dt_97:0.02
dt_98:0.02
dt_99:0.02
[Control]
u_0:0.05207419552
u_1:0.1050533405
u_2:0.1912771501
u_3:0.3020001926
u_4:0.4286476374
u_5:0.5629164434
u_6:0.6657319792
u_7:0.6801196949
u_8:0.6878780156
u_9:0.6919547438
u_10:0.7017342581
u_11:0.704731239
u_12:0.7033563172
u_13:0.7076793854
u_14:0.7011406092
u_15:0.7128971144
u_16:0.7072785755
u_17:0.69620453
u_18:0.6911229037
u_19:0.6836046501
u_20:0.6593725682
u_21:0.5970679039
u_22:0.5344535996
u_23:0.4717309053
u_24:0.4091421512
u_25:0.3714608558
u_26:0.352928093
u_27:0.3477322472
u_28:0.3457611014
u_29:0.3430708759
u_30:0.3303633555
u_31:0.3369708796
u_32:0.3402295424
u_33:0.3387582265
u_34:0.3340146745
u_35:0.3438497134
u_36:0.3420229471
u_37:0.3554736471
u_38:0.3569421502
u_39:0.3872167392
u_40:0.3877822378
u_41:0.3991986884
u_42:0.40393717
u_43:0.4008549462
u_44:0.3945414265
u_45:0.3918202387
u_46:0.3908963908
u_47:0.3893086066
u_48:0.38964512
u_49:0.3921063131
u_50:0.3923884189
u_51:0.394856416
u_52:0.3943750456
u_53:0.3935090488
u_54:0.4195765866
u_55:0.4382943311
u_56:0.5322471773
u_57:0.6211572776
u_58:0.6353124214
u_59:0.6590486757
u_60:0.6596676958
u_61:0.6651129521
u_62:0.6695172213
u_63:0.6641744144
u_64:0.6625309081
u_65:0.6714107243
u_66:0.6653352834
u_67:0.6668586208
u_68:0.672562659
u_69:0.6789171507
u_70:0.6824116119
u_71:0.6737953297
u_72:0.6740870998
u_73:0.6802090662
u_74:0.6719862492
u_75:0.677125722
u_76:0.6697912769
u_77:0.6646321283
u_78:0.6601430796
u_79:0.6403694226
u_80:0.5757111156
u_81:0.5036548442
u_82:0.4383936564
u_83:0.4302868155
u_84:0.4163049956
u_85:0.4119038534
u_86:0.409864866
u_87:0.4076908523
u_88:0.4041382683
u_89:0.4061680891
u_90:0.4009852071
u_91:0.4003977056
u_92:0.4006471972
u_93:0.3961558436
u_94:0.3906859702
u_95:0.3975302623
u_96:0.3942190214
u_97:0.3966602729
u_98:0.3823869382
u_99:0.37951341
[Objective]
0.01181314419
