[Grid]
nodes:100
dt_0:0.02
dt_1:0.02
dt_2:0.02
dt_3:0.02
dt_4:0.02
dt_5:0.02
dt_6:0.02
dt_7:0.02
dt_8:0.02
dt_9:0.02
dt_10:0.02
dt_11:0.02
dt_12:0.02
dt_13:0.02
dt_14:0.02
dt_15:0.02
dt_16:0.02
dt_17:0.02
dt_18:0.02
dt_19:0.02
dt_20:0.02
dt_21:0.02
dt_22:0.02
dt_23:0.02
dt_24:0.02
dt_25:0.02
dt_26:0.02
dt_27:0.02
dt_28:0.02
dt_29:0.02
dt_30:0.02
dt_31:0.02
dt_32:0.02
dt_33:0.02
dt_34:0.02
dt_35:0.02
dt_36:0.02
dt_37:0.02
dt_38:0.02
dt_39:0.02
dt_40:0.02
dt_41:0.02
dt_42:0.02
dt_43:0.02
dt_44:0.02
dt_45:0.02
dt_46:0.02
dt_47:0.02
dt_48:0.02
dt_49:0.02
dt_50:0.02
dt_51:0.02
dt_52:0.02
dt_53:0.02
dt_54:0.02
dt_55:0.02
dt_56:0.02
dt_57:0.02
dt_58:0.02
dt_59:0.02
dt_60:0.02
dt_61:0.02
dt_62:0.02
dt_63:0.02
dt_64:0.02
dt_65:0.02
dt_66:0.02
dt_67:0.02
dt_68:0.02
dt_69:0.02
dt_70:0.02
dt_71:0.02
dt_72:0.02
dt_73:0.02
dt_74:0.02
dt_75:0.02
dt_76:0.02
dt_77:0.02
dt_78:0.02
dt_79:0.02
dt_80:0.02
dt_81:0.02
dt_82:0.02
dt_83:0.02
dt_84:0.02
dt_85:0.02
dt_86:0.02
dt_87:0.02
dt_88:0.02
dt_89:0.02
dt_90:0.02
dt_91:0.02
dt_92:0.02
dt_93:0.02
dt_94:0.02
dt_95:0.02
dt_96:0.02
dt_97:0.02
dt_98:0.02
dt_99:0.02
[Control]
u_0:0.05194359386
u_1:0.1048667435
u_2:0.1910073766
u_3:0.301607827
u_4:0.4280749089
u_5:0.5620775237
u_6:0.6831742848
u_7:0.6921312946
u_8:0.6893573644
u_9:0.6966372419
u_10:0.7039480147
u_11:0.7040263704
u_12:0.6984205329
u_13:0.6969143453
u_14:0.7016802348
u_15:0.6941575227
u_16:0.6979367595
u_17:0.6953332137
u_18:0.6906172006
u_19:0.6935999339
u_20:0.6593451683
u_21:0.5970239594
u_22:0.5343856337
u_23:0.4716288064
u_24:0.4089915987
u_25:0.3602629405
u_26:0.3609798411
u_27:0.3495705072
u_28:0.3519907252
u_29:0.3504983004
u_30:0.3471034134
u_31:0.3399587076
u_32:0.3403598614
u_33:0.3453714867
u_34:0.3479843407
u_35:0.353566627
u_36:0.3519374632
u_37:0.3552394667
u_38:0.351924916
u_39:0.3881373118
u_40:0.3870230848
u_41:0.3858020453
u_42:0.3880318887
u_43:0.3917423692
u_44:0.3928247859
u_45:0.3879204125
u_46:0.3920472675
u_47:0.3861608446
u_48:0.3853989814
u_49:0.3872386524
u_50:0.3863103222
u_51:0.3910620185
u_52:0.3962160679
u_53:0.3984930975
u_54:0.4091607498
u_55:0.4383296102
u_56:0.5320205565
u_57:0.6242312752
u_58:0.6543271169
u_59:0.6515567008
u_60:0.6643308527
u_61:0.6674081709
u_62:0.6638073374
u_63:0.6703673254
u_64:0.6644009682
u_65:0.6676033094
u_66:0.6709403765
u_67:0.6732991966
u_68:0.670732462
u_69:0.6709212787
u_70:0.6707335234
u_71:0.671624128
u_72:0.6725104249
u_73:0.6757613519
u_74:0.6748283253
u_75:0.6746188022
u_76:0.6719130726
u_77:0.6686057269
u_78:0.6466540301
u_79:0.6476568402
u_80:0.5761880857
u_81:0.5043082409
u_82:0.4297866388
u_83:0.4208858181
u_84:0.4147429159
u_85:0.4103314966
u_86:0.4088732451
u_87:0.4034419061
u_88:0.3992016518
u_89:0.3984828504
u_90:0.3968353096
u_91:0.3987570198
u_92:0.3997065922
u_93:0.4012097779
u_94:0.4054948836
u_95:0.3999755626
u_96:0.3988414211
u_97:0.397060738
u_98:0.3942174622
u_99:0.3886254877
[Objective]
0.01181465704
