[Grid]
nodes:100
dt_0:0.02
dt_1:0.02
dt_2:0.02
dt_3:0.02
dt_4:0.02
dt_5:0.02
dt_6:0.02
dt_7:0.02
dt_8:0.02
dt_9:0.02
dt_10:0.02
dt_11:0.02
dt_12:0.02
dt_13:0.02
dt_14:0.02
dt_15:0.02
dt_16:0.02
dt_17:0.02
dt_18:0.02
dt_19:0.02
dt_20:0.02
dt_21:0.02
dt_22:0.02
dt_23:0.02
dt_24:0.02
dt_25:0.02
dt_26:0.02
dt_27:0.02
dt_28:0.02
dt_29:0.02
dt_30:0.02
dt_31:0.02
dt_32:0.02
dt_33:0.02
dt_34:0.02
dt_35:0.02
dt_36:0.02
dt_37:0.02
dt_38:0.02
dt_39:0.02
dt_40:0.02
dt_41:0.02
dt_42:0.02
dt_43:0.02
dt_44:0.02
dt_45:0.02
dt_46:0.02
dt_47:0.02
dt_48:0.02
dt_49:0.02
dt_50:0.02
dt_51:0.02
dt_52:0.02
dt_53:0.02
dt_54:0.02
dt_55:0.02
dt_56:0.02
dt_57:0.02
dt_58:0.02
dt_59:0.02
dt_60:0.02
dt_61:0.02
dt_62:0.02
dt_63:0.02
dt_64:0.02
dt_65:0.02
dt_66:0.02
dt_67:0.02
dt_68:0.02
dt_69:0.02
dt_70:0.02
dt_71:0.02
dt_72:0.02
dt_73:0.02
dt_74:0.02
dt_75:0.02
dt_76:0.02
dt_77:0.02
dt_78:0.02
dt_79:0.02
dt_80:0.02
dt_81:0.02
dt_82:0.02
dt_83:0.02
dt_84:0.02
dt_85:0.02
dt_86:0.02
dt_87:0.02
dt_88:0.02
dt_89:0.02
dt_90:0.02
dt_91:0.02
dt_92:0.02
dt_93:0.02
dt_94:0.02
dt_95:0.02
dt_96:0.02
dt_97:0.02
dt_98:0.02
dt_99:0.02
[Control]
u_0:0.05219997244
u_1:0.1052330501
u_2:0.1915369834
u_3:0.3023781165
u_4:0.4291992047
u_5:0.563723758
u_6:0.6574970429
u_7:0.6728467515
u_8:0.6751849838
u_9:0.6693553001
u_10:0.6900172742
u_11:0.7049518643
u_12:0.7102954959
u_13:0.7236904673
u_14:0.7251192252
u_15:0.7213646828
u_16:0.7297511624
u_17:0.7256977993
u_18:0.6956178396
u_19:0.6758602743
u_20:0.6584570965
u_21:0.5963889695
u_22:0.5339121601
u_23:0.4712473462
u_24:0.4086433831
u_25:0.3904451183
u_26:0.3697950458
u_27:0.3304397132
u_28:0.3422896837
u_29:0.323147722
u_30:0.3249136442
u_31:0.3255209076
u_32:0.3213121047
u_33:0.3222469822
u_34:0.3326922174
u_35:0.3287467274
u_36:0.3425098754
u_37:0.3375722343
u_38:0.3432293688
u_39:0.4074447594
u_40:0.4080997404
u_41:0.3916945594
u_42:0.4005052895
u_43:0.4216611901
u_44:0.4101783494
u_45:0.3935809518
u_46:0.3944093345
u_47:0.3885627857
u_48:0.3878296836
u_49:0.3796222573
u_50:0.3933665974
u_51:0.4008114626
u_52:0.3913035653
u_53:0.4093951431
u_54:0.4081822663
u_55:0.4389318097
u_56:0.5331506546
u_57:0.5914811796
u_58:0.6424875244
u_59:0.6577400914
u_60:0.6552541437
u_61:0.6535730325
u_62:0.6708779891
u_63:0.6736960329
u_64:0.6653170004
u_65:0.6684610463
u_66:0.6680132582
u_67:0.6836396528
u_68:0.6766913893
u_69:0.6789913226
u_70:0.6794748823
u_71:0.6719210603
u_72:0.687085308
u_73:0.6813731845
u_74:0.7007374889
u_75:0.6946748433
u_76:0.6718827321
u_77:0.6685049573
u_78:0.6601471865
u_79:0.6200963792
u_80:0.5745900872
u_81:0.5019004835
u_82:0.4736754226
u_83:0.4339988918
u_84:0.4389478698
u_85:0.4280939796
u_86:0.4228847644
u_87:0.4194370769
u_88:0.4065136733
u_89:0.3939557188
u_90:0.389527515
u_91:0.3920054334
u_92:0.3863767942
u_93:0.3764717689
u_94:0.3887593447
u_95:0.3874001649
u_96:0.3907262212
u_97:0.384723152
u_98:0.3686188413
u_99:0.3840766875
[Objective]
0.0118091338
