[Grid]
nodes:100
dt_0:0.02
dt_1:0.02
dt_2:0.02
dt_3:0.02
dt_4:0.02
dt_5:0.02
dt_6:0.02
dt_7:0.02
dt_8:0.02
dt_9:0.02
dt_10:0.02
dt_11:0.02
dt_12:0.02
dt_13:0.02
dt_14:0.02
dt_15:0.02
dt_16:0.02
dt_17:0.02
dt_18:0.02
dt_19:0.02
dt_20:0.02
dt_21:0.02
dt_22:0.02
dt_23:0.02
dt_24:0.02
dt_25:0.02
dt_26:0.02
dt_27:0.02
dt_28:0.02
dt_29:0.02
dt_30:0.02
dt_31:0.02
dt_32:0.02
dt_33:0.02
dt_34:0.02
dt_35:0.02
dt_36:0.02
dt_37:0.02
dt_38:0.02
dt_39:0.02
dt_40:0.02
dt_41:0.02
dt_42:0.02
dt_43:0.02
dt_44:0.02
dt_45:0.02
dt_46:0.02
dt_47:0.02
dt_48:0.02
dt_49:0.02
dt_50:0.02
dt_51:0.02
dt_52:0.02
dt_53:0.02
dt_54:0.02
dt_55:0.02
dt_56:0.02
dt_57:0.02
dt_58:0.02
dt_59:0.02
dt_60:0.02
dt_61:0.02
dt_62:0.02
dt_63:0.02
dt_64:0.02
dt_65:0.02
dt_66:0.02
dt_67:0.02
dt_68:0.02
dt_69:0.02
dt_70:0.02
dt_71:0.02
dt_72:0.02
dt_73:0.02
dt_74:0.02
dt_75:0.02
dt_76:0.02
dt_77:0.02
dt_78:0.02
dt_79:0.02
dt_80:0.02
dt_81:0.02
dt_82:0.02
dt_83:0.02
dt_84:0.02
dt_85:0.02
dt_86:0.02
dt_87:0.02
dt_88:0.02
dt_89:0.02
dt_90:0.02
dt_91:0.02
dt_92:0.02
dt_93:0.02
dt_94:0.02
dt_95:0.02
dt_96:0.02
dt_97:0.02
dt_98:0.02
dt_99:0.02
[Control]
u_0:0.05206657901
u_1:0.1050424704
u_2:0.191261458
u_3:0.301977398
u_4:0.4286143742
u_5:0.5628676278
u_6:0.6665232702
u_7:0.6863816608
u_8:0.6894173575
u_9:0.6827397617
u_10:0.696462685
u_11:0.6993390646
u_12:0.7090901092
u_13:0.7055980285
u_14:0.7069729012
u_15:0.7098511089
u_16:0.7108391947
u_17:0.7058998504
u_18:0.6927147064
u_19:0.6847966721
u_20:0.6591091128
u_21:0.596891504
u_22:0.5343379152
u_23:0.4716586864
u_24:0.409102283
u_25:0.3764234079
u_26:0.3479023327
u_27:0.3501891407
u_28:0.3417876949
u_29:0.341358809
u_30:0.3369421032
u_31:0.3254496419
u_32:0.3325036942
u_33:0.3349385581
u_34:0.3339856818
u_35:0.342078662
u_36:0.344886153
u_37:0.3516629738
u_38:0.3515021755
u_39:0.3890634922
u_40:0.3989257387
u_41:0.3976443749
u_42:0.3934987757
u_43:0.4013661019
u_44:0.4017768642
u_45:0.3878294614
u_46:0.3918429585
u_47:0.3915631708
u_48:0.3857389108
u_49:0.397903281
u_50:0.3947604471
u_51:0.3903556572
u_52:0.3972185993
u_53:0.4038666293
u_54:0.4170513908
u_55:0.4381903798
u_56:0.5322454144
u_57:0.609061688
u_58:0.6439963141
u_59:0.6659333222
u_60:0.6597432289
u_61:0.6597398109
u_62:0.6670074985
u_63:0.663548313
u_64:0.6658125223
u_65:0.6622771209
u_66:0.6746851699
u_67:0.6698798639
u_68:0.6683551334
u_69:0.6748964126
u_70:0.6782724118
u_71:0.6747970386
u_72:0.6813725731
u_73:0.6831309374
u_74:0.6782643174
u_75:0.6840285803
u_76:0.6686721334
u_77:0.6615313558
u_78:0.6656943031
u_79:0.6343910584
u_80:0.5754425861
u_81:0.5032629067
u_82:0.446712453
u_83:0.4257674345
u_84:0.4275273572
u_85:0.4196466446
u_86:0.4062695947
u_87:0.407598542
u_88:0.4063344641
u_89:0.4005817032
u_90:0.3928386568
u_91:0.4071161179
u_92:0.3950486781
u_93:0.3963803058
u_94:0.3921513871
u_95:0.3955623431
u_96:0.404997703
u_97:0.3968155455
u_98:0.3829292672
u_99:0.3569936796
[Objective]
0.01181235245
