[Grid]
nodes:100
dt_0:0.02
dt_1:0.02
dt_2:0.02
dt_3:0.02
dt_4:0.02
dt_5:0.02
dt_6:0.02
dt_7:0.02
dt_8:0.02
dt_9:0.02
dt_10:0.02
dt_11:0.02
dt_12:0.02
dt_13:0.02
dt_14:0.02
dt_15:0.02
dt_16:0.02
dt_17:0.02
dt_18:0.02
dt_19:0.02
dt_20:0.02
dt_21:0.02
dt_22:0.02
dt_23:0.02
dt_24:0.02
dt_25:0.02
dt_26:0.02
dt_27:0.02
dt_28:0.02
dt_29:0.02
dt_30:0.02
dt_31:0.02
dt_32:0.02
dt_33:0.02
dt_34:0.02
dt_35:0.02
dt_36:0.02
dt_37:0.02
dt_38:0.02
dt_39:0.02
dt_40:0.02
dt_41:0.02
dt_42:0.02
dt_43:0.02
dt_44:0.02
dt_45:0.02
dt_46:0.02
dt_47:0.02
dt_48:0.02
dt_49:0.02
dt_50:0.02
dt_51:0.02
dt_52:0.02
dt_53:0.02
dt_54:0.02
dt_55:0.02
dt_56:0.02
dt_57:0.02
dt_58:0.02
dt_59:0.02
dt_60:0.02
dt_61:0.02
dt_62:0.02
dt_63:0.02
dt_64:0.02
dt_65:0.02
dt_66:0.02
dt_67:0.02
dt_68:0.02
dt_69:0.02
dt_70:0.02
dt_71:0.02
dt_72:0.02
dt_73:0.02
dt_74:0.02
dt_75:0.02
dt_76:0.02
dt_77:0.02
dt_78:0.02
dt_79:0.02
dt_80:0.02
dt_81:0.02
dt_82:0.02
dt_83:0.02
dt_84:0.02
dt_85:0.02
dt_86:0.02
dt_87:0.02
dt_88:0.02
dt_89:0.02
dt_90:0.02
dt_91:0.02
dt_92:0.02
dt_93:0.02
dt_94:0.02
dt_95:0.02
dt_96:0.02
dt_97:0.02
dt_98:0.02
dt_99:0.02
[Control]
u_0:0.05215738133
u_1:0.1051721826
u_2:0.1914489579
u_3:0.3022500807
u_4:0.4290124156
u_5:0.5634507086
u_6:0.6553708745
u_7:0.6847298422
u_8:0.6707077835
u_9:0.6796554395
u_10:0.6991619135
u_11:0.7060731181
u_12:0.7097598278
u_13:0.723515979
u_14:0.7142582113
u_15:0.7202483498
u_16:0.7053977543
u_17:0.7039021312
u_18:0.698612616
u_19:0.700472815
u_20:0.6583717179
u_21:0.5963960596
u_22:0.534010707
u_23:0.4714517468
u_24:0.4089855727
u_25:0.3661723849
u_26:0.3672733349
u_27:0.3567668691
u_28:0.3374790536
u_29:0.3228045499
u_30:0.3282892613
u_31:0.3270295157
u_32:0.3365549935
u_33:0.3278523923
u_34:0.3368279558
u_35:0.3340923079
u_36:0.3306830308
u_37:0.3429795088
u_38:0.3415801439
u_39:0.3880372127
u_40:0.4033313641
u_41:0.4037295276
u_42:0.4094197834
u_43:0.4080723374
u_44:0.3958159174
u_45:0.4029150401
u_46:0.395858379
u_47:0.3865535686
u_48:0.3974811561
u_49:0.39185829
u_50:0.3845174575
u_51:0.3814468673
u_52:0.3925085097
u_53:0.4111643187
u_54:0.4182848742
u_55:0.4385377306
u_56:0.5327260301
u_57:0.6144449835
u_58:0.6197249905
u_59:0.6592686562
u_60:0.6605958674
u_61:0.6550008287
u_62:0.6653139862
u_63:0.6615995646
u_64:0.6769026085
u_65:0.6805062482
u_66:0.6723755429
u_67:0.6792346345
u_68:0.6687632905
u_69:0.6756910657
u_70:0.6870532069
u_71:0.6737832903
u_72:0.6814641908
u_73:0.6765116163
u_74:0.6766807674
u_75:0.6884990309
u_76:0.6735971642
u_77:0.6752116729
u_78:0.6709644338
u_79:0.6240213672
u_80:0.5745856298
u_81:0.5021037458
u_82:0.4621036979
u_83:0.4469879379
u_84:0.4287330317
u_85:0.417423859
u_86:0.4166577353
u_87:0.4145219615
u_88:0.4072115691
u_89:0.3992419021
u_90:0.393421724
u_91:0.3974490342
u_92:0.3892107281
u_93:0.3875615183
u_94:0.3917144812
u_95:0.3888592359
u_96:0.3980657444
u_97:0.3956445505
u_98:0.373823263
u_99:0.352362985
[Objective]
0.0118105064
