[Grid]
nodes:100
dt_0:0.02
dt_1:0.02
dt_2:0.02
dt_3:0.02
dt_4:0.02
dt_5:0.02
dt_6:0.02
dt_7:0.02
dt_8:0.02
dt_9:0.02
dt_10:0.02
dt_11:0.02
dt_12:0.02
dt_13:0.02
dt_14:0.02
dt_15:0.02
dt_16:0.02
dt_17:0.02
dt_18:0.02
dt_19:0.02
dt_20:0.02
dt_21:0.02
dt_22:0.02
dt_23:0.02
dt_24:0.02
dt_25:0.02
dt_26:0.02
dt_27:0.02
dt_28:0.02
dt_29:0.02
dt_30:0.02
dt_31:0.02
dt_32:0.02
dt_33:0.02
dt_34:0.02
dt_35:0.02
dt_36:0.02
dt_37:0.02
dt_38:0.02
dt_39:0.02
dt_40:0.02
dt_41:0.02
dt_42:0.02
dt_43:0.02
dt_44:0.02
dt_45:0.02
dt_46:0.02
dt_47:0.02
dt_48:0.02
dt_49:0.02
dt_50:0.02
dt_51:0.02
dt_52:0.02
dt_53:0.02
dt_54:0.02
dt_55:0.02
dt_56:0.02
dt_57:0.02
dt_58:0.02
dt_59:0.02
dt_60:0.02
dt_61:0.02
dt_62:0.02
dt_63:0.02
dt_64:0.02
dt_65:0.02
dt_66:0.02
dt_67:0.02
dt_68:0.02
dt_69:0.02
dt_70:0.02
dt_71:0.02
dt_72:0.02
dt_73:0.02
dt_74:0.02
dt_75:0.02
dt_76:0.02
dt_77:0.02
dt_78:0.02
dt_79:0.02
dt_80:0.02
dt_81:0.02
dt_82:0.02
dt_83:0.02
dt_84:0.02
dt_85:0.02
dt_86:0.02
dt_87:0.02
dt_88:0.02
dt_89:0.02
dt_90:0.02
dt_91:0.02
dt_92:0.02
dt_93:0.02
dt_94:0.02
dt_95:0.02
dt_96:0.02
dt_97:0.02
dt_98:0.02
dt_99:0.02
[Control]
u_0:0.05193611912
u_1:0.1048560538
u_2:0.190991883
u_3:0.3015851835
u_4:0.4280415963
u_5:0.5620281631
u_6:0.6841396654
u_7:0.693519558
u_8:0.6941206606
u_9:0.6960791502
u_10:0.6967301566
u_11:0.6982063172
u_12:0.6986207288
u_13:0.6997096684
u_14:0.7013691966
u_15:0.6983561934
u_16:0.6980597558
u_17:0.6945773708
u_18:0.6874942649
u_19:0.683095969
u_20:0.6595594255
u_21:0.5970362015
u_22:0.5341989813
u_23:0.4712162092
u_24:0.4082918548
u_25:0.3694025009
u_26:0.3645289384
u_27:0.359493039
u_28:0.3545372603
u_29:0.3542552807
u_30:0.3526241236
u_31:0.3525061201
u_32:0.3528976893
u_33:0.3575442646
u_34:0.3581972409
u_35:0.3609292585
u_36:0.3616618949
u_37:0.3672482693
u_38:0.3647602894
u_39:0.3725239529
u_40:0.3781451834
u_41:0.3827177413
u_42:0.3833898765
u_43:0.3858354281
u_44:0.3837714661
u_45:0.3866419041
u_46:0.385461609
u_47:0.3846775234
u_48:0.3839520851
u_49:0.3849630289
u_50:0.386187413
u_51:0.3873435446
u_52:0.3803170249
u_53:0.3854977235
u_54:0.3888322298
u_55:0.4394438733
u_56:0.532629693
u_57:0.6244266554
u_58:0.6520694568
u_59:0.6658203962
u_60:0.6703777215
u_61:0.6692806803
u_62:0.6704734748
u_63:0.6699051531
u_64:0.6684998607
u_65:0.6706850094
u_66:0.6721384511
u_67:0.6705933553
u_68:0.6695746692
u_69:0.6672804863
u_70:0.6677953045
u_71:0.6669286256
u_72:0.6686152676
u_73:0.6711295515
u_74:0.6684243321
u_75:0.6625412689
u_76:0.665617658
u_77:0.6601992058
u_78:0.6600065163
u_79:0.646914803
u_80:0.5765271822
u_81:0.5047045514
u_82:0.4329138843
u_83:0.4127729835
u_84:0.4084883225
u_85:0.4031708642
u_86:0.4025466946
u_87:0.4030508345
u_88:0.4008252049
u_89:0.4002926011
u_90:0.3999035367
u_91:0.4017796585
u_92:0.3995335588
u_93:0.399409938
u_94:0.400776914
u_95:0.4027903023
u_96:0.4022813246
u_97:0.3982291843
u_98:0.3999541426
u_99:0.400459581
[Objective]
0.01181578605
