[Grid]
nodes:100
dt_0:0.02
dt_1:0.02
dt_2:0.02
dt_3:0.02
dt_4:0.02
dt_5:0.02
dt_6:0.02
dt_7:0.02
dt_8:0.02
dt_9:0.02
dt_10:0.02
dt_11:0.02
dt_12:0.02
dt_13:0.02
dt_14:0.02
dt_15:0.02
dt_16:0.02
dt_17:0.02
dt_18:0.02
dt_19:0.02
dt_20:0.02
dt_21:0.02
dt_22:0.02
dt_23:0.02
dt_24:0.02
dt_25:0.02
dt_26:0.02
dt_27:0.02
dt_28:0.02
dt_29:0.02
dt_30:0.02
dt_31:0.02
dt_32:0.02
dt_33:0.02
dt_34:0.02
dt_35:0.02
dt_36:0.02
dt_37:0.02
dt_38:0.02
dt_39:0.02
dt_40:0.02
dt_41:0.02
dt_42:0.02
dt_43:0.02
dt_44:0.02
dt_45:0.02
dt_46:0.02
dt_47:0.02
dt_48:0.02
dt_49:0.02
dt_50:0.02
dt_51:0.02
dt_52:0.02
dt_53:0.02
dt_54:0.02
dt_55:0.02
dt_56:0.02
dt_57:0.02
dt_58:0.02
dt_59:0.02
dt_60:0.02
dt_61:0.02
dt_62:0.02
dt_63:0.02
dt_64:0.02
dt_65:0.02
dt_66:0.02
dt_67:0.02
dt_68:0.02
dt_69:0.02
dt_70:0.02
dt_71:0.02
dt_72:0.02
dt_73:0.02
dt_74:0.02
dt_75:0.02
dt_76:0.02
dt_77:0.02
dt_78:0.02
dt_79:0.02
dt_80:0.02
dt_81:0.02
dt_82:0.02
dt_83:0.02
dt_84:0.02
dt_85:0.02
dt_86:0.02
dt_87:0.02
dt_88:0.02
dt_89:0.02
dt_90:0.02
dt_91:0.02
dt_92:0.02
dt_93:0.02
dt_94:0.02
dt_95:0.02
dt_96:0.02
dt_97:0.02
dt_98:0.02
dt_99:0.02
[Control]
u_0:0.05202593655
u_1:0.1049844069
u_2:0.1911775221
u_3:0.3018553509
u_4:0.4284363474
u_5:0.5626073374
u_6:0.6673924129
u_7:0.6890727602
u_8:0.6929141307
u_9:0.694642617
u_10:0.6988213481
u_11:0.702159707
u_12:0.7038749856
u_13:0.7048460193
u_14:0.7058686509
u_15:0.6998408024
u_16:0.7009265889
u_17:0.695871503
u_18:0.6912846169
u_19:0.6836551042
u_20:0.6594786708
u_21:0.5970979579
u_22:0.5344119652
u_23:0.4716114887
u_24:0.4089275373
u_25:0.3663568472
u_26:0.3662156551
u_27:0.3540366709
u_28:0.3424014269
u_29:0.3380236509
u_30:0.3393599718
u_31:0.3382499892
u_32:0.3416492804
u_33:0.3413737325
u_34:0.3417580071
u_35:0.3444834941
u_36:0.3544529992
u_37:0.3573262952
u_38:0.3587311382
u_39:0.3853756979
u_40:0.3826948725
u_41:0.3882349127
u_42:0.3922398888
u_43:0.3926614783
u_44:0.3977972284
u_45:0.3957071972
u_46:0.3930724773
u_47:0.3952441232
u_48:0.3918474051
u_49:0.38850879
u_50:0.3861578071
u_51:0.3925250616
u_52:0.3876686273
u_53:0.3920613066
u_54:0.4197512899
u_55:0.4382907344
u_56:0.532081547
u_57:0.6237407165
u_58:0.6450442081
u_59:0.6641690915
u_60:0.6543205239
u_61:0.6595993116
u_62:0.662415989
u_63:0.6674369159
u_64:0.6746157516
u_65:0.677197981
u_66:0.6763092173
u_67:0.6735826936
u_68:0.6740768948
u_69:0.6704832541
u_70:0.6695433088
u_71:0.6649669227
u_72:0.6682234542
u_73:0.6678076987
u_74:0.6680398358
u_75:0.6713614669
u_76:0.6725388163
u_77:0.6687487191
u_78:0.6627210666
u_79:0.647268239
u_80:0.5758991076
u_81:0.5040753435
u_82:0.4321905837
u_83:0.4164851021
u_84:0.4147215387
u_85:0.4108410982
u_86:0.4110209134
u_87:0.4081081833
u_88:0.4071136848
u_89:0.4003159221
u_90:0.3979132195
u_91:0.3963466524
u_92:0.3991812364
u_93:0.3997291229
u_94:0.3988079888
u_95:0.3985787134
u_96:0.3998631672
u_97:0.3945366605
u_98:0.3962425631
u_99:0.3829779269
[Objective]
0.0118140814
