[Grid]
nodes:100
dt_0:0.02
dt_1:0.02
dt_2:0.02
dt_3:0.02
dt_4:0.02
dt_5:0.02
dt_6:0.02
dt_7:0.02
dt_8:0.02
dt_9:0.02
dt_10:0.02
dt_11:0.02
dt_12:0.02
dt_13:0.02
dt_14:0.02
dt_15:0.02
dt_16:0.02
dt_17:0.02
dt_18:0.02
dt_19:0.02
dt_20:0.02
dt_21:0.02
dt_22:0.02
dt_23:0.02
dt_24:0.02
dt_25:0.02
dt_26:0.02
dt_27:0.02
dt_28:0.02
dt_29:0.02
dt_30:0.02
dt_31:0.02
dt_32:0.02
dt_33:0.02
dt_34:0.02
dt_35:0.02
dt_36:0.02
dt_37:0.02
dt_38:0.02
dt_39:0.02
dt_40:0.02
dt_41:0.02
dt_42:0.02
dt_43:0.02
dt_44:0.02
dt_45:0.02
dt_46:0.02
dt_47:0.02
dt_48:0.02
dt_49:0.02
dt_50:0.02
dt_51:0.02
dt_52:0.02
dt_53:0.02
dt_54:0.02
dt_55:0.02
dt_56:0.02
dt_57:0.02
dt_58:0.02
dt_59:0.02
dt_60:0.02
dt_61:0.02
dt_62:0.02
dt_63:0.02
dt_64:0.02
dt_65:0.02
dt_66:0.02
dt_67:0.02
dt_68:0.02
dt_69:0.02
dt_70:0.02
dt_71:0.02
dt_72:0.02
dt_73:0.02
dt_74:0.02
dt_75:0.02
dt_76:0.02
dt_77:0.02
dt_78:0.02
dt_79:0.02
dt_80:0.02
dt_81:0.02
dt_82:0.02
dt_83:0.02
dt_84:0.02
dt_85:0.02
dt_86:0.02
dt_87:0.02
dt_88:0.02
dt_89:0.02
dt_90:0.02
dt_91:0.02
dt_92:0.02
dt_93:0.02
dt_94:0.02
dt_95:0.02
dt_96:0.02
dt_97:0.02
dt_98:0.02
dt_99:0.02
[Control]
u_0:0.05267553421
u_1:0.1059127566
u_2:0.1925202619
u_3:0.3038094422
u_4:0.4312911104
u_5:0.5667942585
u_6:0.5665452509
u_7:0.6168575216
u_8:0.6509715673
u_9:0.7287087912
u_10:0.7256164566
u_11:0.7308790978
u_12:0.7516008436
u_13:0.7295309075
u_14:0.7311786537
u_15:0.7714088701
u_16:0.7520946653
u_17:0.771235706
u_18:0.7341792987
u_19:0.714907174
u_20:0.6553658287
u_21:0.5948422483
u_22:0.5336777643
u_23:0.4722911109
u_24:0.4111241875
u_25:0.3505910679
u_26:0.3301112516
u_27:0.291842093
u_28:0.3100840718
u_29:0.2906557984
u_30:0.3322468194
u_31:0.3377351846
u_32:0.3625405284
u_33:0.3203057858
u_34:0.2859045703
u_35:0.3125878582
u_36:0.3412256654
u_37:0.338293791
u_38:0.2822788481
u_39:0.3862281125
u_40:0.4264359021
u_41:0.4670297177
u_42:0.4416717286
u_43:0.4413302799
u_44:0.4772320595
u_45:0.4181359446
u_46:0.4330730566
u_47:0.4007718695
u_48:0.3683483556
u_49:0.3607185019
u_50:0.3434981356
u_51:0.3244656317
u_52:0.3528780679
u_53:0.3885707508
u_54:0.3877502944
u_55:0.441503938
u_56:0.5346031601
u_57:0.6266072756
u_58:0.6192025347
u_59:0.6298503472
u_60:0.693696355
u_61:0.6756494356
u_62:0.6435271611
u_63:0.647511789
u_64:0.635536364
u_65:0.707669813
u_66:0.718602029
u_67:0.7236900512
u_68:0.6896001325
u_69:0.7161403431
u_70:0.7334662467
u_71:0.6621375956
u_72:0.6209158593
u_73:0.6549089078
u_74:0.6929384667
u_75:0.7226607623
u_76:0.6749880192
u_77:0.7228365751
u_78:0.6748131411
u_79:0.6443027286
u_80:0.573509077
u_81:0.5019037983
u_82:0.468999683
u_83:0.4171304945
u_84:0.4208277541
u_85:0.3861770936
u_86:0.4121581001
u_87:0.4019525277
u_88:0.372195896
u_89:0.3918286608
u_90:0.4009209866
u_91:0.4892975153
u_92:0.4497885576
u_93:0.3454525848
u_94:0.3776055484
u_95:0.3883417085
u_96:0.3722775935
u_97:0.4402806811
u_98:0.3974355415
u_99:0.3226246679
[Objective]
0.01179491041
