[Grid]
nodes:100
dt_0:0.02
dt_1:0.02
dt_2:0.02
dt_3:0.02
dt_4:0.02
dt_5:0.02
dt_6:0.02
dt_7:0.02
dt_8:0.02
dt_9:0.02
dt_10:0.02
dt_11:0.02
dt_12:0.02
dt_13:0.02
dt_14:0.02
dt_15:0.02
dt_16:0.02
dt_17:0.02
dt_18:0.02
dt_19:0.02
dt_20:0.02
dt_21:0.02
dt_22:0.02
dt_23:0.02
dt_24:0.02
dt_25:0.02
dt_26:0.02
dt_27:0.02
dt_28:0.02
dt_29:0.02
dt_30:0.02
dt_31:0.02
dt_32:0.02
dt_33:0.02
dt_34:0.02
dt_35:0.02
dt_36:0.02
dt_37:0.02
dt_38:0.02
dt_39:0.02
dt_40:0.02
dt_41:0.02
dt_42:0.02
dt_43:0.02
dt_44:0.02
dt_45:0.02
dt_46:0.02
dt_47:0.02
dt_48:0.02
dt_49:0.02
dt_50:0.02
dt_51:0.02
dt_52:0.02
dt_53:0.02
dt_54:0.02
dt_55:0.02
dt_56:0.02
dt_57:0.02
dt_58:0.02
dt_59:0.02
dt_60:0.02
dt_61:0.02
dt_62:0.02
dt_63:0.02
dt_64:0.02
dt_65:0.02
dt_66:0.02
dt_67:0.02
dt_68:0.02
dt_69:0.02
dt_70:0.02
dt_71:0.02
dt_72:0.02
dt_73:0.02
dt_74:0.02
dt_75:0.02
dt_76:0.02
dt_77:0.02
dt_78:0.02
dt_79:0.02
dt_80:0.02
dt_81:0.02
dt_82:0.02
dt_83:0.02
dt_84:0.02
dt_85:0.02
dt_86:0.02
dt_87:0.02
dt_88:0.02
dt_89:0.02
dt_90:0.02
dt_91:0.02
dt_92:0.02
dt_93:0.02
dt_94:0.02
dt_95:0.02
dt_96:0.02
dt_97:0.02
dt_98:0.02
dt_99:0.02
[Control]
u_0:0.1366883886
u_1:0.3179265903
u_2:0.5757702879
u_3:0.4878388169
u_4:0.6130393277
u_5:0.6269624072
u_6:0.8631092818
u_7:0.7152700592
u_8:0.5410657251
u_9:0.3617828377
u_10:0.1981141485
u_11:0.06969350903
u_12:0.330618492
u_13:0.3447264563
u_14:0.3546760801
u_15:0.07320411234
u_16:0.1390963976
u_17:0.2140675923
u_18:0.2955280823
u_19:0.3805310374
u_20:0.4657891258
u_21:0.5476325887
u_22:0.6219213317
u_23:0.3477674398
u_24:0.3599249628
u_25:0.3733629953
u_26:0.6514393605
u_27:0.5353893802
u_28:0.3370182018
u_29:0.4325811655
u_30:0.3990653202
u_31:0.4141785061
u_32:0.1536540033
u_33:0.2508040053
u_34:0.3625765388
u_35:0.4821579029
u_36:0.6028672943
u_37:0.718201784
u_38:0.821902097
u_39:0.9080657973
u_40:0.6351927543
u_41:0.6390663319
u_42:0.6354438675
u_43:0.8875912975
u_44:0.7634059754
u_45:0.6139583093
u_46:0.4543195185
u_47:0.2994113808
u_48:0.1637158371
u_49:0.3970642103
u_50:0.3715658671
u_51:0.3757841879
u_52:0.1391751179
u_53:0.2864449927
u_54:0.4600302217
u_55:0.6386574499
u_56:0.8016317185
u_57:0.5931899489
u_58:0.6357415761
u_59:0.6427015449
u_60:0.9065244951
u_61:0.7995878238
u_62:0.6687502433
u_63:0.5249016832
u_64:0.378876811
u_65:0.2412451172
u_66:0.1220684971
u_67:0.3667133364
u_68:0.3427895434
u_69:0.3395029023
u_70:0.1008575139
u_71:0.2440360488
u_72:0.3960965308
u_73:0.1825053598
u_74:0.2032433067
u_75:0.4731029346
u_76:0.6657042797
u_77:0.7738572664
u_78:0.5786736976
u_79:0.6728359883
u_80:0.6813373147
u_81:0.9930288606
u_82:0.9667957742
u_83:0.93846352
u_84:0.9080363755
u_85:0.8757224809
u_86:0.8418623441
u_87:0.8068863953
u_88:0.7712871726
u_89:0.7356001054
u_90:0.7003897637
u_91:0.6662396669
u_92:0.6337443299
u_93:0.6035025395
u_94:0.576110992
u_95:0.55215745
u_96:0.5322124778
u_97:0.516818598
u_98:0.5064753307
u_99:0.5016179945
[Objective]
0.008795980172
