[Grid]
nodes:100
dt_0:0.02
dt_1:0.02
dt_2:0.02
dt_3:0.02
dt_4:0.02
dt_5:0.02
dt_6:0.02
dt_7:0.02
dt_8:0.02
dt_9:0.02
dt_10:0.02
dt_11:0.02
dt_12:0.02
dt_13:0.02
dt_14:0.02
dt_15:0.02
dt_16:0.02
dt_17:0.02
dt_18:0.02
dt_19:0.02
dt_20:0.02
dt_21:0.02
dt_22:0.02
dt_23:0.02
dt_24:0.02
dt_25:0.02
dt_26:0.02
dt_27:0.02
dt_28:0.02
dt_29:0.02
dt_30:0.02
dt_31:0.02
dt_32:0.02
dt_33:0.02
dt_34:0.02
dt_35:0.02
dt_36:0.02
dt_37:0.02
dt_38:0.02
dt_39:0.02
dt_40:0.02
dt_41:0.02
dt_42:0.02
dt_43:0.02
dt_44:0.02
dt_45:0.02
dt_46:0.02
dt_47:0.02
dt_48:0.02
dt_49:0.02
dt_50:0.02
dt_51:0.02
dt_52:0.02
dt_53:0.02
dt_54:0.02
dt_55:0.02
dt_56:0.02
dt_57:0.02
dt_58:0.02
dt_59:0.02
dt_60:0.02
dt_61:0.02
dt_62:0.02
dt_63:0.02
dt_64:0.02
dt_65:0.02
dt_66:0.02
dt_67:0.02
dt_68:0.02
dt_69:0.02
dt_70:0.02
dt_71:0.02
dt_72:0.02
dt_73:0.02
dt_74:0.02
dt_75:0.02
dt_76:0.02
dt_77:0.02
dt_78:0.02
dt_79:0.02
dt_80:0.02
dt_81:0.02
dt_82:0.02
dt_83:0.02
dt_84:0.02
dt_85:0.02
dt_86:0.02
dt_87:0.02
dt_88:0.02
dt_89:0.02
dt_90:0.02
dt_91:0.02
dt_92:0.02
dt_93:0.02
dt_94:0.02
dt_95:0.02
dt_96:0.02
dt_97:0.02
dt_98:0.02
dt_99:0.02
[Control]
u_0:0.1265191502
u_1:0.3033731206
u_2:0.554655848
u_3:0.7930653543
u_4:0.9355328569
u_5:0.9334179373
u_6:0.8446318084
u_7:0.7051459242
u_8:0.5377652972
u_9:0.3648135059
u_10:0.2079293825
u_11:0.08777810783
u_12:0.02362905021
u_13:0.02148035743
u_14:0.04836888062
u_15:0.09275254109
u_16:0.1513704141
u_17:0.2209112158
u_18:0.2979545713
u_19:0.3788972753
u_20:0.4598533905
u_21:0.5365135428
u_22:0.6039428509
u_23:0.6562879432
u_24:0.6863500836
u_25:0.6849612729
u_26:0.6400693819
u_27:0.5353890538
u_28:0.3483874582
u_29:0.120981993
u_30:0.07263894946
u_31:0.1056562644
u_32:0.171630024
u_33:0.2619194951
u_34:0.368507081
u_35:0.483784059
u_36:0.6004296651
u_37:0.7113418558
u_38:0.8096042329
u_39:0.8884825023
u_40:0.9414489902
u_41:0.9622379527
u_42:0.9423244905
u_43:0.8693477259
u_44:0.7533585265
u_45:0.6105884653
u_46:0.457124557
u_47:0.3088119663
u_48:0.1811364916
u_49:0.08906500664
u_50:0.04681736521
u_51:0.06726335829
u_52:0.1554762781
u_53:0.2939641044
u_54:0.4599141057
u_55:0.6308892318
u_56:0.7850283762
u_57:0.9013115985
u_58:0.9599358619
u_59:0.949910891
u_60:0.8879633719
u_61:0.7885299147
u_62:0.6635287254
u_63:0.5247404235
u_64:0.3837523272
u_65:0.2518831525
u_66:0.140074698
u_67:0.05873307839
u_68:0.01749564576
u_69:0.02979136654
u_70:0.1151445397
u_71:0.2484095724
u_72:0.3911981228
u_73:0.5036318253
u_74:0.5436957967
u_75:0.4662105741
u_76:0.3104459592
u_77:0.4346858474
u_78:0.8956387406
u_79:1
u_80:0.9915841637
u_81:0.9754520545
u_82:0.9548160591
u_83:0.9302802074
u_84:0.9024406008
u_85:0.8718942095
u_86:0.839242689
u_87:0.8050936159
u_88:0.7700602573
u_89:0.7347605057
u_90:0.6998153209
u_91:0.6658468069
u_92:0.6334758957
u_93:0.6033194772
u_94:0.5759866765
u_95:0.5520738197
u_96:0.5321574088
u_97:0.5167841162
u_98:0.5064563565
u_99:0.501611342
[Objective]
0.008459932055
