[Grid]
nodes:100
dt_0:0.02
dt_1:0.02
dt_2:0.02
dt_3:0.02
dt_4:0.02
dt_5:0.02
dt_6:0.02
dt_7:0.02
dt_8:0.02
dt_9:0.02
dt_10:0.02
dt_11:0.02
dt_12:0.02
dt_13:0.02
dt_14:0.02
dt_15:0.02
dt_16:0.02
dt_17:0.02
dt_18:0.02
dt_19:0.02
dt_20:0.02
dt_21:0.02
dt_22:0.02
dt_23:0.02
dt_24:0.02
dt_25:0.02
dt_26:0.02
dt_27:0.02
dt_28:0.02
dt_29:0.02
dt_30:0.02
dt_31:0.02
dt_32:0.02
dt_33:0.02
dt_34:0.02
dt_35:0.02
dt_36:0.02
dt_37:0.02
dt_38:0.02
dt_39:0.02
dt_40:0.02
dt_41:0.02
dt_42:0.02
dt_43:0.02
dt_44:0.02
dt_45:0.02
dt_46:0.02
dt_47:0.02
dt_48:0.02
dt_49:0.02
dt_50:0.02
dt_51:0.02
dt_52:0.02
dt_53:0.02
dt_54:0.02
dt_55:0.02
dt_56:0.02
dt_57:0.02
dt_58:0.02
dt_59:0.02
dt_60:0.02
dt_61:0.02
dt_62:0.02
dt_63:0.02
dt_64:0.02
dt_65:0.02
dt_66:0.02
dt_67:0.02
dt_68:0.02
dt_69:0.02
dt_70:0.02
dt_71:0.02
dt_72:0.02
dt_73:0.02
dt_74:0.02
dt_75:0.02
dt_76:0.02
dt_77:0.02
dt_78:0.02
dt_79:0.02
dt_80:0.02
dt_81:0.02
dt_82:0.02
dt_83:0.02
dt_84:0.02
dt_85:0.02
dt_86:0.02
dt_87:0.02
dt_88:0.02
dt_89:0.02
dt_90:0.02
dt_91:0.02
dt_92:0.02
dt_93:0.02
dt_94:0.02
dt_95:0.02
dt_96:0.02
dt_97:0.02
dt_98:0.02
dt_99:0.02
[Control]
u_0:0.1500296744
u_1:0.210853259
u_2:0.3585545296
u_3:0.4616431612
u_4:0.5314750635
u_5:0.5338795738
u_6:0.5237108613
u_7:0.5071834224
u_8:0.4381905055
u_9:0.4682987998
u_10:0.4103764391
u_11:0.4144232156
u_12:0.3625740155
u_13:0.3331506636
u_14:0.2993650943
u_15:0.3366764134
u_16:0.2920438915
u_17:0.3031404197
u_18:0.3159636137
u_19:0.3584350155
u_20:0.3748126446
u_21:0.392257361
u_22:0.3984910756
u_23:0.3565348038
u_24:0.3664682367
u_25:0.3771335378
u_26:0.3652424191
u_27:0.4142451009
u_28:0.4984763464
u_29:0.5582631968
u_30:0.4724734313
u_31:0.4229073886
u_32:0.411876387
u_33:0.4323300521
u_34:0.4771223711
u_35:0.4795713833
u_36:0.6089586462
u_37:0.6076811173
u_38:0.5877224464
u_39:0.6247122459
u_40:0.6179725107
u_41:0.6462669904
u_42:0.610888702
u_43:0.6044151925
u_44:0.5894090004
u_45:0.5508090709
u_46:0.5166020597
u_47:0.472412888
u_48:0.4456162934
u_49:0.4449295063
u_50:0.438791511
u_51:0.4239665933
u_52:0.4651055353
u_53:0.4437912427
u_54:0.4582534996
u_55:0.477487613
u_56:0.5538935563
u_57:0.5717981184
u_58:0.5815255385
u_59:0.6133925721
u_60:0.6332782636
u_61:0.5829917589
u_62:0.5145131939
u_63:0.5294222141
u_64:0.4416888666
u_65:0.4161220093
u_66:0.3824022174
u_67:0.3564572807
u_68:0.3750063799
u_69:0.3734708917
u_70:0.3377250285
u_71:0.2986677352
u_72:0.2921500127
u_73:0.3044778859
u_74:0.3634925489
u_75:0.4756130211
u_76:0.51085419
u_77:0.5560430765
u_78:0.6315978357
u_79:0.6410477979
u_80:0.7186583424
u_81:0.6958321136
u_82:0.7785709283
u_83:0.8344063173
u_84:0.8569915655
u_85:0.8452280307
u_86:0.8506391028
u_87:0.8128847752
u_88:0.7753898945
u_89:0.7384070512
u_90:0.7023101509
u_91:0.6675530758
u_92:0.6346418381
u_93:0.6041146609
u_94:0.5765267076
u_95:0.5524371673
u_96:0.5323968254
u_97:0.5169343404
u_98:0.5065392647
u_99:0.5016393945
[Objective]
0.009016952695
