[Grid]
nodes:100
dt_0:0.02
dt_1:0.02
dt_2:0.02
dt_3:0.02
dt_4:0.02
dt_5:0.02
dt_6:0.02
dt_7:0.02
dt_8:0.02
dt_9:0.02
dt_10:0.02
dt_11:0.02
dt_12:0.02
dt_13:0.02
dt_14:0.02
dt_15:0.02
dt_16:0.02
dt_17:0.02
dt_18:0.02
dt_19:0.02
dt_20:0.02
dt_21:0.02
dt_22:0.02
dt_23:0.02
dt_24:0.02
dt_25:0.02
dt_26:0.02
dt_27:0.02
dt_28:0.02
dt_29:0.02
dt_30:0.02
dt_31:0.02
dt_32:0.02
dt_33:0.02
dt_34:0.02
dt_35:0.02
dt_36:0.02
dt_37:0.02
dt_38:0.02
dt_39:0.02
dt_40:0.02
dt_41:0.02
dt_42:0.02
dt_43:0.02
dt_44:0.02
dt_45:0.02
dt_46:0.02
dt_47:0.02
dt_48:0.02
dt_49:0.02
dt_50:0.02
dt_51:0.02
dt_52:0.02
dt_53:0.02
dt_54:0.02
dt_55:0.02
dt_56:0.02
dt_57:0.02
dt_58:0.02
dt_59:0.02
dt_60:0.02
dt_61:0.02
dt_62:0.02
dt_63:0.02
dt_64:0.02
dt_65:0.02
dt_66:0.02
dt_67:0.02
dt_68:0.02
dt_69:0.02
dt_70:0.02
dt_71:0.02
dt_72:0.02
dt_73:0.02
dt_74:0.02
dt_75:0.02
dt_76:0.02
dt_77:0.02
dt_78:0.02
dt_79:0.02
dt_80:0.02
dt_81:0.02
dt_82:0.02
dt_83:0.02
dt_84:0.02
dt_85:0.02
dt_86:0.02
dt_87:0.02
dt_88:0.02
dt_89:0.02
dt_90:0.02
dt_91:0.02
dt_92:0.02
dt_93:0.02
dt_94:0.02
dt_95:0.02
dt_96:0.02
dt_97:0.02
dt_98:0.02
dt_99:0.02
[Control]
u_0:0.1480514635
u_1:0.2342226566
u_2:0.3504264801
u_3:0.5220508463
u_4:0.5139372376
u_5:0.5968104196
u_6:0.5419101501
u_7:0.4558643142
u_8:0.5477119018
u_9:0.3572286893
u_10:0.4599181867
u_11:0.3939507413
u_12:0.3649477234
u_13:0.3497497489
u_14:0.2473730956
u_15:0.3010295451
u_16:0.3012165081
u_17:0.3032486023
u_18:0.2917802142
u_19:0.3832915555
u_20:0.3754769558
u_21:0.3840727271
u_22:0.3921376948
u_23:0.4523078517
u_24:0.3509297446
u_25:0.333264963
u_26:0.3187459807
u_27:0.4394493072
u_28:0.5968023119
u_29:0.4842557843
u_30:0.4936789227
u_31:0.4609652984
u_32:0.4029167279
u_33:0.3153508884
u_34:0.4538827445
u_35:0.4805428338
u_36:0.6080882168
u_37:0.6310404836
u_38:0.6626495023
u_39:0.6843940666
u_40:0.5703115731
u_41:0.6477516145
u_42:0.5905791238
u_43:0.6391583601
u_44:0.5987018198
u_45:0.6180868054
u_46:0.4496573009
u_47:0.4635025908
u_48:0.4113637525
u_49:0.4408463411
u_50:0.4613361687
u_51:0.4200564277
u_52:0.3878761984
u_53:0.4523114018
u_54:0.4581424351
u_55:0.4687286715
u_56:0.6479769679
u_57:0.5239629186
u_58:0.6324256873
u_59:0.610325153
u_60:0.5847605646
u_61:0.6411926372
u_62:0.5815251234
u_63:0.5291350518
u_64:0.3751968948
u_65:0.4073334376
u_66:0.3730291241
u_67:0.337380612
u_68:0.3485025246
u_69:0.3755861339
u_70:0.4282117888
u_71:0.2325113805
u_72:0.3222186463
u_73:0.1930222754
u_74:0.3582419613
u_75:0.4762060877
u_76:0.5173831393
u_77:0.59323518
u_78:0.6835316516
u_79:0.6673642589
u_80:0.6484798205
u_81:0.672368257
u_82:0.8112435232
u_83:0.8562356272
u_84:0.9201573315
u_85:0.8839991146
u_86:0.847521205
u_87:0.81075766
u_88:0.7739361774
u_89:0.7374128695
u_90:0.7016301659
u_91:0.6670881512
u_92:0.634324259
u_93:0.6038981781
u_94:0.5763797842
u_95:0.5523383871
u_96:0.5323317798
u_97:0.5168935346
u_98:0.5065167385
u_99:0.5016318563
[Objective]
0.008997176658
