[Grid]
nodes:100
dt_0:0.02
dt_1:0.02
dt_2:0.02
dt_3:0.02
dt_4:0.02
dt_5:0.02
dt_6:0.02
dt_7:0.02
dt_8:0.02
dt_9:0.02
dt_10:0.02
dt_11:0.02
dt_12:0.02
dt_13:0.02
dt_14:0.02
dt_15:0.02
dt_16:0.02
dt_17:0.02
dt_18:0.02
dt_19:0.02
dt_20:0.02
dt_21:0.02
dt_22:0.02
dt_23:0.02
dt_24:0.02
dt_25:0.02
dt_26:0.02
dt_27:0.02
dt_28:0.02
dt_29:0.02
dt_30:0.02
dt_31:0.02
dt_32:0.02
dt_33:0.02
dt_34:0.02
dt_35:0.02
dt_36:0.02
dt_37:0.02
dt_38:0.02
dt_39:0.02
dt_40:0.02
dt_41:0.02
dt_42:0.02
dt_43:0.02
dt_44:0.02
dt_45:0.02
dt_46:0.02
dt_47:0.02
dt_48:0.02
dt_49:0.02
dt_50:0.02
dt_51:0.02
dt_52:0.02
dt_53:0.02
dt_54:0.02
dt_55:0.02
dt_56:0.02
dt_57:0.02
dt_58:0.02
dt_59:0.02
dt_60:0.02
dt_61:0.02
dt_62:0.02
dt_63:0.02
dt_64:0.02
dt_65:0.02
dt_66:0.02
dt_67:0.02
dt_68:0.02
dt_69:0.02
dt_70:0.02
dt_71:0.02
dt_72:0.02
dt_73:0.02
dt_74:0.02
dt_75:0.02
dt_76:0.02
dt_77:0.02
dt_78:0.02
dt_79:0.02
dt_80:0.02
dt_81:0.02
dt_82:0.02
dt_83:0.02
dt_84:0.02
dt_85:0.02
dt_86:0.02
dt_87:0.02
dt_88:0.02
dt_89:0.02
dt_90:0.02
dt_91:0.02
dt_92:0.02
dt_93:0.02
dt_94:0.02
dt_95:0.02
dt_96:0.02
dt_97:0.02
dt_98:0.02
dt_99:0.02
[Control]
u_0:0.1416006594
u_1:0.3249762286
u_2:0.3739770332
u_3:0.5518154347
u_4:0.6728380152
u_5:0.4830493895
u_6:0.6629839511
u_7:0.721778623
u_8:0.5431691846
u_9:0.3598087726
u_10:0.1917538001
u_11:0.2700074337
u_12:0.4747879105
u_13:0.2852892653
u_14:0.291218635
u_15:0.275749767
u_16:0.1331420073
u_17:0.2107534227
u_18:0.2943487492
u_19:0.3813099169
u_20:0.4686446039
u_21:0.5530033308
u_22:0.4185821336
u_23:0.4101058204
u_24:0.4177540716
u_25:0.2268601838
u_26:0.4477196554
u_27:0.536751308
u_28:0.5436778011
u_29:0.3706470038
u_30:0.5508180473
u_31:0.3502139264
u_32:0.3559486505
u_33:0.2448005194
u_34:0.3594025553
u_35:0.4813266995
u_36:0.6042524705
u_37:0.7220102787
u_38:0.8287128993
u_39:0.7068687297
u_40:0.7007050539
u_41:0.4895374685
u_42:0.7006044572
u_43:0.6856394661
u_44:0.7689484935
u_45:0.6157982805
u_46:0.452742417
u_47:0.2941699593
u_48:0.3660507798
u_49:0.3324244711
u_50:0.5218291176
u_51:0.3113268123
u_52:0.3419017526
u_53:0.2818630948
u_54:0.4594813153
u_55:0.6420599203
u_56:0.5974663669
u_57:0.6557219154
u_58:0.6948121671
u_59:0.4986709225
u_60:0.7068751039
u_61:0.8072358063
u_62:0.6728246602
u_63:0.5260242091
u_64:0.377213043
u_65:0.236532059
u_66:0.325627733
u_67:0.3041895529
u_68:0.2843426265
u_69:0.4848654406
u_70:0.3027478824
u_71:0.2398871759
u_72:0.1852790857
u_73:0.2382803338
u_74:0.2544352905
u_75:0.4746548385
u_76:0.6178469832
u_77:0.7221513358
u_78:0.6391294938
u_79:0.7307490273
u_80:0.5368820833
u_81:0.793620743
u_82:0.9753845348
u_83:0.9443152385
u_84:0.9120333709
u_85:0.8784557712
u_86:0.8437324774
u_87:0.8081662646
u_88:0.7721631567
u_89:0.7361996403
u_90:0.7008000251
u_91:0.6665202931
u_92:0.6339361082
u_93:0.6036333403
u_94:0.5761998221
u_95:0.5522172162
u_96:0.5322518627
u_97:0.516843323
u_98:0.506488987
u_99:0.5016225653
[Objective]
0.008900749571
