[Grid]
nodes:100
dt_0:0.02
dt_1:0.02
dt_2:0.02
dt_3:0.02
dt_4:0.02
dt_5:0.02
dt_6:0.02
dt_7:0.02
dt_8:0.02
dt_9:0.02
dt_10:0.02
dt_11:0.02
dt_12:0.02
dt_13:0.02
dt_14:0.02
dt_15:0.02
dt_16:0.02
dt_17:0.02
dt_18:0.02
dt_19:0.02
dt_20:0.02
dt_21:0.02
dt_22:0.02
dt_23:0.02
dt_24:0.02
dt_25:0.02
dt_26:0.02
dt_27:0.02
dt_28:0.02
dt_29:0.02
dt_30:0.02
dt_31:0.02
dt_32:0.02
dt_33:0.02
dt_34:0.02
dt_35:0.02
dt_36:0.02
dt_37:0.02
dt_38:0.02
dt_39:0.02
dt_40:0.02
dt_41:0.02
dt_42:0.02
dt_43:0.02
dt_44:0.02
dt_45:0.02
dt_46:0.02
dt_47:0.02
dt_48:0.02
dt_49:0.02
dt_50:0.02
dt_51:0.02
dt_52:0.02
dt_53:0.02
dt_54:0.02
dt_55:0.02
dt_56:0.02
dt_57:0.02
dt_58:0.02
dt_59:0.02
dt_60:0.02
dt_61:0.02
dt_62:0.02
dt_63:0.02
dt_64:0.02
dt_65:0.02
dt_66:0.02
dt_67:0.02
dt_68:0.02
dt_69:0.02
dt_70:0.02
dt_71:0.02
dt_72:0.02
dt_73:0.02
dt_74:0.02
dt_75:0.02
dt_76:0.02
dt_77:0.02
dt_78:0.02
dt_79:0.02
dt_80:0.02
dt_81:0.02
dt_82:0.02
dt_83:0.02
dt_84:0.02
dt_85:0.02
dt_86:0.02
dt_87:0.02
dt_88:0.02
dt_89:0.02
dt_90:0.02
dt_91:0.02
dt_92:0.02
dt_93:0.02
dt_94:0.02
dt_95:0.02
dt_96:0.02
dt_97:0.02
dt_98:0.02
dt_99:0.02
[Control]
u_0:0.1493037782
u_1:0.2209312793
u_2:0.3539890864
u_3:0.4667488739
u_4:0.5456319391
u_5:0.5622302076
u_6:0.5300144231
u_7:0.4795056812
u_8:0.4913978984
u_9:0.4143166586
u_10:0.4371654473
u_11:0.4069845245
u_12:0.343586694
u_13:0.3607129058
u_14:0.2984179919
u_15:0.2979627605
u_16:0.3198292263
u_17:0.2606320694
u_18:0.3485432601
u_19:0.3263791012
u_20:0.4179224179
u_21:0.3652424357
u_22:0.3949086941
u_23:0.40084551
u_24:0.3393651505
u_25:0.353747537
u_26:0.3619225907
u_27:0.4245370702
u_28:0.5488059768
u_29:0.54636381
u_30:0.4381656839
u_31:0.4654373464
u_32:0.4101524379
u_33:0.3749251791
u_34:0.4672036227
u_35:0.4798564807
u_36:0.6083756473
u_37:0.6172582709
u_38:0.6448930092
u_39:0.6307011958
u_40:0.6132719364
u_41:0.6050681167
u_42:0.6434021008
u_43:0.5742303449
u_44:0.6368625303
u_45:0.5612763538
u_46:0.5062498076
u_47:0.4250908595
u_48:0.4759673381
u_49:0.4450778772
u_50:0.4054418116
u_51:0.4240795191
u_52:0.4520282254
u_53:0.4706356095
u_54:0.4580092782
u_55:0.4501163376
u_56:0.5985563722
u_57:0.5670701919
u_58:0.5645565807
u_59:0.6320766424
u_60:0.6294717965
u_61:0.5661402437
u_62:0.5677193481
u_63:0.529163172
u_64:0.4314788132
u_65:0.3689174684
u_66:0.3804313198
u_67:0.3931100207
u_68:0.3595864818
u_69:0.354479871
u_70:0.3841744194
u_71:0.2886108077
u_72:0.2850656392
u_73:0.2482146813
u_74:0.3645086641
u_75:0.4762035243
u_76:0.5111095219
u_77:0.5757704008
u_78:0.6323130808
u_79:0.6558859539
u_80:0.7264027688
u_81:0.6597956473
u_82:0.7935082365
u_83:0.8437856688
u_84:0.8657872922
u_85:0.8861280517
u_86:0.8489718331
u_87:0.8117485763
u_88:0.7746137864
u_89:0.7378764005
u_90:0.7019472315
u_91:0.66730493
u_92:0.6344723153
u_93:0.6039990797
u_94:0.5764482427
u_95:0.5523843955
u_96:0.5323620628
u_97:0.5169125246
u_98:0.5065272183
u_99:0.5016353628
[Objective]
0.009010267468
