[Grid]
nodes:100
dt_0:0.02
dt_1:0.02
dt_2:0.02
dt_3:0.02
dt_4:0.02
dt_5:0.02
dt_6:0.02
dt_7:0.02
dt_8:0.02
dt_9:0.02
dt_10:0.02
dt_11:0.02
dt_12:0.02
dt_13:0.02
dt_14:0.02
dt_15:0.02
dt_16:0.02
dt_17:0.02
dt_18:0.02
dt_19:0.02
dt_20:0.02
dt_21:0.02
dt_22:0.02
dt_23:0.02
dt_24:0.02
dt_25:0.02
dt_26:0.02
dt_27:0.02
dt_28:0.02
dt_29:0.02
dt_30:0.02
dt_31:0.02
dt_32:0.02
dt_33:0.02
dt_34:0.02
dt_35:0.02
dt_36:0.02
dt_37:0.02
dt_38:0.02
dt_39:0.02
dt_40:0.02
dt_41:0.02
dt_42:0.02
dt_43:0.02
dt_44:0.02
dt_45:0.02
dt_46:0.02
dt_47:0.02
dt_48:0.02
dt_49:0.02
dt_50:0.02
dt_51:0.02
dt_52:0.02
dt_53:0.02
dt_54:0.02
dt_55:0.02
dt_56:0.02
dt_57:0.02
dt_58:0.02
dt_59:0.02
dt_60:0.02
dt_61:0.02
dt_62:0.02
dt_63:0.02
dt_64:0.02
dt_65:0.02
dt_66:0.02
dt_67:0.02
dt_68:0.02
dt_69:0.02
dt_70:0.02
dt_71:0.02
dt_72:0.02
dt_73:0.02
dt_74:0.02
dt_75:0.02
dt_76:0.02
dt_77:0.02
dt_78:0.02
dt_79:0.02
dt_80:0.02
dt_81:0.02
dt_82:0.02
dt_83:0.02
dt_84:0.02
dt_85:0.02
dt_86:0.02
dt_87:0.02
dt_88:0.02
dt_89:0.02
dt_90:0.02
dt_91:0.02
dt_92:0.02
dt_93:0.02
dt_94:0.02
dt_95:0.02
dt_96:0.02
dt_97:0.02
dt_98:0.02
dt_99:0.02
[Control]
u_0:0.1504459493
u_1:0.2043807206
u_2:0.3636748924
u_3:0.462526954
u_4:0.5256317471
u_5:0.4984634421
u_6:0.522154552
u_7:0.5100758164
u_8:0.4587925639
u_9:0.4479333067
u_10:0.4448563665
u_11:0.3804850648
u_12:0.3577432213
u_13:0.3266643649
u_14:0.3356627844
u_15:0.3059778096
u_16:0.3234673317
u_17:0.3155791856
u_18:0.3091744251
u_19:0.3646094734
u_20:0.3616660594
u_21:0.3970327384
u_22:0.3664313566
u_23:0.3818440789
u_24:0.3725335746
u_25:0.3565567636
u_26:0.4043821796
u_27:0.4075184674
u_28:0.4856291527
u_29:0.5223047398
u_30:0.4801573921
u_31:0.4062946567
u_32:0.450594902
u_33:0.4477837499
u_34:0.483834062
u_35:0.4799656356
u_36:0.5730598076
u_37:0.6015419661
u_38:0.6070054191
u_39:0.5879415286
u_40:0.6582354214
u_41:0.6223925175
u_42:0.6102437412
u_43:0.6085081625
u_44:0.5766079028
u_45:0.5459475207
u_46:0.5214375181
u_47:0.4851844532
u_48:0.4414868546
u_49:0.4391748393
u_50:0.4450481259
u_51:0.4546398711
u_52:0.4351082942
u_53:0.4752947546
u_54:0.4575738181
u_55:0.4816274123
u_56:0.5419196138
u_57:0.575049303
u_58:0.5831191181
u_59:0.6191708867
u_60:0.5999387758
u_61:0.5832394774
u_62:0.5336732342
u_63:0.4932780092
u_64:0.4470069141
u_65:0.4291773521
u_66:0.3847507059
u_67:0.3817728632
u_68:0.3434484137
u_69:0.3685255987
u_70:0.3235463592
u_71:0.3025589198
u_72:0.333537085
u_73:0.3241690427
u_74:0.3641444192
u_75:0.475045143
u_76:0.5089811909
u_77:0.5443946872
u_78:0.6319110803
u_79:0.636478111
u_80:0.6923425478
u_81:0.7416391772
u_82:0.7722402943
u_83:0.8285895258
u_84:0.816641904
u_85:0.8721400863
u_86:0.8152338375
u_87:0.8140417389
u_88:0.7761782775
u_89:0.7389455187
u_90:0.702678238
u_91:0.667804698
u_92:0.634813715
u_93:0.6042318362
u_94:0.5766062468
u_95:0.5524906552
u_96:0.5324320549
u_97:0.5169564462
u_98:0.5065514699
u_99:0.5016434791
[Objective]
0.009020808475
