[Grid]
nodes:100
dt_0:0.02
dt_1:0.02
dt_2:0.02
dt_3:0.02
dt_4:0.02
dt_5:0.02
dt_6:0.02
dt_7:0.02
dt_8:0.02
dt_9:0.02
dt_10:0.02
dt_11:0.02
dt_12:0.02
dt_13:0.02
dt_14:0.02
dt_15:0.02
dt_16:0.02
dt_17:0.02
dt_18:0.02
dt_19:0.02
dt_20:0.02
dt_21:0.02
dt_22:0.02
dt_23:0.02
dt_24:0.02
dt_25:0.02
dt_26:0.02
dt_27:0.02
dt_28:0.02
dt_29:0.02
dt_30:0.02
dt_31:0.02
dt_32:0.02
dt_33:0.02
dt_34:0.02
dt_35:0.02
dt_36:0.02
dt_37:0.02
dt_38:0.02
dt_39:0.02
dt_40:0.02
dt_41:0.02
dt_42:0.02
dt_43:0.02
dt_44:0.02
dt_45:0.02
dt_46:0.02
dt_47:0.02
dt_48:0.02
dt_49:0.02
dt_50:0.02
dt_51:0.02
dt_52:0.02
dt_53:0.02
dt_54:0.02
dt_55:0.02
dt_56:0.02
dt_57:0.02
dt_58:0.02
dt_59:0.02
dt_60:0.02
dt_61:0.02
dt_62:0.02
dt_63:0.02
dt_64:0.02
dt_65:0.02
dt_66:0.02
dt_67:0.02
dt_68:0.02
dt_69:0.02
dt_70:0.02
dt_71:0.02
dt_72:0.02
dt_73:0.02
dt_74:0.02
dt_75:0.02
dt_76:0.02
dt_77:0.02
dt_78:0.02
dt_79:0.02
dt_80:0.02
dt_81:0.02
dt_82:0.02
dt_83:0.02
dt_84:0.02
dt_85:0.02
dt_86:0.02
dt_87:0.02
dt_88:0.02
dt_89:0.02
dt_90:0.02
dt_91:0.02
dt_92:0.02
dt_93:0.02
dt_94:0.02
dt_95:0.02
dt_96:0.02
dt_97:0.02
dt_98:0.02
dt_99:0.02
[Control]
u_0:0.1450731521
u_1:0.3299553245
u_2:0.2814607319
u_3:0.5489163404
u_4:0.6002307662
u_5:0.5231462018
u_6:0.5714261661
u_7:0.5860862689
u_8:0.5457916711
u_9:0.3581516312
u_10:0.3285525363
u_11:0.3629751495
u_12:0.4366145633
u_13:0.3606290965
u_14:0.1550845111
u_15:0.3691510373
u_16:0.2690950462
u_17:0.2068534458
u_18:0.2929891685
u_19:0.3822791649
u_20:0.4720974791
u_21:0.4164813635
u_22:0.3244072183
u_23:0.5451485546
u_24:0.3408447242
u_25:0.2627523759
u_26:0.3514104832
u_27:0.5380339106
u_28:0.4997532072
u_29:0.5194771951
u_30:0.4418466009
u_31:0.4970551876
u_32:0.3077378787
u_33:0.3818323494
u_34:0.3564326848
u_35:0.4808923216
u_36:0.6062795054
u_37:0.7268093724
u_38:0.6940254245
u_39:0.615295791
u_40:0.6965118908
u_41:0.5994482061
u_42:0.554132219
u_43:0.733692126
u_44:0.631203784
u_45:0.6173910139
u_46:0.4509193164
u_47:0.4316502817
u_48:0.3176600262
u_49:0.4784320113
u_50:0.4112475124
u_51:0.4575302855
u_52:0.2939323197
u_53:0.4200547305
u_54:0.4587739108
u_55:0.5023468292
u_56:0.6435730412
u_57:0.6500274004
u_58:0.6205673073
u_59:0.5380372793
u_60:0.6153843875
u_61:0.6724181515
u_62:0.6772613068
u_63:0.5274005407
u_64:0.3757341883
u_65:0.3749603541
u_66:0.2789355559
u_67:0.3099083911
u_68:0.3592251911
u_69:0.4468473003
u_70:0.396508946
u_71:0.2352545645
u_72:0.2245459313
u_73:0.2257742394
u_74:0.3153657811
u_75:0.4757301967
u_76:0.5592350701
u_77:0.594498139
u_78:0.7749161143
u_79:0.6557266863
u_80:0.5760849686
u_81:0.7025451894
u_82:0.841617925
u_83:0.9505921026
u_84:0.9163114019
u_85:0.881378312
u_86:0.8457311392
u_87:0.8095337727
u_88:0.77309901
u_89:0.7368401078
u_90:0.7012382787
u_91:0.6668200581
u_92:0.6341409614
u_93:0.6037730562
u_94:0.5762947055
u_95:0.5522810542
u_96:0.5322939307
u_97:0.5168697322
u_98:0.5065035735
u_99:0.5016274475
[Objective]
0.008963655304
