[Grid]
nodes:100
dt_0:0.02
dt_1:0.02
dt_2:0.02
dt_3:0.02
dt_4:0.02
dt_5:0.02
dt_6:0.02
dt_7:0.02
dt_8:0.02
dt_9:0.02
dt_10:0.02
dt_11:0.02
dt_12:0.02
dt_13:0.02
dt_14:0.02
dt_15:0.02
dt_16:0.02
dt_17:0.02
dt_18:0.02
dt_19:0.02
dt_20:0.02
dt_21:0.02
dt_22:0.02
dt_23:0.02
dt_24:0.02
dt_25:0.02
dt_26:0.02
dt_27:0.02
dt_28:0.02
dt_29:0.02
dt_30:0.02
dt_31:0.02
dt_32:0.02
dt_33:0.02
dt_34:0.02
dt_35:0.02
dt_36:0.02
dt_37:0.02
dt_38:0.02
dt_39:0.02
dt_40:0.02
dt_41:0.02
dt_42:0.02
dt_43:0.02
dt_44:0.02
dt_45:0.02
dt_46:0.02
dt_47:0.02
dt_48:0.02
dt_49:0.02
dt_50:0.02
dt_51:0.02
dt_52:0.02
dt_53:0.02
dt_54:0.02
dt_55:0.02
dt_56:0.02
dt_57:0.02
dt_58:0.02
dt_59:0.02
dt_60:0.02
dt_61:0.02
dt_62:0.02
dt_63:0.02
dt_64:0.02
dt_65:0.02
dt_66:0.02
dt_67:0.02
dt_68:0.02
dt_69:0.02
dt_70:0.02
dt_71:0.02
dt_72:0.02
dt_73:0.02
dt_74:0.02
dt_75:0.02
dt_76:0.02
dt_77:0.02
dt_78:0.02
dt_79:0.02
dt_80:0.02
dt_81:0.02
dt_82:0.02
dt_83:0.02
dt_84:0.02
dt_85:0.02
dt_86:0.02
dt_87:0.02
dt_88:0.02
dt_89:0.02
dt_90:0.02
dt_91:0.02
dt_92:0.02
dt_93:0.02
dt_94:0.02
dt_95:0.02
dt_96:0.02
dt_97:0.02
dt_98:0.02
dt_99:0.02
[Control]
u_0:0.1297405223
u_1:0.3079810956
u_2:0.561334027
u_3:0.8028271141
u_4:0.6084444948
u_5:0.9427902508
u_6:0.8504743878
u_7:0.7083503852
u_8:0.5388103697
u_9:0.3638540094
u_10:0.2048228872
u_11:0.08206007507
u_12:0.0144259408
u_13:0.3488071959
u_14:0.03894955726
u_15:0.08657061452
u_16:0.147484791
u_17:0.2187436956
u_18:0.2971858607
u_19:0.3794146797
u_20:0.461733115
u_21:0.5400330812
u_22:0.6096272083
u_23:0.665005863
u_24:0.3580159105
u_25:0.6927042241
u_26:0.6436607971
u_27:0.5353891396
u_28:0.3447962474
u_29:0.1132393038
u_30:0.4009735292
u_31:0.09693890312
u_32:0.165946435
u_33:0.2584010595
u_34:0.3666289737
u_35:0.4832690381
u_36:0.6012018829
u_37:0.7135145234
u_38:0.8134973961
u_39:0.8946754635
u_40:0.9508844552
u_41:0.6349347179
u_42:0.9515620988
u_43:0.8751161686
u_44:0.7565386596
u_45:0.6116555098
u_46:0.4562365445
u_47:0.3058368665
u_48:0.1756288697
u_49:0.08018191041
u_50:0.3746203346
u_51:0.0585455303
u_52:0.1503233168
u_53:0.291584935
u_54:0.4599508953
u_55:0.6333473258
u_56:0.7902770741
u_57:0.9101558882
u_58:0.6323084656
u_59:0.9590442006
u_60:0.8938322578
u_61:0.7920299553
u_62:0.6651819904
u_63:0.5247911619
u_64:0.3822079437
u_65:0.2485152882
u_66:0.1343805767
u_67:0.04984264704
u_68:0.3454695572
u_69:0.02144807254
u_70:0.1106254038
u_71:0.2470192439
u_72:0.392733317
u_73:0.5083499324
u_74:0.2109159998
u_75:0.4683754736
u_76:0.6478752349
u_77:0.4356288977
u_78:0.9016429279
u_79:0.6731263045
u_80:0.9997067573
u_81:0.98097429
u_82:0.9585833258
u_83:0.9328542348
u_84:0.9042006102
u_85:0.8730980347
u_86:0.8400662127
u_87:0.805657005
u_88:0.7704456724
u_89:0.735024141
u_90:0.6999956156
u_91:0.6659700542
u_92:0.633560075
u_93:0.6033768698
u_94:0.5760256484
u_95:0.5521000322
u_96:0.5321746426
u_97:0.5167948475
u_98:0.5064622134
u_99:0.5016136041
[Objective]
0.008582888459
