[Grid]
nodes:100
dt_0:0.02
dt_1:0.02
dt_2:0.02
dt_3:0.02
dt_4:0.02
dt_5:0.02
dt_6:0.02
dt_7:0.02
dt_8:0.02
dt_9:0.02
dt_10:0.02
dt_11:0.02
dt_12:0.02
dt_13:0.02
dt_14:0.02
dt_15:0.02
dt_16:0.02
dt_17:0.02
dt_18:0.02
dt_19:0.02
dt_20:0.02
dt_21:0.02
dt_22:0.02
dt_23:0.02
dt_24:0.02
dt_25:0.02
dt_26:0.02
dt_27:0.02
dt_28:0.02
dt_29:0.02
dt_30:0.02
dt_31:0.02
dt_32:0.02
dt_33:0.02
dt_34:0.02
dt_35:0.02
dt_36:0.02
dt_37:0.02
dt_38:0.02
dt_39:0.02
dt_40:0.02
dt_41:0.02
dt_42:0.02
dt_43:0.02
dt_44:0.02
dt_45:0.02
dt_46:0.02
dt_47:0.02
dt_48:0.02
dt_49:0.02
dt_50:0.02
dt_51:0.02
dt_52:0.02
dt_53:0.02
dt_54:0.02
dt_55:0.02
dt_56:0.02
dt_57:0.02
dt_58:0.02
dt_59:0.02
dt_60:0.02
dt_61:0.02
dt_62:0.02
dt_63:0.02
dt_64:0.02
dt_65:0.02
dt_66:0.02
dt_67:0.02
dt_68:0.02
dt_69:0.02
dt_70:0.02
dt_71:0.02
dt_72:0.02
dt_73:0.02
dt_74:0.02
dt_75:0.02
dt_76:0.02
dt_77:0.02
dt_78:0.02
dt_79:0.02
dt_80:0.02
dt_81:0.02
dt_82:0.02
dt_83:0.02
dt_84:0.02
dt_85:0.02
dt_86:0.02
dt_87:0.02
dt_88:0.02
dt_89:0.02
dt_90:0.02
dt_91:0.02
dt_92:0.02
dt_93:0.02
dt_94:0.02
dt_95:0.02
dt_96:0.02
dt_97:0.02
dt_98:0.02
dt_99:0.02
[Control]
u_0:0
u_1:0
u_2:0
u_3:0.1164909393
u_4:0.3502701242
u_5:0.5933508744
u_6:0.834151894
u_7:1
u_8:1
u_9:1
u_10:0.8343247228
u_11:0.8458671371
u_12:0.9434795208
u_13:0.8651298139
u_14:0.794018646
u_15:0.8018307009
u_16:0.7633563742
u_17:0.7440733978
u_18:0.7008793666
u_19:0.5896049342
u_20:0.6339538309
u_21:0.4685498125
u_22:0.3546919179
u_23:0.3041619055
u_24:0.3171466799
u_25:0.3069634185
u_26:0.27792068
u_27:0.1889884254
u_28:0.179013995
u_29:0.151048572
u_30:0.1668085682
u_31:0.1561890426
u_32:0.2218619178
u_33:0.1711325641
u_34:0.2269155765
u_35:0.2911324737
u_36:0.2157993508
u_37:0.323374213
u_38:0.2417613227
u_39:0.2460942717
u_40:0.2896876506
u_41:0.3377410314
u_42:0.2348454855
u_43:0.3371129959
u_44:0.3335472956
u_45:0.2609085089
u_46:0.2909076137
u_47:0.2412730969
u_48:0.2880422042
u_49:0.3413261217
u_50:0.3083196948
u_51:0.2687825995
u_52:0.4396963427
u_53:0.4125966575
u_54:0.4500748818
u_55:0.6001810457
u_56:0.6064599716
u_57:0.6755111181
u_58:0.7693784884
u_59:0.7497635634
u_60:0.8117090453
u_61:0.9006215082
u_62:0.9353466191
u_63:0.94553254
u_64:0.9540124199
u_65:0.9686705855
u_66:0.8325008604
u_67:0.8886587156
u_68:0.8404279742
u_69:0.859905731
u_70:0.8503251103
u_71:0.8958669194
u_72:0.8299947692
u_73:0.7954324645
u_74:0.7423134212
u_75:0.7024445942
u_76:0.7235627273
u_77:0.5818727685
u_78:0.5398908993
u_79:0.5417511551
u_80:0.5092114297
u_81:0.4365006128
u_82:0.3858050485
u_83:0.3810020235
u_84:0.3279633013
u_85:0.321431829
u_86:0.3271813729
u_87:0.2876455559
u_88:0.2819867056
u_89:0.3691360263
u_90:0.3477049143
u_91:0.3100088619
u_92:0.425067353
u_93:0.3626859926
u_94:0.369677941
u_95:0.2657864311
u_96:0.1927835751
u_97:0.1651789332
u_98:0.169932464
u_99:0.1558294447
[Objective]
0.01143777461
