[Grid]
nodes:100
dt_0:0.02
dt_1:0.02
dt_2:0.02
dt_3:0.02
dt_4:0.02
dt_5:0.02
dt_6:0.02
dt_7:0.02
dt_8:0.02
dt_9:0.02
dt_10:0.02
dt_11:0.02
dt_12:0.02
dt_13:0.02
dt_14:0.02
dt_15:0.02
dt_16:0.02
dt_17:0.02
dt_18:0.02
dt_19:0.02
dt_20:0.02
dt_21:0.02
dt_22:0.02
dt_23:0.02
dt_24:0.02
dt_25:0.02
dt_26:0.02
dt_27:0.02
dt_28:0.02
dt_29:0.02
dt_30:0.02
dt_31:0.02
dt_32:0.02
dt_33:0.02
dt_34:0.02
dt_35:0.02
dt_36:0.02
dt_37:0.02
dt_38:0.02
dt_39:0.02
dt_40:0.02
dt_41:0.02
dt_42:0.02
dt_43:0.02
dt_44:0.02
dt_45:0.02
dt_46:0.02
dt_47:0.02
dt_48:0.02
dt_49:0.02
dt_50:0.02
dt_51:0.02
dt_52:0.02
dt_53:0.02
dt_54:0.02
dt_55:0.02
dt_56:0.02
dt_57:0.02
dt_58:0.02
dt_59:0.02
dt_60:0.02
dt_61:0.02
dt_62:0.02
dt_63:0.02
dt_64:0.02
dt_65:0.02
dt_66:0.02
dt_67:0.02
dt_68:0.02
dt_69:0.02
dt_70:0.02
dt_71:0.02
dt_72:0.02
dt_73:0.02
dt_74:0.02
dt_75:0.02
dt_76:0.02
dt_77:0.02
dt_78:0.02
dt_79:0.02
dt_80:0.02
dt_81:0.02
dt_82:0.02
dt_83:0.02
dt_84:0.02
dt_85:0.02
dt_86:0.02
dt_87:0.02
dt_88:0.02
dt_89:0.02
dt_90:0.02
dt_91:0.02
dt_92:0.02
dt_93:0.02
dt_94:0.02
dt_95:0.02
dt_96:0.02
dt_97:0.02
dt_98:0.02
dt_99:0.02
[Control]
u_0:0
u_1:0
u_2:0
u_3:0.1142009839
u_4:0.3469220064
u_5:0.588343534
u_6:0.8265832807
u_7:1
u_8:1
u_9:1
u_10:1
u_11:1
u_12:1
u_13:0.9132368243
u_14:0.8430861376
u_15:0.8213577844
u_16:0.8219182855
u_17:0.7578597303
u_18:0.641883912
u_19:0.6046064292
u_20:0.6814817104
u_21:0.3655291101
u_22:0.4778682882
u_23:0.3194942285
u_24:0.3878673406
u_25:0.2763684351
u_26:0.1705670512
u_27:0.0692924833
u_28:0
u_29:0
u_30:0
u_31:0.2360930935
u_32:0.2148753316
u_33:0.2067352355
u_34:0.1972660935
u_35:0.09771733491
u_36:0.1400744959
u_37:0.2722829571
u_38:0.4202277609
u_39:0.4748027362
u_40:0.5822180426
u_41:0.5163804764
u_42:0.6436927907
u_43:0.3516936115
u_44:0.2894846789
u_45:0.05738678851
u_46:0.121927083
u_47:0
u_48:0.06730401227
u_49:0.2540049102
u_50:0.3619781531
u_51:0.1389367709
u_52:0.3296612611
u_53:0.3243732841
u_54:0.5855038882
u_55:0.4617772763
u_56:0.5503652226
u_57:0.8118957015
u_58:1
u_59:0.9817473739
u_60:1
u_61:1
u_62:0.6528988698
u_63:0.7460834699
u_64:0.6333075089
u_65:0.8024712509
u_66:0.8472830144
u_67:0.8422465013
u_68:0.9081994209
u_69:1
u_70:1
u_71:1
u_72:0.892312892
u_73:0.843082502
u_74:0.8313697772
u_75:0.8340889127
u_76:0.7664792869
u_77:0.6428149454
u_78:0.5949100264
u_79:0.659168553
u_80:0.3293854549
u_81:0.4273223411
u_82:0.2544963711
u_83:0.3087597058
u_84:0.1837142461
u_85:0.0648908276
u_86:0.1379133394
u_87:0.1839629474
u_88:0.1527919047
u_89:0.04291185322
u_90:0.2992519477
u_91:0.4405967866
u_92:0.5376513297
u_93:0.5694444671
u_94:0.501547779
u_95:0.6206682372
u_96:0.5668695039
u_97:0.5005656879
u_98:0.5104519464
u_99:0.0771094344
[Objective]
0.01125500287
