[Grid]
nodes:100
dt_0:0.02
dt_1:0.02
dt_2:0.02
dt_3:0.02
dt_4:0.02
dt_5:0.02
dt_6:0.02
dt_7:0.02
dt_8:0.02
dt_9:0.02
dt_10:0.02
dt_11:0.02
dt_12:0.02
dt_13:0.02
dt_14:0.02
dt_15:0.02
dt_16:0.02
dt_17:0.02
dt_18:0.02
dt_19:0.02
dt_20:0.02
dt_21:0.02
dt_22:0.02
dt_23:0.02
dt_24:0.02
dt_25:0.02
dt_26:0.02
dt_27:0.02
dt_28:0.02
dt_29:0.02
dt_30:0.02
dt_31:0.02
dt_32:0.02
dt_33:0.02
dt_34:0.02
dt_35:0.02
dt_36:0.02
dt_37:0.02
dt_38:0.02
dt_39:0.02
dt_40:0.02
dt_41:0.02
dt_42:0.02
dt_43:0.02
dt_44:0.02
dt_45:0.02
dt_46:0.02
dt_47:0.02
dt_48:0.02
dt_49:0.02
dt_50:0.02
dt_51:0.02
dt_52:0.02
dt_53:0.02
dt_54:0.02
dt_55:0.02
dt_56:0.02
dt_57:0.02
dt_58:0.02
dt_59:0.02
dt_60:0.02
dt_61:0.02
dt_62:0.02
dt_63:0.02
dt_64:0.02
dt_65:0.02
dt_66:0.02
dt_67:0.02
dt_68:0.02
dt_69:0.02
dt_70:0.02
dt_71:0.02
dt_72:0.02
dt_73:0.02
dt_74:0.02
dt_75:0.02
dt_76:0.02
dt_77:0.02
dt_78:0.02
dt_79:0.02
dt_80:0.02
dt_81:0.02
dt_82:0.02
dt_83:0.02
dt_84:0.02
dt_85:0.02
dt_86:0.02
dt_87:0.02
dt_88:0.02
dt_89:0.02
dt_90:0.02
dt_91:0.02
dt_92:0.02
dt_93:0.02
dt_94:0.02
dt_95:0.02
dt_96:0.02
dt_97:0.02
dt_98:0.02
dt_99:0.02
[Control]
u_0:0
u_1:0
u_2:0
u_3:0.1151811147
u_4:0.3483549264
u_5:0.5904863186
u_6:0.8298216331
u_7:1
u_8:1
u_9:1
u_10:1
u_11:0.8679896572
u_12:0.9685259153
u_13:0.879043916
u_14:0.7742091499
u_15:0.8098499563
u_16:0.8323146782
u_17:0.7080239146
u_18:0.6675784722
u_19:0.5978177509
u_20:0.5083226193
u_21:0.5470664111
u_22:0.4782944351
u_23:0.3628399174
u_24:0.2645236818
u_25:0.1980660076
u_26:0.07770075252
u_27:0.08754535958
u_28:0.1761474195
u_29:0.1010456508
u_30:0.1487821403
u_31:0.1630900273
u_32:0.1372684181
u_33:0.1712057787
u_34:0.3299709317
u_35:0.3085199438
u_36:0.2831585162
u_37:0.2894447432
u_38:0.374420668
u_39:0.3927362217
u_40:0.2615538377
u_41:0.3232532903
u_42:0.2597008044
u_43:0.2403143964
u_44:0.2321892028
u_45:0.3010790728
u_46:0.3878886227
u_47:0.191640435
u_48:0.2079619041
u_49:0.1070429167
u_50:0.2475328179
u_51:0.2833889412
u_52:0.3183700416
u_53:0.4444889983
u_54:0.5574757911
u_55:0.6606578467
u_56:0.6811083031
u_57:0.8276354698
u_58:0.7206858006
u_59:0.868142871
u_60:0.7424985101
u_61:0.8605369343
u_62:0.8095509549
u_63:0.8541667611
u_64:0.9377101307
u_65:0.8928356824
u_66:0.9969020906
u_67:0.9628454747
u_68:1
u_69:0.9258756496
u_70:0.8509557735
u_71:0.8859444224
u_72:0.8216740593
u_73:0.8619861435
u_74:0.8237152177
u_75:0.6770279524
u_76:0.7241220751
u_77:0.6730356527
u_78:0.5905575678
u_79:0.4868340186
u_80:0.3964657418
u_81:0.3703995014
u_82:0.3398765846
u_83:0.3821079204
u_84:0.2818390991
u_85:0.1105922528
u_86:0.3185227488
u_87:0.2609966817
u_88:0.3066346665
u_89:0.3801866569
u_90:0.3033355087
u_91:0.3334875789
u_92:0.3765699219
u_93:0.4184248867
u_94:0.4207891587
u_95:0.488929106
u_96:0.4183980865
u_97:0.2188734606
u_98:0.1881414991
u_99:0.1003343112
[Objective]
0.01139243697
