[Grid]
nodes:100
dt_0:0.02
dt_1:0.02
dt_2:0.02
dt_3:0.02
dt_4:0.02
dt_5:0.02
dt_6:0.02
dt_7:0.02
dt_8:0.02
dt_9:0.02
dt_10:0.02
dt_11:0.02
dt_12:0.02
dt_13:0.02
dt_14:0.02
dt_15:0.02
dt_16:0.02
dt_17:0.02
dt_18:0.02
dt_19:0.02
dt_20:0.02
dt_21:0.02
dt_22:0.02
dt_23:0.02
dt_24:0.02
dt_25:0.02
dt_26:0.02
dt_27:0.02
dt_28:0.02
dt_29:0.02
dt_30:0.02
dt_31:0.02
dt_32:0.02
dt_33:0.02
dt_34:0.02
dt_35:0.02
dt_36:0.02
dt_37:0.02
dt_38:0.02
dt_39:0.02
dt_40:0.02
dt_41:0.02
dt_42:0.02
dt_43:0.02
dt_44:0.02
dt_45:0.02
dt_46:0.02
dt_47:0.02
dt_48:0.02
dt_49:0.02
dt_50:0.02
dt_51:0.02
dt_52:0.02
dt_53:0.02
dt_54:0.02
dt_55:0.02
dt_56:0.02
dt_57:0.02
dt_58:0.02
dt_59:0.02
dt_60:0.02
dt_61:0.02
dt_62:0.02
dt_63:0.02
dt_64:0.02
dt_65:0.02
dt_66:0.02
dt_67:0.02
dt_68:0.02
dt_69:0.02
dt_70:0.02
dt_71:0.02
dt_72:0.02
dt_73:0.02
dt_74:0.02
dt_75:0.02
dt_76:0.02
dt_77:0.02
dt_78:0.02
dt_79:0.02
dt_80:0.02
dt_81:0.02
dt_82:0.02
dt_83:0.02
dt_84:0.02
dt_85:0.02
dt_86:0.02
dt_87:0.02
dt_88:0.02
dt_89:0.02
dt_90:0.02
dt_91:0.02
dt_92:0.02
dt_93:0.02
dt_94:0.02
dt_95:0.02
dt_96:0.02
dt_97:0.02
dt_98:0.02
dt_99:0.02
[Control]
u_0:0
u_1:0
u_2:0
u_3:0.1385335173
u_4:0.3825691821
u_5:0.5688833032
u_6:0.5446709885
u_7:0.686572208
u_8:0.8120671222
u_9:0.8253313885
u_10:0.7882567841
u_11:0.838507205
u_12:0.8533863425
u_13:0.8313129189
u_14:0.8459563017
u_15:0.7769578251
u_16:0.7562890079
u_17:0.718778053
u_18:0.6248384998
u_19:0.612212139
u_20:0.5881249139
u_21:0.6100303768
u_22:0.5293155561
u_23:0.4809656405
u_24:0.4529976639
u_25:0.2959138265
u_26:0.3240567274
u_27:0.3108668038
u_28:0.273437853
u_29:0.220453575
u_30:0.2571922599
u_31:0.2157477053
u_32:0.2425739452
u_33:0.2258701849
u_34:0.2113841235
u_35:0.2237672334
u_36:0.254586265
u_37:0.2471958147
u_38:0.3018042556
u_39:0.3112811386
u_40:0.3232882724
u_41:0.3572592781
u_42:0.3294497446
u_43:0.3340403989
u_44:0.3309075734
u_45:0.2761704047
u_46:0.286889597
u_47:0.2913356044
u_48:0.3252351568
u_49:0.3028342145
u_50:0.3432611065
u_51:0.3607778446
u_52:0.437541114
u_53:0.4754237514
u_54:0.4884408343
u_55:0.5494785117
u_56:0.6311939276
u_57:0.6809103841
u_58:0.7050353311
u_59:0.6968588227
u_60:0.748819127
u_61:0.7288249199
u_62:0.7645943951
u_63:0.7085506315
u_64:0.7645781504
u_65:0.7951079253
u_66:0.7862057155
u_67:0.8195277139
u_68:0.8319006266
u_69:0.7591150754
u_70:0.8158976483
u_71:0.812053955
u_72:0.7944956962
u_73:0.7441170028
u_74:0.7300986478
u_75:0.738575451
u_76:0.6908275685
u_77:0.7197438245
u_78:0.6554735646
u_79:0.585798683
u_80:0.5561205406
u_81:0.4982975584
u_82:0.4041031611
u_83:0.4342669499
u_84:0.4443001736
u_85:0.3968970194
u_86:0.369156952
u_87:0.3143935108
u_88:0.3062291669
u_89:0.2519483291
u_90:0.2113861173
u_91:0.2381354434
u_92:0.2647330815
u_93:0.2852755669
u_94:0.289673146
u_95:0.2906109543
u_96:0.2984133931
u_97:0.2327137234
u_98:0.1341031991
u_99:0.1176926146
[Objective]
0.01152489797
