[Grid]
nodes:100
dt_0:0.02
dt_1:0.02
dt_2:0.02
dt_3:0.02
dt_4:0.02
dt_5:0.02
dt_6:0.02
dt_7:0.02
dt_8:0.02
dt_9:0.02
dt_10:0.02
dt_11:0.02
dt_12:0.02
dt_13:0.02
dt_14:0.02
dt_15:0.02
dt_16:0.02
dt_17:0.02
dt_18:0.02
dt_19:0.02
dt_20:0.02
dt_21:0.02
dt_22:0.02
dt_23:0.02
dt_24:0.02
dt_25:0.02
dt_26:0.02
dt_27:0.02
dt_28:0.02
dt_29:0.02
dt_30:0.02
dt_31:0.02
dt_32:0.02
dt_33:0.02
dt_34:0.02
dt_35:0.02
dt_36:0.02
dt_37:0.02
dt_38:0.02
dt_39:0.02
dt_40:0.02
dt_41:0.02
dt_42:0.02
dt_43:0.02
dt_44:0.02
dt_45:0.02
dt_46:0.02
dt_47:0.02
dt_48:0.02
dt_49:0.02
dt_50:0.02
dt_51:0.02
dt_52:0.02
dt_53:0.02
dt_54:0.02
dt_55:0.02
dt_56:0.02
dt_57:0.02
dt_58:0.02
dt_59:0.02
dt_60:0.02
dt_61:0.02
dt_62:0.02
dt_63:0.02
dt_64:0.02
dt_65:0.02
dt_66:0.02
dt_67:0.02
dt_68:0.02
dt_69:0.02
dt_70:0.02
dt_71:0.02
dt_72:0.02
dt_73:0.02
dt_74:0.02
dt_75:0.02
dt_76:0.02
dt_77:0.02
dt_78:0.02
dt_79:0.02
dt_80:0.02
dt_81:0.02
dt_82:0.02
dt_83:0.02
dt_84:0.02
dt_85:0.02
dt_86:0.02
dt_87:0.02
dt_88:0.02
dt_89:0.02
dt_90:0.02
dt_91:0.02
dt_92:0.02
dt_93:0.02
dt_94:0.02
dt_95:0.02
dt_96:0.02
dt_97:0.02
dt_98:0.02
dt_99:0.02
[Control]
u_0:0
u_1:0
u_2:0
u_3:0.1169125835
u_4:0.3508868787
u_5:0.5942738429
u_6:0.8355481207
u_7:1
u_8:1
u_9:0.90713313
u_10:0.9450550155
u_11:0.8327618994
u_12:0.8938077805
u_13:0.848632504
u_14:0.8030877058
u_15:0.7390313394
u_16:0.7579070552
u_17:0.7755470309
u_18:0.732746473
u_19:0.62540274
u_20:0.5786877694
u_21:0.4645547172
u_22:0.3951218951
u_23:0.3247000068
u_24:0.3273349711
u_25:0.3209894523
u_26:0.2569688656
u_27:0.2545726965
u_28:0.1740657901
u_29:0.2067714831
u_30:0.20909811
u_31:0.1637380161
u_32:0.2288678362
u_33:0.2161903962
u_34:0.1672668627
u_35:0.1858584264
u_36:0.2561011606
u_37:0.2483655567
u_38:0.2470100726
u_39:0.2500496951
u_40:0.2978486732
u_41:0.3208318033
u_42:0.3399416422
u_43:0.3157866661
u_44:0.2823482707
u_45:0.3229804982
u_46:0.2356946902
u_47:0.2671879486
u_48:0.2923082051
u_49:0.3171848515
u_50:0.3722911783
u_51:0.4129767122
u_52:0.3614490314
u_53:0.4011029188
u_54:0.5137448034
u_55:0.4925001164
u_56:0.5450477942
u_57:0.6699746951
u_58:0.7480071619
u_59:0.8151535453
u_60:0.8241319914
u_61:0.9542008727
u_62:0.9690226984
u_63:0.9411151995
u_64:0.945734746
u_65:0.8301130202
u_66:0.8899347041
u_67:0.8199325827
u_68:0.7839707938
u_69:0.8148773949
u_70:0.8533890114
u_71:0.8606370344
u_72:0.7864547404
u_73:0.8022443671
u_74:0.7836499563
u_75:0.7587802412
u_76:0.6836856369
u_77:0.5717102787
u_78:0.5436685259
u_79:0.5689064931
u_80:0.5441989779
u_81:0.4611108331
u_82:0.4080105997
u_83:0.3527995347
u_84:0.3919647948
u_85:0.3676423996
u_86:0.3616670668
u_87:0.2791648399
u_88:0.3321681373
u_89:0.3000401654
u_90:0.300762228
u_91:0.3367045629
u_92:0.3823433409
u_93:0.3632695074
u_94:0.3388527323
u_95:0.1879051852
u_96:0.1914107503
u_97:0.1642517238
u_98:0.1629848773
u_99:0.1379019142
[Objective]
0.011451732
