[Grid]
nodes:100
dt_0:0.02
dt_1:0.02
dt_2:0.02
dt_3:0.02
dt_4:0.02
dt_5:0.02
dt_6:0.02
dt_7:0.02
dt_8:0.02
dt_9:0.02
dt_10:0.02
dt_11:0.02
dt_12:0.02
dt_13:0.02
dt_14:0.02
dt_15:0.02
dt_16:0.02
dt_17:0.02
dt_18:0.02
dt_19:0.02
dt_20:0.02
dt_21:0.02
dt_22:0.02
dt_23:0.02
dt_24:0.02
dt_25:0.02
dt_26:0.02
dt_27:0.02
dt_28:0.02
dt_29:0.02
dt_30:0.02
dt_31:0.02
dt_32:0.02
dt_33:0.02
dt_34:0.02
dt_35:0.02
dt_36:0.02
dt_37:0.02
dt_38:0.02
dt_39:0.02
dt_40:0.02
dt_41:0.02
dt_42:0.02
dt_43:0.02
dt_44:0.02
dt_45:0.02
dt_46:0.02
dt_47:0.02
dt_48:0.02
dt_49:0.02
dt_50:0.02
dt_51:0.02
dt_52:0.02
dt_53:0.02
dt_54:0.02
dt_55:0.02
dt_56:0.02
dt_57:0.02
dt_58:0.02
dt_59:0.02
dt_60:0.02
dt_61:0.02
dt_62:0.02
dt_63:0.02
dt_64:0.02
dt_65:0.02
dt_66:0.02
dt_67:0.02
dt_68:0.02
dt_69:0.02
dt_70:0.02
dt_71:0.02
dt_72:0.02
dt_73:0.02
dt_74:0.02
dt_75:0.02
dt_76:0.02
dt_77:0.02
dt_78:0.02
dt_79:0.02
dt_80:0.02
dt_81:0.02
dt_82:0.02
dt_83:0.02
dt_84:0.02
dt_85:0.02
dt_86:0.02
dt_87:0.02
dt_88:0.02
dt_89:0.02
dt_90:0.02
dt_91:0.02
dt_92:0.02
dt_93:0.02
dt_94:0.02
dt_95:0.02
dt_96:0.02
dt_97:0.02
dt_98:0.02
dt_99:0.02
[Control]
u_0:0
u_1:0
u_2:0
u_3:0.1135785707
u_4:0.3460119884
u_5:0.5869826475
u_6:0.8245268718
u_7:1
u_8:1
u_9:1
u_10:1
u_11:1
u_12:1
u_13:1
u_14:1
u_15:0.9402563822
u_16:0.6966232496
u_17:0.8551359389
u_18:0.5161286797
u_19:0.5777235329
u_20:0.8063411128
u_21:0.6895991608
u_22:0.5779093993
u_23:0.4699119941
u_24:0.365086529
u_25:0.2633879064
u_26:0.164998238
u_27:0.07012424636
u_28:0
u_29:0
u_30:0
u_31:0
u_32:0
u_33:0.04372700429
u_34:0.2313822623
u_35:0.4031723283
u_36:0.2646925722
u_37:0.1458916346
u_38:0
u_39:0.7569986681
u_40:0.4039336776
u_41:0.7745725409
u_42:0.5224227482
u_43:0.7609972523
u_44:0.6015496709
u_45:0.2173734657
u_46:0.1014771118
u_47:0
u_48:0
u_49:0
u_50:0.02071529065
u_51:0.2851223191
u_52:0.5111709994
u_53:0.2065885857
u_54:0.5435913908
u_55:0.3643457262
u_56:0.5313351505
u_57:0.6914866911
u_58:0.8439153067
u_59:0.9873961299
u_60:1
u_61:1
u_62:1
u_63:1
u_64:0.8642658661
u_65:0.6490486976
u_66:0.6492972839
u_67:0.4252444516
u_68:0.8916105593
u_69:0.7299926817
u_70:1
u_71:1
u_72:1
u_73:1
u_74:0.9574247281
u_75:0.7136418178
u_76:0.8671656339
u_77:0.51964278
u_78:0.5702452167
u_79:0.786277763
u_80:0.6561395228
u_81:0.5309622232
u_82:0.4100730572
u_83:0.2936264094
u_84:0.1822563036
u_85:0.07684151103
u_86:0
u_87:0
u_88:0
u_89:0
u_90:0.09796790968
u_91:0.2955370985
u_92:0.4921159612
u_93:0.7509187456
u_94:0.8261064565
u_95:0.8514319136
u_96:0.58321195
u_97:0.7857559822
u_98:0.3671526222
u_99:0.5610148514
[Objective]
0.01103193816
