[Grid]
nodes:100
dt_0:0.02
dt_1:0.02
dt_2:0.02
dt_3:0.02
dt_4:0.02
dt_5:0.02
dt_6:0.02
dt_7:0.02
dt_8:0.02
dt_9:0.02
dt_10:0.02
dt_11:0.02
dt_12:0.02
dt_13:0.02
dt_14:0.02
dt_15:0.02
dt_16:0.02
dt_17:0.02
dt_18:0.02
dt_19:0.02
dt_20:0.02
dt_21:0.02
dt_22:0.02
dt_23:0.02
dt_24:0.02
dt_25:0.02
dt_26:0.02
dt_27:0.02
dt_28:0.02
dt_29:0.02
dt_30:0.02
dt_31:0.02
dt_32:0.02
dt_33:0.02
dt_34:0.02
dt_35:0.02
dt_36:0.02
dt_37:0.02
dt_38:0.02
dt_39:0.02
dt_40:0.02
dt_41:0.02
dt_42:0.02
dt_43:0.02
dt_44:0.02
dt_45:0.02
dt_46:0.02
dt_47:0.02
dt_48:0.02
dt_49:0.02
dt_50:0.02
dt_51:0.02
dt_52:0.02
dt_53:0.02
dt_54:0.02
dt_55:0.02
dt_56:0.02
dt_57:0.02
dt_58:0.02
dt_59:0.02
dt_60:0.02
dt_61:0.02
dt_62:0.02
dt_63:0.02
dt_64:0.02
dt_65:0.02
dt_66:0.02
dt_67:0.02
dt_68:0.02
dt_69:0.02
dt_70:0.02
dt_71:0.02
dt_72:0.02
dt_73:0.02
dt_74:0.02
dt_75:0.02
dt_76:0.02
dt_77:0.02
dt_78:0.02
dt_79:0.02
dt_80:0.02
dt_81:0.02
dt_82:0.02
dt_83:0.02
dt_84:0.02
dt_85:0.02
dt_86:0.02
dt_87:0.02
dt_88:0.02
dt_89:0.02
dt_90:0.02
dt_91:0.02
dt_92:0.02
dt_93:0.02
dt_94:0.02
dt_95:0.02
dt_96:0.02
dt_97:0.02
dt_98:0.02
dt_99:0.02
[Control]
u_0:0
u_1:0
u_2:0
u_3:0.1148679366
u_4:0.3478971027
u_5:0.5898016992
u_6:0.8287867984
u_7:1
u_8:1
u_9:1
u_10:1
u_11:0.9675970508
u_12:0.942385544
u_13:0.8006603427
u_14:0.8526623302
u_15:0.8168790519
u_16:0.8081948512
u_17:0.7300069189
u_18:0.6381946346
u_19:0.5990321865
u_20:0.5190753217
u_21:0.4508257913
u_22:0.546819218
u_23:0.3916539932
u_24:0.2578581786
u_25:0.1937428846
u_26:0.08685807725
u_27:0
u_28:0.1426110593
u_29:0.1953574402
u_30:0.1564616372
u_31:0.06887030767
u_32:0.1396003186
u_33:0.2082680978
u_34:0.2944342155
u_35:0.297740306
u_36:0.3232762616
u_37:0.3700152983
u_38:0.3647553884
u_39:0.323955156
u_40:0.3443694311
u_41:0.2865861099
u_42:0.3282918207
u_43:0.2625378988
u_44:0.2406729626
u_45:0.18790448
u_46:0.3875080521
u_47:0.2255675459
u_48:0.1031010242
u_49:0.1270697118
u_50:0.2436826823
u_51:0.3009243082
u_52:0.3175107113
u_53:0.4497106039
u_54:0.5384570341
u_55:0.6428306114
u_56:0.6970942595
u_57:0.8123193973
u_58:0.8465173537
u_59:0.8284568452
u_60:0.8431627218
u_61:0.8240998164
u_62:0.7434800176
u_63:0.8199481752
u_64:0.8797641439
u_65:0.8982261694
u_66:0.9670653593
u_67:0.9824537836
u_68:1
u_69:0.9951011237
u_70:0.8711659473
u_71:0.8027216678
u_72:0.8392589445
u_73:0.9154500513
u_74:0.7516482244
u_75:0.7580509029
u_76:0.7427540584
u_77:0.6410854265
u_78:0.589503028
u_79:0.4951809343
u_80:0.4110941142
u_81:0.3706531746
u_82:0.3378139068
u_83:0.3327215104
u_84:0.1883974786
u_85:0.2231094307
u_86:0.2103409239
u_87:0.2449356958
u_88:0.3882724018
u_89:0.3656238226
u_90:0.2505638926
u_91:0.3398420974
u_92:0.3732916821
u_93:0.4121908452
u_94:0.5420646837
u_95:0.4768147595
u_96:0.3512366637
u_97:0.3540912925
u_98:0.1612966199
u_99:0.09625560643
[Objective]
0.01137804841
