[Grid]
nodes:100
dt_0:0.02
dt_1:0.02
dt_2:0.02
dt_3:0.02
dt_4:0.02
dt_5:0.02
dt_6:0.02
dt_7:0.02
dt_8:0.02
dt_9:0.02
dt_10:0.02
dt_11:0.02
dt_12:0.02
dt_13:0.02
dt_14:0.02
dt_15:0.02
dt_16:0.02
dt_17:0.02
dt_18:0.02
dt_19:0.02
dt_20:0.02
dt_21:0.02
dt_22:0.02
dt_23:0.02
dt_24:0.02
dt_25:0.02
dt_26:0.02
dt_27:0.02
dt_28:0.02
dt_29:0.02
dt_30:0.02
dt_31:0.02
dt_32:0.02
dt_33:0.02
dt_34:0.02
dt_35:0.02
dt_36:0.02
dt_37:0.02
dt_38:0.02
dt_39:0.02
dt_40:0.02
dt_41:0.02
dt_42:0.02
dt_43:0.02
dt_44:0.02
dt_45:0.02
dt_46:0.02
dt_47:0.02
dt_48:0.02
dt_49:0.02
dt_50:0.02
dt_51:0.02
dt_52:0.02
dt_53:0.02
dt_54:0.02
dt_55:0.02
dt_56:0.02
dt_57:0.02
dt_58:0.02
dt_59:0.02
dt_60:0.02
dt_61:0.02
dt_62:0.02
dt_63:0.02
dt_64:0.02
dt_65:0.02
dt_66:0.02
dt_67:0.02
dt_68:0.02
dt_69:0.02
dt_70:0.02
dt_71:0.02
dt_72:0.02
dt_73:0.02
dt_74:0.02
dt_75:0.02
dt_76:0.02
dt_77:0.02
dt_78:0.02
dt_79:0.02
dt_80:0.02
dt_81:0.02
dt_82:0.02
dt_83:0.02
dt_84:0.02
dt_85:0.02
dt_86:0.02
dt_87:0.02
dt_88:0.02
dt_89:0.02
dt_90:0.02
dt_91:0.02
dt_92:0.02
dt_93:0.02
dt_94:0.02
dt_95:0.02
dt_96:0.02
dt_97:0.02
dt_98:0.02
dt_99:0.02
[Control]
u_0:0
u_1:0
u_2:0
u_3:0.1140012241
u_4:0.3466298993
u_5:0.5879066417
u_6:0.8259230913
u_7:1
u_8:1
u_9:1
u_10:1
u_11:1
u_12:1
u_13:1
u_14:0.825762775
u_15:0.7738171597
u_16:0.8323555382
u_17:0.8533397415
u_18:0.6514875397
u_19:0.6281040038
u_20:0.6081072149
u_21:0.417259453
u_22:0.3990335891
u_23:0.4948284917
u_24:0.380765899
u_25:0.272718964
u_26:0.1696751568
u_27:0.07098898756
u_28:0
u_29:0
u_30:0
u_31:0
u_32:0.2367375544
u_33:0.3105133441
u_34:0.1427032137
u_35:0.1276712513
u_36:0.09972943243
u_37:0.1596676232
u_38:0.4100178885
u_39:0.6062240719
u_40:0.4950192125
u_41:0.6713736505
u_42:0.6186347464
u_43:0.4446072616
u_44:0.1717957955
u_45:0.2357918621
u_46:0.1143508093
u_47:0
u_48:0
u_49:0.3391004549
u_50:0.2799372054
u_51:0.06772656985
u_52:0.429487075
u_53:0.3689845979
u_54:0.3681394902
u_55:0.4820256405
u_56:0.6096089209
u_57:0.887938805
u_58:0.8338110663
u_59:0.9864895931
u_60:1
u_61:1
u_62:0.8193206024
u_63:0.6345276689
u_64:0.7693854804
u_65:0.714791318
u_66:0.7643817317
u_67:0.7802724722
u_68:0.8558677413
u_69:1
u_70:1
u_71:1
u_72:1
u_73:0.8267208794
u_74:0.7845156451
u_75:0.8450560228
u_76:0.8624258466
u_77:0.6529047427
u_78:0.6190002171
u_79:0.5865991912
u_80:0.3822777004
u_81:0.3502146787
u_82:0.4324331424
u_83:0.3056060966
u_84:0.1860780069
u_85:0.07319881606
u_86:0
u_87:0.0853092538
u_88:0.1055015481
u_89:0.1891531582
u_90:0.1455896959
u_91:0.5095787105
u_92:0.443921302
u_93:0.6867915053
u_94:0.579485442
u_95:0.5323260069
u_96:0.5899462527
u_97:0.6354025195
u_98:0.5443997342
u_99:0.1179227534
[Objective]
0.01121407393
