[Grid]
nodes:100
dt_0:0.02
dt_1:0.02
dt_2:0.02
dt_3:0.02
dt_4:0.02
dt_5:0.02
dt_6:0.02
dt_7:0.02
dt_8:0.02
dt_9:0.02
dt_10:0.02
dt_11:0.02
dt_12:0.02
dt_13:0.02
dt_14:0.02
dt_15:0.02
dt_16:0.02
dt_17:0.02
dt_18:0.02
dt_19:0.02
dt_20:0.02
dt_21:0.02
dt_22:0.02
dt_23:0.02
dt_24:0.02
dt_25:0.02
dt_26:0.02
dt_27:0.02
dt_28:0.02
dt_29:0.02
dt_30:0.02
dt_31:0.02
dt_32:0.02
dt_33:0.02
dt_34:0.02
dt_35:0.02
dt_36:0.02
dt_37:0.02
dt_38:0.02
dt_39:0.02
dt_40:0.02
dt_41:0.02
dt_42:0.02
dt_43:0.02
dt_44:0.02
dt_45:0.02
dt_46:0.02
dt_47:0.02
dt_48:0.02
dt_49:0.02
dt_50:0.02
dt_51:0.02
dt_52:0.02
dt_53:0.02
dt_54:0.02
dt_55:0.02
dt_56:0.02
dt_57:0.02
dt_58:0.02
dt_59:0.02
dt_60:0.02
dt_61:0.02
dt_62:0.02
dt_63:0.02
dt_64:0.02
dt_65:0.02
dt_66:0.02
dt_67:0.02
dt_68:0.02
dt_69:0.02
dt_70:0.02
dt_71:0.02
dt_72:0.02
dt_73:0.02
dt_74:0.02
dt_75:0.02
dt_76:0.02
dt_77:0.02
dt_78:0.02
dt_79:0.02
dt_80:0.02
dt_81:0.02
dt_82:0.02
dt_83:0.02
dt_84:0.02
dt_85:0.02
dt_86:0.02
dt_87:0.02
dt_88:0.02
dt_89:0.02
dt_90:0.02
dt_91:0.02
dt_92:0.02
dt_93:0.02
dt_94:0.02
dt_95:0.02
dt_96:0.02
dt_97:0.02
dt_98:0.02
dt_99:0.02
[Control]
u_0:0
u_1:0
u_2:0
u_3:0.1163885623
u_4:0.3501204901
u_5:0.5931271695
u_6:0.8338138468
u_7:1
u_8:1
u_9:1
u_10:0.8214408403
u_11:0.8705300464
u_12:0.9557581628
u_13:0.8401722424
u_14:0.8662219051
u_15:0.8027446149
u_16:0.7420712117
u_17:0.7150838807
u_18:0.6927137857
u_19:0.637430668
u_20:0.5974025081
u_21:0.4682509755
u_22:0.3262132398
u_23:0.3566313675
u_24:0.2480930125
u_25:0.3107185107
u_26:0.287022102
u_27:0.2040999583
u_28:0.1646787514
u_29:0.1370517031
u_30:0.09634762499
u_31:0.1898914912
u_32:0.1816554136
u_33:0.230111594
u_34:0.2097471978
u_35:0.2738848009
u_36:0.2935168975
u_37:0.269008614
u_38:0.2969406105
u_39:0.287963675
u_40:0.265681975
u_41:0.2760337676
u_42:0.2760522096
u_43:0.2747536143
u_44:0.3504223148
u_45:0.2924313404
u_46:0.2707512238
u_47:0.2881614959
u_48:0.2732563934
u_49:0.2607901833
u_50:0.2709903736
u_51:0.3009897607
u_52:0.3945532875
u_53:0.4265150394
u_54:0.4941379379
u_55:0.6255638854
u_56:0.6750960028
u_57:0.6393736127
u_58:0.733497361
u_59:0.7428698959
u_60:0.8274917323
u_61:0.8852435362
u_62:0.9022606708
u_63:0.9356246388
u_64:0.9960883953
u_65:0.9631823469
u_66:0.8819437151
u_67:0.8596967963
u_68:0.8988306354
u_69:0.8533765537
u_70:0.8464488204
u_71:0.9286325383
u_72:0.8411319332
u_73:0.8035638516
u_74:0.7269710392
u_75:0.7186026367
u_76:0.6931110325
u_77:0.6150957489
u_78:0.5670939206
u_79:0.5001898636
u_80:0.4150444819
u_81:0.4577784873
u_82:0.4128922188
u_83:0.3825022946
u_84:0.317244735
u_85:0.3081945727
u_86:0.253622893
u_87:0.2791955561
u_88:0.2954435056
u_89:0.3629173451
u_90:0.3668244248
u_91:0.3933786999
u_92:0.3921744271
u_93:0.3928588867
u_94:0.3017015484
u_95:0.3293321787
u_96:0.2343169369
u_97:0.1850954232
u_98:0.1688133231
u_99:0.1362592856
[Objective]
0.0114307832
