[Grid]
nodes:100
dt_0:0.02
dt_1:0.02
dt_2:0.02
dt_3:0.02
dt_4:0.02
dt_5:0.02
dt_6:0.02
dt_7:0.02
dt_8:0.02
dt_9:0.02
dt_10:0.02
dt_11:0.02
dt_12:0.02
dt_13:0.02
dt_14:0.02
dt_15:0.02
dt_16:0.02
dt_17:0.02
dt_18:0.02
dt_19:0.02
dt_20:0.02
dt_21:0.02
dt_22:0.02
dt_23:0.02
dt_24:0.02
dt_25:0.02
dt_26:0.02
dt_27:0.02
dt_28:0.02
dt_29:0.02
dt_30:0.02
dt_31:0.02
dt_32:0.02
dt_33:0.02
dt_34:0.02
dt_35:0.02
dt_36:0.02
dt_37:0.02
dt_38:0.02
dt_39:0.02
dt_40:0.02
dt_41:0.02
dt_42:0.02
dt_43:0.02
dt_44:0.02
dt_45:0.02
dt_46:0.02
dt_47:0.02
dt_48:0.02
dt_49:0.02
dt_50:0.02
dt_51:0.02
dt_52:0.02
dt_53:0.02
dt_54:0.02
dt_55:0.02
dt_56:0.02
dt_57:0.02
dt_58:0.02
dt_59:0.02
dt_60:0.02
dt_61:0.02
dt_62:0.02
dt_63:0.02
dt_64:0.02
dt_65:0.02
dt_66:0.02
dt_67:0.02
dt_68:0.02
dt_69:0.02
dt_70:0.02
dt_71:0.02
dt_72:0.02
dt_73:0.02
dt_74:0.02
dt_75:0.02
dt_76:0.02
dt_77:0.02
dt_78:0.02
dt_79:0.02
dt_80:0.02
dt_81:0.02
dt_82:0.02
dt_83:0.02
dt_84:0.02
dt_85:0.02
dt_86:0.02
dt_87:0.02
dt_88:0.02
dt_89:0.02
dt_90:0.02
dt_91:0.02
dt_92:0.02
dt_93:0.02
dt_94:0.02
dt_95:0.02
dt_96:0.02
dt_97:0.02
dt_98:0.02
dt_99:0.02
[Control]
u_0:0
u_1:0
u_2:0
u_3:0.140893283
u_4:0.3860426688
u_5:0.4700976665
u_6:0.6512045362
u_7:0.6658494096
u_8:0.7650087955
u_9:0.8154851078
u_10:0.7990699769
u_11:0.7803903066
u_12:0.8568889688
u_13:0.863943747
u_14:0.8446194608
u_15:0.776269632
u_16:0.7534472623
u_17:0.7075977912
u_18:0.6503417627
u_19:0.6268882278
u_20:0.6278080653
u_21:0.5375745069
u_22:0.5234208281
u_23:0.4255292216
u_24:0.4733001029
u_25:0.3897166116
u_26:0.3080761771
u_27:0.3164101406
u_28:0.276424743
u_29:0.2654663577
u_30:0.2423321514
u_31:0.2217674222
u_32:0.2264256193
u_33:0.1944672868
u_34:0.2385844352
u_35:0.2490620737
u_36:0.2372995179
u_37:0.2652901714
u_38:0.2918327644
u_39:0.3131977182
u_40:0.3322113145
u_41:0.3315321587
u_42:0.320531894
u_43:0.3686778527
u_44:0.3261857385
u_45:0.2899636624
u_46:0.3008256616
u_47:0.2975395138
u_48:0.3290574802
u_49:0.2911150355
u_50:0.3109098676
u_51:0.3739890688
u_52:0.446970351
u_53:0.477566143
u_54:0.5141936683
u_55:0.5668928248
u_56:0.5773847129
u_57:0.6509947415
u_58:0.6661712829
u_59:0.6774199129
u_60:0.733283317
u_61:0.745663175
u_62:0.7542550251
u_63:0.7554754435
u_64:0.771529978
u_65:0.7929485702
u_66:0.8172811826
u_67:0.7794784083
u_68:0.7776335063
u_69:0.783633674
u_70:0.7975907279
u_71:0.7995799899
u_72:0.792540622
u_73:0.7998619331
u_74:0.7500954055
u_75:0.72707828
u_76:0.6912679286
u_77:0.6787690824
u_78:0.6669680615
u_79:0.5396767752
u_80:0.5432081949
u_81:0.5314762915
u_82:0.4696783593
u_83:0.4197799602
u_84:0.395598597
u_85:0.3884291224
u_86:0.3462648661
u_87:0.305514025
u_88:0.2883471379
u_89:0.2718589247
u_90:0.2691670653
u_91:0.2972544895
u_92:0.2701619599
u_93:0.2870930817
u_94:0.2366852424
u_95:0.2857654795
u_96:0.2927490056
u_97:0.2196512168
u_98:0.161566663
u_99:0.09768340858
[Objective]
0.0115292644
