[Grid]
nodes:100
dt_0:0.02
dt_1:0.02
dt_2:0.02
dt_3:0.02
dt_4:0.02
dt_5:0.02
dt_6:0.02
dt_7:0.02
dt_8:0.02
dt_9:0.02
dt_10:0.02
dt_11:0.02
dt_12:0.02
dt_13:0.02
dt_14:0.02
dt_15:0.02
dt_16:0.02
dt_17:0.02
dt_18:0.02
dt_19:0.02
dt_20:0.02
dt_21:0.02
dt_22:0.02
dt_23:0.02
dt_24:0.02
dt_25:0.02
dt_26:0.02
dt_27:0.02
dt_28:0.02
dt_29:0.02
dt_30:0.02
dt_31:0.02
dt_32:0.02
dt_33:0.02
dt_34:0.02
dt_35:0.02
dt_36:0.02
dt_37:0.02
dt_38:0.02
dt_39:0.02
dt_40:0.02
dt_41:0.02
dt_42:0.02
dt_43:0.02
dt_44:0.02
dt_45:0.02
dt_46:0.02
dt_47:0.02
dt_48:0.02
dt_49:0.02
dt_50:0.02
dt_51:0.02
dt_52:0.02
dt_53:0.02
dt_54:0.02
dt_55:0.02
dt_56:0.02
dt_57:0.02
dt_58:0.02
dt_59:0.02
dt_60:0.02
dt_61:0.02
dt_62:0.02
dt_63:0.02
dt_64:0.02
dt_65:0.02
dt_66:0.02
dt_67:0.02
dt_68:0.02
dt_69:0.02
dt_70:0.02
dt_71:0.02
dt_72:0.02
dt_73:0.02
dt_74:0.02
dt_75:0.02
dt_76:0.02
dt_77:0.02
dt_78:0.02
dt_79:0.02
dt_80:0.02
dt_81:0.02
dt_82:0.02
dt_83:0.02
dt_84:0.02
dt_85:0.02
dt_86:0.02
dt_87:0.02
dt_88:0.02
dt_89:0.02
dt_90:0.02
dt_91:0.02
dt_92:0.02
dt_93:0.02
dt_94:0.02
dt_95:0.02
dt_96:0.02
dt_97:0.02
dt_98:0.02
dt_99:0.02
[Control]
u_0:0
u_1:0
u_2:0
u_3:0.1160997502
u_4:0.3496981334
u_5:0.5924953749
u_6:0.8328588387
u_7:1
u_8:1
u_9:1
u_10:0.8405782839
u_11:0.9315488769
u_12:0.8851523472
u_13:0.8933046364
u_14:0.8778485952
u_15:0.7786854238
u_16:0.7439953773
u_17:0.7023023874
u_18:0.6706137301
u_19:0.6763587898
u_20:0.5868082653
u_21:0.4671940143
u_22:0.3477851136
u_23:0.3476826364
u_24:0.2544249323
u_25:0.2350252979
u_26:0.3140700263
u_27:0.2062088838
u_28:0.163201138
u_29:0.1109875492
u_30:0.09156913682
u_31:0.1860400408
u_32:0.1755490017
u_33:0.2125469759
u_34:0.2772559501
u_35:0.2340388767
u_36:0.3187721854
u_37:0.2809579064
u_38:0.2808927513
u_39:0.3351758949
u_40:0.2825658934
u_41:0.2234740626
u_42:0.2545605129
u_43:0.3162135079
u_44:0.2790642361
u_45:0.3152328435
u_46:0.3254447263
u_47:0.2774805092
u_48:0.25531499
u_49:0.2223398003
u_50:0.2654081457
u_51:0.2946195552
u_52:0.3917117091
u_53:0.4043446131
u_54:0.5299029162
u_55:0.6638071099
u_56:0.6393129212
u_57:0.7029530444
u_58:0.6941910202
u_59:0.7427486497
u_60:0.8413636434
u_61:0.8524904307
u_62:0.8851070894
u_63:0.9768249454
u_64:0.9398344593
u_65:0.9472095924
u_66:0.9501187008
u_67:0.8887375144
u_68:0.8581399265
u_69:0.85902487
u_70:0.9120430138
u_71:0.9024315915
u_72:0.8535356229
u_73:0.7989311158
u_74:0.7333488416
u_75:0.7215647674
u_76:0.6834008883
u_77:0.6476156886
u_78:0.5628614965
u_79:0.49059267
u_80:0.4070650785
u_81:0.3906437936
u_82:0.4177027078
u_83:0.4260558727
u_84:0.2931520837
u_85:0.2738504559
u_86:0.2746172931
u_87:0.2580148456
u_88:0.3293537772
u_89:0.3235479433
u_90:0.366389972
u_91:0.4099985587
u_92:0.4374117947
u_93:0.3395432094
u_94:0.347292551
u_95:0.2786484426
u_96:0.3109331897
u_97:0.2052582386
u_98:0.1669223274
u_99:0.1248335399
[Objective]
0.01142533298
