[Grid]
nodes:100
dt_0:0.02
dt_1:0.02
dt_2:0.02
dt_3:0.02
dt_4:0.02
dt_5:0.02
dt_6:0.02
dt_7:0.02
dt_8:0.02
dt_9:0.02
dt_10:0.02
dt_11:0.02
dt_12:0.02
dt_13:0.02
dt_14:0.02
dt_15:0.02
dt_16:0.02
dt_17:0.02
dt_18:0.02
dt_19:0.02
dt_20:0.02
dt_21:0.02
dt_22:0.02
dt_23:0.02
dt_24:0.02
dt_25:0.02
dt_26:0.02
dt_27:0.02
dt_28:0.02
dt_29:0.02
dt_30:0.02
dt_31:0.02
dt_32:0.02
dt_33:0.02
dt_34:0.02
dt_35:0.02
dt_36:0.02
dt_37:0.02
dt_38:0.02
dt_39:0.02
dt_40:0.02
dt_41:0.02
dt_42:0.02
dt_43:0.02
dt_44:0.02
dt_45:0.02
dt_46:0.02
dt_47:0.02
dt_48:0.02
dt_49:0.02
dt_50:0.02
dt_51:0.02
dt_52:0.02
dt_53:0.02
dt_54:0.02
dt_55:0.02
dt_56:0.02
dt_57:0.02
dt_58:0.02
dt_59:0.02
dt_60:0.02
dt_61:0.02
dt_62:0.02
dt_63:0.02
dt_64:0.02
dt_65:0.02
dt_66:0.02
dt_67:0.02
dt_68:0.02
dt_69:0.02
dt_70:0.02
dt_71:0.02
dt_72:0.02
dt_73:0.02
dt_74:0.02
dt_75:0.02
dt_76:0.02
dt_77:0.02
dt_78:0.02
dt_79:0.02
dt_80:0.02
dt_81:0.02
dt_82:0.02
dt_83:0.02
dt_84:0.02
dt_85:0.02
dt_86:0.02
dt_87:0.02
dt_88:0.02
dt_89:0.02
dt_90:0.02
dt_91:0.02
dt_92:0.02
dt_93:0.02
dt_94:0.02
dt_95:0.02
dt_96:0.02
dt_97:0.02
dt_98:0.02
dt_99:0.02
[Control]
u_0:0
u_1:0
u_2:0
u_3:0.1426537798
u_4:0.3886280377
u_5:0.4456612229
u_6:0.6297143922
u_7:0.6915345358
u_8:0.7536582054
u_9:0.7610275703
u_10:0.8041786116
u_11:0.8291811989
u_12:0.8397786601
u_13:0.8229577984
u_14:0.8245195422
u_15:0.7839744283
u_16:0.7501568008
u_17:0.7231188924
u_18:0.6976964952
u_19:0.6506204513
u_20:0.5836433869
u_21:0.5640931733
u_22:0.5125169393
u_23:0.4585221324
u_24:0.4147536048
u_25:0.3799890247
u_26:0.3498150091
u_27:0.3228602297
u_28:0.2904299694
u_29:0.2148379649
u_30:0.250552098
u_31:0.2257614197
u_32:0.2366892735
u_33:0.2659465771
u_34:0.246403854
u_35:0.2448171426
u_36:0.2617182957
u_37:0.2685547957
u_38:0.2769416619
u_39:0.3131664946
u_40:0.2995874426
u_41:0.3038527811
u_42:0.376503172
u_43:0.3904637222
u_44:0.2900568896
u_45:0.3083616888
u_46:0.3175691861
u_47:0.2843186508
u_48:0.2564824295
u_49:0.3362756117
u_50:0.344296875
u_51:0.3783587407
u_52:0.4177408152
u_53:0.4920394786
u_54:0.5183598342
u_55:0.5417212691
u_56:0.5608915337
u_57:0.6349306133
u_58:0.6751384465
u_59:0.6807998245
u_60:0.7346373738
u_61:0.7169870973
u_62:0.7201807915
u_63:0.7386438896
u_64:0.784570288
u_65:0.7855154628
u_66:0.774058543
u_67:0.8081796191
u_68:0.8024400253
u_69:0.7966979682
u_70:0.774667133
u_71:0.7968367775
u_72:0.8100441493
u_73:0.7584914386
u_74:0.7541956339
u_75:0.7312367656
u_76:0.6936777265
u_77:0.7027251687
u_78:0.6494010396
u_79:0.597360835
u_80:0.5446300175
u_81:0.4555270084
u_82:0.4495920693
u_83:0.432325871
u_84:0.414243743
u_85:0.3466881957
u_86:0.3367347345
u_87:0.2801340703
u_88:0.2726918995
u_89:0.3114107065
u_90:0.3071705843
u_91:0.2738990616
u_92:0.2799048045
u_93:0.3212119967
u_94:0.2596012805
u_95:0.2986908301
u_96:0.2835663831
u_97:0.2120713433
u_98:0.1710427499
u_99:0.1153726329
[Objective]
0.01153673449
