[Grid]
nodes:100
dt_0:0.02
dt_1:0.02
dt_2:0.02
dt_3:0.02
dt_4:0.02
dt_5:0.02
dt_6:0.02
dt_7:0.02
dt_8:0.02
dt_9:0.02
dt_10:0.02
dt_11:0.02
dt_12:0.02
dt_13:0.02
dt_14:0.02
dt_15:0.02
dt_16:0.02
dt_17:0.02
dt_18:0.02
dt_19:0.02
dt_20:0.02
dt_21:0.02
dt_22:0.02
dt_23:0.02
dt_24:0.02
dt_25:0.02
dt_26:0.02
dt_27:0.02
dt_28:0.02
dt_29:0.02
dt_30:0.02
dt_31:0.02
dt_32:0.02
dt_33:0.02
dt_34:0.02
dt_35:0.02
dt_36:0.02
dt_37:0.02
dt_38:0.02
dt_39:0.02
dt_40:0.02
dt_41:0.02
dt_42:0.02
dt_43:0.02
dt_44:0.02
dt_45:0.02
dt_46:0.02
dt_47:0.02
dt_48:0.02
dt_49:0.02
dt_50:0.02
dt_51:0.02
dt_52:0.02
dt_53:0.02
dt_54:0.02
dt_55:0.02
dt_56:0.02
dt_57:0.02
dt_58:0.02
dt_59:0.02
dt_60:0.02
dt_61:0.02
dt_62:0.02
dt_63:0.02
dt_64:0.02
dt_65:0.02
dt_66:0.02
dt_67:0.02
dt_68:0.02
dt_69:0.02
dt_70:0.02
dt_71:0.02
dt_72:0.02
dt_73:0.02
dt_74:0.02
dt_75:0.02
dt_76:0.02
dt_77:0.02
dt_78:0.02
dt_79:0.02
dt_80:0.02
dt_81:0.02
dt_82:0.02
dt_83:0.02
dt_84:0.02
dt_85:0.02
dt_86:0.02
dt_87:0.02
dt_88:0.02
dt_89:0.02
dt_90:0.02
dt_91:0.02
dt_92:0.02
dt_93:0.02
dt_94:0.02
dt_95:0.02
dt_96:0.02
dt_97:0.02
dt_98:0.02
dt_99:0.02
[Control]
u_0:0
u_1:0
u_2:0
u_3:0.1203147568
u_4:0.3558661421
u_5:0.6017355427
u_6:0.8468721508
u_7:0.8718709227
u_8:0.9101733067
u_9:0.8998164477
u_10:0.9315395802
u_11:0.9241481102
u_12:0.8250978239
u_13:0.8579914639
u_14:0.8014160654
u_15:0.7835813321
u_16:0.7545736088
u_17:0.7002713727
u_18:0.6577545209
u_19:0.6219287296
u_20:0.6044395824
u_21:0.517431218
u_22:0.4735433833
u_23:0.4268230401
u_24:0.3662403762
u_25:0.2723206003
u_26:0.2420948993
u_27:0.2718478751
u_28:0.2578755776
u_29:0.189812078
u_30:0.2322581446
u_31:0.1990930904
u_32:0.159349964
u_33:0.1908164048
u_34:0.2103200641
u_35:0.23136164
u_36:0.2198543593
u_37:0.2176816198
u_38:0.2642085754
u_39:0.2774527066
u_40:0.3257956135
u_41:0.3084904791
u_42:0.2661340699
u_43:0.3142519284
u_44:0.324969784
u_45:0.3427882634
u_46:0.2975723582
u_47:0.3107512528
u_48:0.3280756041
u_49:0.2514274223
u_50:0.3117407307
u_51:0.4103417755
u_52:0.4294984859
u_53:0.4360502714
u_54:0.4481441277
u_55:0.4492849627
u_56:0.5977884305
u_57:0.7152852918
u_58:0.7220169256
u_59:0.7949263009
u_60:0.9114132648
u_61:0.8965356703
u_62:0.8728047636
u_63:0.8530809839
u_64:0.8634859761
u_65:0.8921201389
u_66:0.7985037928
u_67:0.8590224253
u_68:0.8120872607
u_69:0.8036471387
u_70:0.7681588949
u_71:0.8409623051
u_72:0.8008598848
u_73:0.7625799772
u_74:0.7576908332
u_75:0.7015947979
u_76:0.7046069906
u_77:0.6900468044
u_78:0.559079376
u_79:0.5678784418
u_80:0.5746731921
u_81:0.442866182
u_82:0.5046813377
u_83:0.4262827609
u_84:0.3827566409
u_85:0.3821594167
u_86:0.3412993582
u_87:0.3470923985
u_88:0.3435521154
u_89:0.2887876228
u_90:0.310508569
u_91:0.2757174906
u_92:0.2581992571
u_93:0.3034538262
u_94:0.2566791775
u_95:0.2736265304
u_96:0.2172923512
u_97:0.2258341186
u_98:0.1203375604
u_99:0.02390336433
[Objective]
0.01147359152
