[Grid]
nodes:100
dt_0:0.02
dt_1:0.02
dt_2:0.02
dt_3:0.02
dt_4:0.02
dt_5:0.02
dt_6:0.02
dt_7:0.02
dt_8:0.02
dt_9:0.02
dt_10:0.02
dt_11:0.02
dt_12:0.02
dt_13:0.02
dt_14:0.02
dt_15:0.02
dt_16:0.02
dt_17:0.02
dt_18:0.02
dt_19:0.02
dt_20:0.02
dt_21:0.02
dt_22:0.02
dt_23:0.02
dt_24:0.02
dt_25:0.02
dt_26:0.02
dt_27:0.02
dt_28:0.02
dt_29:0.02
dt_30:0.02
dt_31:0.02
dt_32:0.02
dt_33:0.02
dt_34:0.02
dt_35:0.02
dt_36:0.02
dt_37:0.02
dt_38:0.02
dt_39:0.02
dt_40:0.02
dt_41:0.02
dt_42:0.02
dt_43:0.02
dt_44:0.02
dt_45:0.02
dt_46:0.02
dt_47:0.02
dt_48:0.02
dt_49:0.02
dt_50:0.02
dt_51:0.02
dt_52:0.02
dt_53:0.02
dt_54:0.02
dt_55:0.02
dt_56:0.02
dt_57:0.02
dt_58:0.02
dt_59:0.02
dt_60:0.02
dt_61:0.02
dt_62:0.02
dt_63:0.02
dt_64:0.02
dt_65:0.02
dt_66:0.02
dt_67:0.02
dt_68:0.02
dt_69:0.02
dt_70:0.02
dt_71:0.02
dt_72:0.02
dt_73:0.02
dt_74:0.02
dt_75:0.02
dt_76:0.02
dt_77:0.02
dt_78:0.02
dt_79:0.02
dt_80:0.02
dt_81:0.02
dt_82:0.02
dt_83:0.02
dt_84:0.02
dt_85:0.02
dt_86:0.02
dt_87:0.02
dt_88:0.02
dt_89:0.02
dt_90:0.02
dt_91:0.02
dt_92:0.02
dt_93:0.02
dt_94:0.02
dt_95:0.02
dt_96:0.02
dt_97:0.02
dt_98:0.02
dt_99:0.02
[Control]
u_0:0
u_1:0
u_2:0
u_3:0.1360180126
u_4:0.3788818317
u_5:0.578203801
u_6:0.560904092
u_7:0.7214178525
u_8:0.8078252499
u_9:0.8174434821
u_10:0.8594774793
u_11:0.9124335195
u_12:0.8896013184
u_13:0.9004190104
u_14:0.782718992
u_15:0.684499
u_16:0.676629402
u_17:0.687600242
u_18:0.6900176805
u_19:0.7061536373
u_20:0.6691783005
u_21:0.5798846183
u_22:0.5759426287
u_23:0.5156382313
u_24:0.4314986088
u_25:0.31511721
u_26:0.2484337736
u_27:0.2730709917
u_28:0.2097030901
u_29:0.1907968709
u_30:0.1511759736
u_31:0.2233749103
u_32:0.2045677153
u_33:0.1989297948
u_34:0.2542584895
u_35:0.2625866526
u_36:0.299355333
u_37:0.3256068952
u_38:0.2771717173
u_39:0.2997681704
u_40:0.2823241375
u_41:0.3004702989
u_42:0.2951256818
u_43:0.336221938
u_44:0.2941321604
u_45:0.3409646196
u_46:0.2713557535
u_47:0.286510226
u_48:0.2974634757
u_49:0.367490712
u_50:0.3501150835
u_51:0.3548641994
u_52:0.380109675
u_53:0.3946712517
u_54:0.5291816319
u_55:0.5877656236
u_56:0.6114860152
u_57:0.7155296149
u_58:0.7535766511
u_59:0.7019654754
u_60:0.7132440683
u_61:0.7605266692
u_62:0.7693325485
u_63:0.7950959367
u_64:0.8107814725
u_65:0.8117374826
u_66:0.814296564
u_67:0.7588004092
u_68:0.7918512613
u_69:0.807040303
u_70:0.7632124903
u_71:0.7963607397
u_72:0.8290121568
u_73:0.8112474754
u_74:0.8130354765
u_75:0.7257078749
u_76:0.6776583824
u_77:0.6697161257
u_78:0.6661613136
u_79:0.607079068
u_80:0.5869537849
u_81:0.582831562
u_82:0.5010542396
u_83:0.4462435323
u_84:0.3681597822
u_85:0.3889773785
u_86:0.3388639315
u_87:0.2615669669
u_88:0.2383908142
u_89:0.2912713204
u_90:0.2444484237
u_91:0.2637521583
u_92:0.2869157637
u_93:0.370428792
u_94:0.2520247076
u_95:0.2400289857
u_96:0.2070523276
u_97:0.19626613
u_98:0.1736281145
u_99:0.03935817497
[Objective]
0.01150094197
