[Grid]
nodes:100
dt_0:0.02
dt_1:0.02
dt_2:0.02
dt_3:0.02
dt_4:0.02
dt_5:0.02
dt_6:0.02
dt_7:0.02
dt_8:0.02
dt_9:0.02
dt_10:0.02
dt_11:0.02
dt_12:0.02
dt_13:0.02
dt_14:0.02
dt_15:0.02
dt_16:0.02
dt_17:0.02
dt_18:0.02
dt_19:0.02
dt_20:0.02
dt_21:0.02
dt_22:0.02
dt_23:0.02
dt_24:0.02
dt_25:0.02
dt_26:0.02
dt_27:0.02
dt_28:0.02
dt_29:0.02
dt_30:0.02
dt_31:0.02
dt_32:0.02
dt_33:0.02
dt_34:0.02
dt_35:0.02
dt_36:0.02
dt_37:0.02
dt_38:0.02
dt_39:0.02
dt_40:0.02
dt_41:0.02
dt_42:0.02
dt_43:0.02
dt_44:0.02
dt_45:0.02
dt_46:0.02
dt_47:0.02
dt_48:0.02
dt_49:0.02
dt_50:0.02
dt_51:0.02
dt_52:0.02
dt_53:0.02
dt_54:0.02
dt_55:0.02
dt_56:0.02
dt_57:0.02
dt_58:0.02
dt_59:0.02
dt_60:0.02
dt_61:0.02
dt_62:0.02
dt_63:0.02
dt_64:0.02
dt_65:0.02
dt_66:0.02
dt_67:0.02
dt_68:0.02
dt_69:0.02
dt_70:0.02
dt_71:0.02
dt_72:0.02
dt_73:0.02
dt_74:0.02
dt_75:0.02
dt_76:0.02
dt_77:0.02
dt_78:0.02
dt_79:0.02
dt_80:0.02
dt_81:0.02
dt_82:0.02
dt_83:0.02
dt_84:0.02
dt_85:0.02
dt_86:0.02
dt_87:0.02
dt_88:0.02
dt_89:0.02
dt_90:0.02
dt_91:0.02
dt_92:0.02
dt_93:0.02
dt_94:0.02
dt_95:0.02
dt_96:0.02
dt_97:0.02
dt_98:0.02
dt_99:0.02
[Control]
u_0:0
u_1:0
u_2:0
u_3:0.1147578266
u_4:0.3477360493
u_5:0.5895607552
u_6:0.8284226499
u_7:1
u_8:1
u_9:1
u_10:1
u_11:1
u_12:0.9253760166
u_13:0.8366988261
u_14:0.8308562195
u_15:0.7502629135
u_16:0.8868690184
u_17:0.6919106304
u_18:0.6606249914
u_19:0.5265231023
u_20:0.6052001851
u_21:0.4725236997
u_22:0.4365248433
u_23:0.4496006136
u_24:0.2767836292
u_25:0.1665148491
u_26:0.1070444976
u_27:0
u_28:0.08791713182
u_29:0.1480771205
u_30:0.1639237894
u_31:0.1645817822
u_32:0.09112836098
u_33:0.2712944675
u_34:0.2119625244
u_35:0.2610769716
u_36:0.4104732841
u_37:0.302230164
u_38:0.444282154
u_39:0.3482105792
u_40:0.2740902137
u_41:0.4000866844
u_42:0.3244015528
u_43:0.2890114337
u_44:0.256088262
u_45:0.1919287233
u_46:0.1645633973
u_47:0.3066421774
u_48:0.08153383334
u_49:0.152041955
u_50:0.2687662658
u_51:0.2360037605
u_52:0.3965844123
u_53:0.3843156593
u_54:0.5239860204
u_55:0.6032097078
u_56:0.7038932602
u_57:0.8020545156
u_58:0.9419377325
u_59:0.9358698526
u_60:0.8350758093
u_61:0.7154119847
u_62:0.8313676026
u_63:0.7844759627
u_64:0.77158223
u_65:0.8847035072
u_66:0.9270320866
u_67:1
u_68:1
u_69:1
u_70:0.8551977963
u_71:0.9132676927
u_72:0.8414334624
u_73:0.805142102
u_74:0.8439727069
u_75:0.7757374875
u_76:0.7035973687
u_77:0.6627308059
u_78:0.5163464007
u_79:0.5806750588
u_80:0.4320457752
u_81:0.3787544307
u_82:0.3015549124
u_83:0.253085508
u_84:0.2089112071
u_85:0.1831436104
u_86:0.1964552294
u_87:0.3174874456
u_88:0.3082385867
u_89:0.2883463869
u_90:0.3182474419
u_91:0.3360472088
u_92:0.3761831284
u_93:0.4111055741
u_94:0.6026439877
u_95:0.4386957501
u_96:0.4694047496
u_97:0.3874802217
u_98:0.1550575018
u_99:0.08292236944
[Objective]
0.0113596747
