[Grid]
nodes:100
dt_0:0.02
dt_1:0.02
dt_2:0.02
dt_3:0.02
dt_4:0.02
dt_5:0.02
dt_6:0.02
dt_7:0.02
dt_8:0.02
dt_9:0.02
dt_10:0.02
dt_11:0.02
dt_12:0.02
dt_13:0.02
dt_14:0.02
dt_15:0.02
dt_16:0.02
dt_17:0.02
dt_18:0.02
dt_19:0.02
dt_20:0.02
dt_21:0.02
dt_22:0.02
dt_23:0.02
dt_24:0.02
dt_25:0.02
dt_26:0.02
dt_27:0.02
dt_28:0.02
dt_29:0.02
dt_30:0.02
dt_31:0.02
dt_32:0.02
dt_33:0.02
dt_34:0.02
dt_35:0.02
dt_36:0.02
dt_37:0.02
dt_38:0.02
dt_39:0.02
dt_40:0.02
dt_41:0.02
dt_42:0.02
dt_43:0.02
dt_44:0.02
dt_45:0.02
dt_46:0.02
dt_47:0.02
dt_48:0.02
dt_49:0.02
dt_50:0.02
dt_51:0.02
dt_52:0.02
dt_53:0.02
dt_54:0.02
dt_55:0.02
dt_56:0.02
dt_57:0.02
dt_58:0.02
dt_59:0.02
dt_60:0.02
dt_61:0.02
dt_62:0.02
dt_63:0.02
dt_64:0.02
dt_65:0.02
dt_66:0.02
dt_67:0.02
dt_68:0.02
dt_69:0.02
dt_70:0.02
dt_71:0.02
dt_72:0.02
dt_73:0.02
dt_74:0.02
dt_75:0.02
dt_76:0.02
dt_77:0.02
dt_78:0.02
dt_79:0.02
dt_80:0.02
dt_81:0.02
dt_82:0.02
dt_83:0.02
dt_84:0.02
dt_85:0.02
dt_86:0.02
dt_87:0.02
dt_88:0.02
dt_89:0.02
dt_90:0.02
dt_91:0.02
dt_92:0.02
dt_93:0.02
dt_94:0.02
dt_95:0.02
dt_96:0.02
dt_97:0.02
dt_98:0.02
dt_99:0.02
[Control]
u_0:0
u_1:0
u_2:0
u_3:0.1422102311
u_4:0.3879773997
u_5:0.4472296062
u_6:0.642461657
u_7:0.6740411626
u_8:0.7715064049
u_9:0.7770738974
u_10:0.7851466943
u_11:0.8211776776
u_12:0.8555231323
u_13:0.8354293619
u_14:0.8315543341
u_15:0.7898789524
u_16:0.756258511
u_17:0.7147790869
u_18:0.6916147126
u_19:0.661619204
u_20:0.5592531947
u_21:0.5297322626
u_22:0.5429583202
u_23:0.4554915178
u_24:0.4143033427
u_25:0.389434432
u_26:0.3632339519
u_27:0.3106784271
u_28:0.2570482709
u_29:0.2573618258
u_30:0.2569328834
u_31:0.2331009794
u_32:0.2229155596
u_33:0.2169703538
u_34:0.2450688747
u_35:0.2531414317
u_36:0.253141459
u_37:0.2596677282
u_38:0.2792519736
u_39:0.3014740679
u_40:0.3144786621
u_41:0.3628117882
u_42:0.341162299
u_43:0.325437858
u_44:0.3285532
u_45:0.3458197091
u_46:0.2961221147
u_47:0.2782905769
u_48:0.3098559746
u_49:0.283358715
u_50:0.3516420035
u_51:0.3610502125
u_52:0.4350570234
u_53:0.4852919789
u_54:0.5227174588
u_55:0.5546998413
u_56:0.5549417412
u_57:0.6340407382
u_58:0.669229006
u_59:0.6754611699
u_60:0.7427444007
u_61:0.7429089141
u_62:0.7161918455
u_63:0.7379808553
u_64:0.7950974092
u_65:0.7889477497
u_66:0.7960999764
u_67:0.789006817
u_68:0.7822516463
u_69:0.817685792
u_70:0.7840613963
u_71:0.7696367315
u_72:0.8361935412
u_73:0.7608907437
u_74:0.7399055255
u_75:0.7193583599
u_76:0.7085406589
u_77:0.6974947681
u_78:0.6451988196
u_79:0.5835234518
u_80:0.5441543354
u_81:0.4647833605
u_82:0.4603431757
u_83:0.401624986
u_84:0.4382446309
u_85:0.369672496
u_86:0.3371439084
u_87:0.2628381648
u_88:0.2688721202
u_89:0.3257985085
u_90:0.2900617746
u_91:0.29757505
u_92:0.2878464629
u_93:0.2667994265
u_94:0.2928895703
u_95:0.2803298226
u_96:0.2722868027
u_97:0.2334746381
u_98:0.1623519387
u_99:0.1170135607
[Objective]
0.01153446185
