[Grid]
nodes:100
dt_0:0.02
dt_1:0.02
dt_2:0.02
dt_3:0.02
dt_4:0.02
dt_5:0.02
dt_6:0.02
dt_7:0.02
dt_8:0.02
dt_9:0.02
dt_10:0.02
dt_11:0.02
dt_12:0.02
dt_13:0.02
dt_14:0.02
dt_15:0.02
dt_16:0.02
dt_17:0.02
dt_18:0.02
dt_19:0.02
dt_20:0.02
dt_21:0.02
dt_22:0.02
dt_23:0.02
dt_24:0.02
dt_25:0.02
dt_26:0.02
dt_27:0.02
dt_28:0.02
dt_29:0.02
dt_30:0.02
dt_31:0.02
dt_32:0.02
dt_33:0.02
dt_34:0.02
dt_35:0.02
dt_36:0.02
dt_37:0.02
dt_38:0.02
dt_39:0.02
dt_40:0.02
dt_41:0.02
dt_42:0.02
dt_43:0.02
dt_44:0.02
dt_45:0.02
dt_46:0.02
dt_47:0.02
dt_48:0.02
dt_49:0.02
dt_50:0.02
dt_51:0.02
dt_52:0.02
dt_53:0.02
dt_54:0.02
dt_55:0.02
dt_56:0.02
dt_57:0.02
dt_58:0.02
dt_59:0.02
dt_60:0.02
dt_61:0.02
dt_62:0.02
dt_63:0.02
dt_64:0.02
dt_65:0.02
dt_66:0.02
dt_67:0.02
dt_68:0.02
dt_69:0.02
dt_70:0.02
dt_71:0.02
dt_72:0.02
dt_73:0.02
dt_74:0.02
dt_75:0.02
dt_76:0.02
dt_77:0.02
dt_78:0.02
dt_79:0.02
dt_80:0.02
dt_81:0.02
dt_82:0.02
dt_83:0.02
dt_84:0.02
dt_85:0.02
dt_86:0.02
dt_87:0.02
dt_88:0.02
dt_89:0.02
dt_90:0.02
dt_91:0.02
dt_92:0.02
dt_93:0.02
dt_94:0.02
dt_95:0.02
dt_96:0.02
dt_97:0.02
dt_98:0.02
dt_99:0.02
[Control]
u_0:0
u_1:0
u_2:0
u_3:0.1147195995
u_4:0.3476801556
u_5:0.5894771692
u_6:0.8282963635
u_7:1
u_8:1
u_9:1
u_10:1
u_11:1
u_12:0.8876550589
u_13:0.9226406059
u_14:0.7741115762
u_15:0.837714664
u_16:0.8246929957
u_17:0.6982439459
u_18:0.5903081388
u_19:0.6333021008
u_20:0.6092305551
u_21:0.4724388398
u_22:0.4312283998
u_23:0.397044267
u_24:0.2956414846
u_25:0.171514461
u_26:0.1148567359
u_27:0
u_28:0
u_29:0.1476788643
u_30:0.08935969037
u_31:0.2178824906
u_32:0.09277711632
u_33:0.2834374193
u_34:0.1934703532
u_35:0.2323016146
u_36:0.3455500049
u_37:0.4087787556
u_38:0.3513265102
u_39:0.3836235794
u_40:0.3959082126
u_41:0.3565108534
u_42:0.3620518834
u_43:0.3668587871
u_44:0.2588907952
u_45:0.1780313253
u_46:0
u_47:0.2230044467
u_48:0.2447602476
u_49:0.171729185
u_50:0.1532187994
u_51:0.2353439559
u_52:0.4118638325
u_53:0.4757404292
u_54:0.4452750665
u_55:0.5481676
u_56:0.6928845992
u_57:0.823758074
u_58:0.9328267962
u_59:1
u_60:0.7824503524
u_61:0.8210263251
u_62:0.7740029108
u_63:0.7100100867
u_64:0.7713681575
u_65:0.8232065378
u_66:0.8872230681
u_67:1
u_68:1
u_69:1
u_70:1
u_71:0.9284469353
u_72:0.8607872765
u_73:0.811300207
u_74:0.7453262564
u_75:0.8393346356
u_76:0.7081197101
u_77:0.5915301553
u_78:0.6229918947
u_79:0.5852933
u_80:0.4333760001
u_81:0.3759608406
u_82:0.2560183536
u_83:0.1481756819
u_84:0.2750902832
u_85:0.1761740135
u_86:0.2383749664
u_87:0.2081823454
u_88:0.2328645178
u_89:0.299601544
u_90:0.4105728444
u_91:0.3214802586
u_92:0.3468185968
u_93:0.4806381738
u_94:0.5275080055
u_95:0.5665886018
u_96:0.4896525118
u_97:0.4163164772
u_98:0.1832878303
u_99:0.07644402408
[Objective]
0.01133935575
