[Grid]
nodes:100
dt_0:0.02
dt_1:0.02
dt_2:0.02
dt_3:0.02
dt_4:0.02
dt_5:0.02
dt_6:0.02
dt_7:0.02
dt_8:0.02
dt_9:0.02
dt_10:0.02
dt_11:0.02
dt_12:0.02
dt_13:0.02
dt_14:0.02
dt_15:0.02
dt_16:0.02
dt_17:0.02
dt_18:0.02
dt_19:0.02
dt_20:0.02
dt_21:0.02
dt_22:0.02
dt_23:0.02
dt_24:0.02
dt_25:0.02
dt_26:0.02
dt_27:0.02
dt_28:0.02
dt_29:0.02
dt_30:0.02
dt_31:0.02
dt_32:0.02
dt_33:0.02
dt_34:0.02
dt_35:0.02
dt_36:0.02
dt_37:0.02
dt_38:0.02
dt_39:0.02
dt_40:0.02
dt_41:0.02
dt_42:0.02
dt_43:0.02
dt_44:0.02
dt_45:0.02
dt_46:0.02
dt_47:0.02
dt_48:0.02
dt_49:0.02
dt_50:0.02
dt_51:0.02
dt_52:0.02
dt_53:0.02
dt_54:0.02
dt_55:0.02
dt_56:0.02
dt_57:0.02
dt_58:0.02
dt_59:0.02
dt_60:0.02
dt_61:0.02
dt_62:0.02
dt_63:0.02
dt_64:0.02
dt_65:0.02
dt_66:0.02
dt_67:0.02
dt_68:0.02
dt_69:0.02
dt_70:0.02
dt_71:0.02
dt_72:0.02
dt_73:0.02
dt_74:0.02
dt_75:0.02
dt_76:0.02
dt_77:0.02
dt_78:0.02
dt_79:0.02
dt_80:0.02
dt_81:0.02
dt_82:0.02
dt_83:0.02
dt_84:0.02
dt_85:0.02
dt_86:0.02
dt_87:0.02
dt_88:0.02
dt_89:0.02
dt_90:0.02
dt_91:0.02
dt_92:0.02
dt_93:0.02
dt_94:0.02
dt_95:0.02
dt_96:0.02
dt_97:0.02
dt_98:0.02
dt_99:0.02
[Control]
u_0:0
u_1:0
u_2:0
u_3:0.1176008033
u_4:0.351893037
u_5:0.5957793908
u_6:0.8378284278
u_7:1
u_8:0.9624995774
u_9:0.8722203616
u_10:0.9237896411
u_11:0.9464887899
u_12:0.8256162039
u_13:0.8087627728
u_14:0.7942639525
u_15:0.8277622647
u_16:0.7180027889
u_17:0.7624703999
u_18:0.6973278005
u_19:0.6283442275
u_20:0.5751352749
u_21:0.4842519446
u_22:0.4245711967
u_23:0.4261079654
u_24:0.3257565197
u_25:0.2295134782
u_26:0.2898886832
u_27:0.274589158
u_28:0.2368448893
u_29:0.2122666007
u_30:0.2262384429
u_31:0.1682037209
u_32:0.2003526825
u_33:0.1924057936
u_34:0.2265405225
u_35:0.1692416455
u_36:0.1670870667
u_37:0.2325196821
u_38:0.2760182902
u_39:0.3112129562
u_40:0.2981042459
u_41:0.2885922597
u_42:0.3368112659
u_43:0.3126050105
u_44:0.2862426639
u_45:0.3341396233
u_46:0.2859565629
u_47:0.3057032661
u_48:0.254225292
u_49:0.2936858594
u_50:0.3894360509
u_51:0.3891021852
u_52:0.3903233036
u_53:0.3967175193
u_54:0.4843181817
u_55:0.4955035422
u_56:0.5452675994
u_57:0.6846392734
u_58:0.7387387936
u_59:0.8339279675
u_60:0.842313203
u_61:0.9646496198
u_62:0.9514347792
u_63:0.9292960591
u_64:0.8633373276
u_65:0.8354229384
u_66:0.8264939726
u_67:0.8318441854
u_68:0.8358876961
u_69:0.8080832106
u_70:0.7566549479
u_71:0.8393238418
u_72:0.8021112517
u_73:0.805111924
u_74:0.7520414479
u_75:0.7759235295
u_76:0.6855267119
u_77:0.5904867803
u_78:0.6137370298
u_79:0.5419170768
u_80:0.52927289
u_81:0.5011379722
u_82:0.4454917155
u_83:0.4259601174
u_84:0.3318349032
u_85:0.3516623912
u_86:0.3688480072
u_87:0.4037246945
u_88:0.2466730091
u_89:0.3205996864
u_90:0.3308364472
u_91:0.2856628741
u_92:0.3135521331
u_93:0.3237266587
u_94:0.2886784578
u_95:0.257835035
u_96:0.2049266278
u_97:0.1438795976
u_98:0.1466496757
u_99:0.1123495712
[Objective]
0.01146271684
