[Grid]
nodes:100
dt_0:0.02
dt_1:0.02
dt_2:0.02
dt_3:0.02
dt_4:0.02
dt_5:0.02
dt_6:0.02
dt_7:0.02
dt_8:0.02
dt_9:0.02
dt_10:0.02
dt_11:0.02
dt_12:0.02
dt_13:0.02
dt_14:0.02
dt_15:0.02
dt_16:0.02
dt_17:0.02
dt_18:0.02
dt_19:0.02
dt_20:0.02
dt_21:0.02
dt_22:0.02
dt_23:0.02
dt_24:0.02
dt_25:0.02
dt_26:0.02
dt_27:0.02
dt_28:0.02
dt_29:0.02
dt_30:0.02
dt_31:0.02
dt_32:0.02
dt_33:0.02
dt_34:0.02
dt_35:0.02
dt_36:0.02
dt_37:0.02
dt_38:0.02
dt_39:0.02
dt_40:0.02
dt_41:0.02
dt_42:0.02
dt_43:0.02
dt_44:0.02
dt_45:0.02
dt_46:0.02
dt_47:0.02
dt_48:0.02
dt_49:0.02
dt_50:0.02
dt_51:0.02
dt_52:0.02
dt_53:0.02
dt_54:0.02
dt_55:0.02
dt_56:0.02
dt_57:0.02
dt_58:0.02
dt_59:0.02
dt_60:0.02
dt_61:0.02
dt_62:0.02
dt_63:0.02
dt_64:0.02
dt_65:0.02
dt_66:0.02
dt_67:0.02
dt_68:0.02
dt_69:0.02
dt_70:0.02
dt_71:0.02
dt_72:0.02
dt_73:0.02
dt_74:0.02
dt_75:0.02
dt_76:0.02
dt_77:0.02
dt_78:0.02
dt_79:0.02
dt_80:0.02
dt_81:0.02
dt_82:0.02
dt_83:0.02
dt_84:0.02
dt_85:0.02
dt_86:0.02
dt_87:0.02
dt_88:0.02
dt_89:0.02
dt_90:0.02
dt_91:0.02
dt_92:0.02
dt_93:0.02
dt_94:0.02
dt_95:0.02
dt_96:0.02
dt_97:0.02
dt_98:0.02
dt_99:0.02
[Control]
u_0:0
u_1:0
u_2:0
u_3:0.1375766817
u_4:0.381191794
u_5:0.4469161225
u_6:0.673467492
u_7:0.7546490897
u_8:0.8200106474
u_9:0.832650745
u_10:0.840516944
u_11:0.869877004
u_12:0.8756183076
u_13:0.8384936218
u_14:0.738908212
u_15:0.7469210766
u_16:0.770675548
u_17:0.7333473501
u_18:0.7441137648
u_19:0.7071315615
u_20:0.5915878866
u_21:0.5498247845
u_22:0.4887909131
u_23:0.5021333837
u_24:0.4320367771
u_25:0.3757898677
u_26:0.253111243
u_27:0.2810157731
u_28:0.2093366489
u_29:0.204334129
u_30:0.2107499938
u_31:0.2059245226
u_32:0.2184320825
u_33:0.2318065159
u_34:0.1998427231
u_35:0.2253721911
u_36:0.268722782
u_37:0.2806269672
u_38:0.2725349614
u_39:0.3311726452
u_40:0.3199894087
u_41:0.3482698784
u_42:0.3298966794
u_43:0.2948196267
u_44:0.2897953643
u_45:0.2779632377
u_46:0.3221151765
u_47:0.3026084644
u_48:0.3392954353
u_49:0.3334393404
u_50:0.3748155038
u_51:0.3230647515
u_52:0.3891510127
u_53:0.4289873975
u_54:0.5044765079
u_55:0.5814233431
u_56:0.5661028649
u_57:0.6637334218
u_58:0.7277215241
u_59:0.7506927002
u_60:0.7790258187
u_61:0.7909355387
u_62:0.7639642979
u_63:0.7816067701
u_64:0.7673707851
u_65:0.8005834503
u_66:0.7531938038
u_67:0.7573307578
u_68:0.7839271873
u_69:0.8172248805
u_70:0.8437740793
u_71:0.783926878
u_72:0.7962607006
u_73:0.8050740493
u_74:0.7788303348
u_75:0.7503177829
u_76:0.7002077123
u_77:0.6985669309
u_78:0.6724435438
u_79:0.6052870378
u_80:0.554845287
u_81:0.5300638139
u_82:0.4943137517
u_83:0.4643429894
u_84:0.3924512096
u_85:0.3648648821
u_86:0.3016721572
u_87:0.3110444992
u_88:0.2645182499
u_89:0.2570258381
u_90:0.2683963337
u_91:0.2751027458
u_92:0.3190738661
u_93:0.2960413089
u_94:0.242350365
u_95:0.2337081194
u_96:0.2329528218
u_97:0.2018683428
u_98:0.17708264
u_99:0.0955635765
[Objective]
0.01150866189
