[Grid]
nodes:100
dt_0:0.02
dt_1:0.02
dt_2:0.02
dt_3:0.02
dt_4:0.02
dt_5:0.02
dt_6:0.02
dt_7:0.02
dt_8:0.02
dt_9:0.02
dt_10:0.02
dt_11:0.02
dt_12:0.02
dt_13:0.02
dt_14:0.02
dt_15:0.02
dt_16:0.02
dt_17:0.02
dt_18:0.02
dt_19:0.02
dt_20:0.02
dt_21:0.02
dt_22:0.02
dt_23:0.02
dt_24:0.02
dt_25:0.02
dt_26:0.02
dt_27:0.02
dt_28:0.02
dt_29:0.02
dt_30:0.02
dt_31:0.02
dt_32:0.02
dt_33:0.02
dt_34:0.02
dt_35:0.02
dt_36:0.02
dt_37:0.02
dt_38:0.02
dt_39:0.02
dt_40:0.02
dt_41:0.02
dt_42:0.02
dt_43:0.02
dt_44:0.02
dt_45:0.02
dt_46:0.02
dt_47:0.02
dt_48:0.02
dt_49:0.02
dt_50:0.02
dt_51:0.02
dt_52:0.02
dt_53:0.02
dt_54:0.02
dt_55:0.02
dt_56:0.02
dt_57:0.02
dt_58:0.02
dt_59:0.02
dt_60:0.02
dt_61:0.02
dt_62:0.02
dt_63:0.02
dt_64:0.02
dt_65:0.02
dt_66:0.02
dt_67:0.02
dt_68:0.02
dt_69:0.02
dt_70:0.02
dt_71:0.02
dt_72:0.02
dt_73:0.02
dt_74:0.02
dt_75:0.02
dt_76:0.02
dt_77:0.02
dt_78:0.02
dt_79:0.02
dt_80:0.02
dt_81:0.02
dt_82:0.02
dt_83:0.02
dt_84:0.02
dt_85:0.02
dt_86:0.02
dt_87:0.02
dt_88:0.02
dt_89:0.02
dt_90:0.02
dt_91:0.02
dt_92:0.02
dt_93:0.02
dt_94:0.02
dt_95:0.02
dt_96:0.02
dt_97:0.02
dt_98:0.02
dt_99:0.02
[Control]
u_0:0
u_1:0
u_2:0
u_3:0.1190436713
u_4:0.3540052559
u_5:0.5989453428
u_6:0.8426332758
u_7:0.9516232941
u_8:0.8799101289
u_9:0.9272638377
u_10:0.9407176267
u_11:0.9099736782
u_12:0.816368719
u_13:0.8521550435
u_14:0.8096015576
u_15:0.7886572233
u_16:0.7575264604
u_17:0.7038421051
u_18:0.659028839
u_19:0.6310712363
u_20:0.594674522
u_21:0.499872931
u_22:0.4763603034
u_23:0.3932497708
u_24:0.3698583901
u_25:0.2663410953
u_26:0.2541158738
u_27:0.234248592
u_28:0.2858331317
u_29:0.2111974153
u_30:0.2091995458
u_31:0.1825821832
u_32:0.2037534888
u_33:0.1893499346
u_34:0.1842233176
u_35:0.2334172678
u_36:0.1906194337
u_37:0.2255245046
u_38:0.266475277
u_39:0.3005504172
u_40:0.2828541291
u_41:0.3164825253
u_42:0.3297368307
u_43:0.2638757148
u_44:0.3588751964
u_45:0.30788947
u_46:0.2799794227
u_47:0.3180643134
u_48:0.3095118678
u_49:0.3113599907
u_50:0.2739489416
u_51:0.4176368754
u_52:0.4446830162
u_53:0.4176622986
u_54:0.444408777
u_55:0.4602486912
u_56:0.5893044661
u_57:0.7106181769
u_58:0.7265921091
u_59:0.8100387289
u_60:0.8869630947
u_61:0.9042631909
u_62:0.9119918053
u_63:0.8751114953
u_64:0.8620891927
u_65:0.8446924643
u_66:0.8485704948
u_67:0.8314886812
u_68:0.8364755765
u_69:0.7851172089
u_70:0.8048389775
u_71:0.8048329827
u_72:0.8306496325
u_73:0.7730405097
u_74:0.7544636304
u_75:0.7028305766
u_76:0.6969296667
u_77:0.6742619056
u_78:0.5662928049
u_79:0.5603421013
u_80:0.5486779377
u_81:0.4768760877
u_82:0.4640654386
u_83:0.4365705081
u_84:0.376589961
u_85:0.3497504985
u_86:0.3745377691
u_87:0.3536003521
u_88:0.3010046691
u_89:0.3060040912
u_90:0.3308929777
u_91:0.3005019043
u_92:0.2786496133
u_93:0.2670408872
u_94:0.2828033289
u_95:0.2458267161
u_96:0.2462156659
u_97:0.1974243976
u_98:0.1135355532
u_99:0.04753529105
[Objective]
0.01147037406
