[Grid]
nodes:100
dt_0:0.02
dt_1:0.02
dt_2:0.02
dt_3:0.02
dt_4:0.02
dt_5:0.02
dt_6:0.02
dt_7:0.02
dt_8:0.02
dt_9:0.02
dt_10:0.02
dt_11:0.02
dt_12:0.02
dt_13:0.02
dt_14:0.02
dt_15:0.02
dt_16:0.02
dt_17:0.02
dt_18:0.02
dt_19:0.02
dt_20:0.02
dt_21:0.02
dt_22:0.02
dt_23:0.02
dt_24:0.02
dt_25:0.02
dt_26:0.02
dt_27:0.02
dt_28:0.02
dt_29:0.02
dt_30:0.02
dt_31:0.02
dt_32:0.02
dt_33:0.02
dt_34:0.02
dt_35:0.02
dt_36:0.02
dt_37:0.02
dt_38:0.02
dt_39:0.02
dt_40:0.02
dt_41:0.02
dt_42:0.02
dt_43:0.02
dt_44:0.02
dt_45:0.02
dt_46:0.02
dt_47:0.02
dt_48:0.02
dt_49:0.02
dt_50:0.02
dt_51:0.02
dt_52:0.02
dt_53:0.02
dt_54:0.02
dt_55:0.02
dt_56:0.02
dt_57:0.02
dt_58:0.02
dt_59:0.02
dt_60:0.02
dt_61:0.02
dt_62:0.02
dt_63:0.02
dt_64:0.02
dt_65:0.02
dt_66:0.02
dt_67:0.02
dt_68:0.02
dt_69:0.02
dt_70:0.02
dt_71:0.02
dt_72:0.02
dt_73:0.02
dt_74:0.02
dt_75:0.02
dt_76:0.02
dt_77:0.02
dt_78:0.02
dt_79:0.02
dt_80:0.02
dt_81:0.02
dt_82:0.02
dt_83:0.02
dt_84:0.02
dt_85:0.02
dt_86:0.02
dt_87:0.02
dt_88:0.02
dt_89:0.02
dt_90:0.02
dt_91:0.02
dt_92:0.02
dt_93:0.02
dt_94:0.02
dt_95:0.02
dt_96:0.02
dt_97:0.02
dt_98:0.02
dt_99:0.02
[Control]
u_0:0
u_1:0
u_2:0
u_3:0.1381265623
u_4:0.3819926237
u_5:0.4708733119
u_6:0.6487823354
u_7:0.7445865645
u_8:0.7995290754
u_9:0.831808359
u_10:0.83099173
u_11:0.8473233451
u_12:0.8608856908
u_13:0.7800877071
u_14:0.819496138
u_15:0.7476376474
u_16:0.8363850159
u_17:0.6855209788
u_18:0.6481449061
u_19:0.6978946558
u_20:0.5926144641
u_21:0.5979067597
u_22:0.5265605612
u_23:0.4626536091
u_24:0.3783038335
u_25:0.3995179333
u_26:0.3364534669
u_27:0.2556343178
u_28:0.2120902607
u_29:0.2317696524
u_30:0.2146275866
u_31:0.2419655747
u_32:0.2295571901
u_33:0.170864041
u_34:0.2219316135
u_35:0.2319536951
u_36:0.2575239828
u_37:0.2621328531
u_38:0.2888831738
u_39:0.3122625541
u_40:0.3188956697
u_41:0.3350542054
u_42:0.2961458839
u_43:0.3497843994
u_44:0.3145883345
u_45:0.3070472028
u_46:0.3154479015
u_47:0.2852220864
u_48:0.2988169955
u_49:0.3577659429
u_50:0.3463478142
u_51:0.3979085824
u_52:0.3657683433
u_53:0.4317094359
u_54:0.5470489989
u_55:0.536132823
u_56:0.5628421638
u_57:0.661043901
u_58:0.7534832313
u_59:0.7267178939
u_60:0.7576804312
u_61:0.7800293088
u_62:0.7929929444
u_63:0.7751607826
u_64:0.778750806
u_65:0.7686771219
u_66:0.7336043183
u_67:0.7642930603
u_68:0.8011170055
u_69:0.8242152397
u_70:0.8267455817
u_71:0.7901809777
u_72:0.80923018
u_73:0.7659843067
u_74:0.761519466
u_75:0.7031501629
u_76:0.7108014613
u_77:0.7076083793
u_78:0.6560124151
u_79:0.6418472504
u_80:0.5666248615
u_81:0.5058029409
u_82:0.4669455903
u_83:0.4619566317
u_84:0.3999330594
u_85:0.352340521
u_86:0.4070013981
u_87:0.3056377341
u_88:0.2898471921
u_89:0.2312079907
u_90:0.2755143623
u_91:0.2483336268
u_92:0.2383760925
u_93:0.3139153535
u_94:0.2360926908
u_95:0.2557668927
u_96:0.2143900566
u_97:0.2358895441
u_98:0.1682307371
u_99:0.111247851
[Objective]
0.01151398123
