[Grid]
nodes:100
dt_0:0.02
dt_1:0.02
dt_2:0.02
dt_3:0.02
dt_4:0.02
dt_5:0.02
dt_6:0.02
dt_7:0.02
dt_8:0.02
dt_9:0.02
dt_10:0.02
dt_11:0.02
dt_12:0.02
dt_13:0.02
dt_14:0.02
dt_15:0.02
dt_16:0.02
dt_17:0.02
dt_18:0.02
dt_19:0.02
dt_20:0.02
dt_21:0.02
dt_22:0.02
dt_23:0.02
dt_24:0.02
dt_25:0.02
dt_26:0.02
dt_27:0.02
dt_28:0.02
dt_29:0.02
dt_30:0.02
dt_31:0.02
dt_32:0.02
dt_33:0.02
dt_34:0.02
dt_35:0.02
dt_36:0.02
dt_37:0.02
dt_38:0.02
dt_39:0.02
dt_40:0.02
dt_41:0.02
dt_42:0.02
dt_43:0.02
dt_44:0.02
dt_45:0.02
dt_46:0.02
dt_47:0.02
dt_48:0.02
dt_49:0.02
dt_50:0.02
dt_51:0.02
dt_52:0.02
dt_53:0.02
dt_54:0.02
dt_55:0.02
dt_56:0.02
dt_57:0.02
dt_58:0.02
dt_59:0.02
dt_60:0.02
dt_61:0.02
dt_62:0.02
dt_63:0.02
dt_64:0.02
dt_65:0.02
dt_66:0.02
dt_67:0.02
dt_68:0.02
dt_69:0.02
dt_70:0.02
dt_71:0.02
dt_72:0.02
dt_73:0.02
dt_74:0.02
dt_75:0.02
dt_76:0.02
dt_77:0.02
dt_78:0.02
dt_79:0.02
dt_80:0.02
dt_81:0.02
dt_82:0.02
dt_83:0.02
dt_84:0.02
dt_85:0.02
dt_86:0.02
dt_87:0.02
dt_88:0.02
dt_89:0.02
dt_90:0.02
dt_91:0.02
dt_92:0.02
dt_93:0.02
dt_94:0.02
dt_95:0.02
dt_96:0.02
dt_97:0.02
dt_98:0.02
dt_99:0.02
[Control]
u_0:0
u_1:0
u_2:0
u_3:0.1135124881
u_4:0.3459154125
u_5:0.5868382875
u_6:0.824308754
u_7:1
u_8:1
u_9:1
u_10:1
u_11:1
u_12:1
u_13:1
u_14:1
u_15:1
u_16:0.7579421258
u_17:0.5593347446
u_18:0.5691883274
u_19:0.9074695801
u_20:0.7911516125
u_21:0.6797041786
u_22:0.5714519298
u_23:0.4657101292
u_24:0.3623802989
u_25:0.2616906919
u_26:0.1640057617
u_27:0.06965899368
u_28:0
u_29:0
u_30:0
u_31:0
u_32:0
u_33:0
u_34:0.1686907069
u_35:0.3447972127
u_36:0.5393530081
u_37:0
u_38:0.3569366429
u_39:0.3487556369
u_40:0.3514810156
u_41:0.7015925517
u_42:0.8505019852
u_43:0.8036529656
u_44:0.6377190142
u_45:0.2672554251
u_46:0.09230915455
u_47:0
u_48:0
u_49:0
u_50:0
u_51:0.2264622768
u_52:0.4611619345
u_53:0.4955123794
u_54:0.2066612887
u_55:0.374927695
u_56:0.5383129266
u_57:0.6961763522
u_58:0.8471766272
u_59:0.9898196319
u_60:1
u_61:1
u_62:1
u_63:1
u_64:0.9313184298
u_65:0.711481003
u_66:0.3791068733
u_67:0.7261654502
u_68:0.5125544675
u_69:0.6875494103
u_70:1
u_71:1
u_72:1
u_73:1
u_74:1
u_75:0.7785864518
u_76:0.5737641057
u_77:0.5743117043
u_78:0.9011000817
u_79:0.7718955236
u_80:0.6468947528
u_81:0.525114211
u_82:0.4065488824
u_83:0.2917873656
u_84:0.1817712432
u_85:0.07762442351
u_86:0
u_87:0
u_88:0
u_89:0
u_90:0
u_91:0.2421714396
u_92:0.4449329674
u_93:0.687646519
u_94:1
u_95:0.9074088085
u_96:0.6326286197
u_97:0.4981914383
u_98:0.7076293882
u_99:0.5568045154
[Objective]
0.01093300478
