[Grid]
nodes:100
dt_0:0.02
dt_1:0.02
dt_2:0.02
dt_3:0.02
dt_4:0.02
dt_5:0.02
dt_6:0.02
dt_7:0.02
dt_8:0.02
dt_9:0.02
dt_10:0.02
dt_11:0.02
dt_12:0.02
dt_13:0.02
dt_14:0.02
dt_15:0.02
dt_16:0.02
dt_17:0.02
dt_18:0.02
dt_19:0.02
dt_20:0.02
dt_21:0.02
dt_22:0.02
dt_23:0.02
dt_24:0.02
dt_25:0.02
dt_26:0.02
dt_27:0.02
dt_28:0.02
dt_29:0.02
dt_30:0.02
dt_31:0.02
dt_32:0.02
dt_33:0.02
dt_34:0.02
dt_35:0.02
dt_36:0.02
dt_37:0.02
dt_38:0.02
dt_39:0.02
dt_40:0.02
dt_41:0.02
dt_42:0.02
dt_43:0.02
dt_44:0.02
dt_45:0.02
dt_46:0.02
dt_47:0.02
dt_48:0.02
dt_49:0.02
dt_50:0.02
dt_51:0.02
dt_52:0.02
dt_53:0.02
dt_54:0.02
dt_55:0.02
dt_56:0.02
dt_57:0.02
dt_58:0.02
dt_59:0.02
dt_60:0.02
dt_61:0.02
dt_62:0.02
dt_63:0.02
dt_64:0.02
dt_65:0.02
dt_66:0.02
dt_67:0.02
dt_68:0.02
dt_69:0.02
dt_70:0.02
dt_71:0.02
dt_72:0.02
dt_73:0.02
dt_74:0.02
dt_75:0.02
dt_76:0.02
dt_77:0.02
dt_78:0.02
dt_79:0.02
dt_80:0.02
dt_81:0.02
dt_82:0.02
dt_83:0.02
dt_84:0.02
dt_85:0.02
dt_86:0.02
dt_87:0.02
dt_88:0.02
dt_89:0.02
dt_90:0.02
dt_91:0.02
dt_92:0.02
dt_93:0.02
dt_94:0.02
dt_95:0.02
dt_96:0.02
dt_97:0.02
dt_98:0.02
dt_99:0.02
[Control]
u_0:0
u_1:0
u_2:0
u_3:0.1413804455
u_4:0.3867594055
u_5:0.4516484778
u_6:0.6762674441
u_7:0.6516714178
u_8:0.7837086197
u_9:0.7693858266
u_10:0.7884435114
u_11:0.8074508116
u_12:0.8654117972
u_13:0.8392886388
u_14:0.8525328829
u_15:0.7730244666
u_16:0.7340024285
u_17:0.7346787027
u_18:0.6784827855
u_19:0.6718715743
u_20:0.5712526866
u_21:0.5291833223
u_22:0.5200887255
u_23:0.439720354
u_24:0.4617157719
u_25:0.3911676266
u_26:0.3418960711
u_27:0.277798166
u_28:0.2817533633
u_29:0.2510432355
u_30:0.2817094608
u_31:0.2255392124
u_32:0.1929657792
u_33:0.2086154445
u_34:0.2653980333
u_35:0.234889127
u_36:0.2531824911
u_37:0.281443729
u_38:0.2708475225
u_39:0.2929696007
u_40:0.3072959641
u_41:0.3824355375
u_42:0.3174629861
u_43:0.3507459931
u_44:0.3362596997
u_45:0.3190926544
u_46:0.2747680357
u_47:0.3098728077
u_48:0.314189074
u_49:0.3094641484
u_50:0.3055239931
u_51:0.3472516309
u_52:0.4581235311
u_53:0.4844622334
u_54:0.5058873453
u_55:0.5968377965
u_56:0.5337153358
u_57:0.6645997343
u_58:0.6435037893
u_59:0.6782868565
u_60:0.7361941526
u_61:0.7289359227
u_62:0.7616863017
u_63:0.7327016915
u_64:0.8037244401
u_65:0.80189455
u_66:0.7854010218
u_67:0.7944679796
u_68:0.7927021786
u_69:0.7789787188
u_70:0.7827086215
u_71:0.7779082563
u_72:0.8262887242
u_73:0.7865086833
u_74:0.7535611602
u_75:0.7252637839
u_76:0.6932607284
u_77:0.6783453877
u_78:0.6599849674
u_79:0.5675943478
u_80:0.5094310776
u_81:0.5306593388
u_82:0.4638096895
u_83:0.4282432079
u_84:0.3850248704
u_85:0.3885757325
u_86:0.3352016297
u_87:0.2601086046
u_88:0.2959762986
u_89:0.2904878912
u_90:0.3036442354
u_91:0.2805830671
u_92:0.3163601913
u_93:0.2701328105
u_94:0.2553353288
u_95:0.3020082756
u_96:0.261833582
u_97:0.2205040805
u_98:0.1577286584
u_99:0.1166257814
[Objective]
0.01153145172
