[Grid]
nodes:100
dt_0:0.02
dt_1:0.02
dt_2:0.02
dt_3:0.02
dt_4:0.02
dt_5:0.02
dt_6:0.02
dt_7:0.02
dt_8:0.02
dt_9:0.02
dt_10:0.02
dt_11:0.02
dt_12:0.02
dt_13:0.02
dt_14:0.02
dt_15:0.02
dt_16:0.02
dt_17:0.02
dt_18:0.02
dt_19:0.02
dt_20:0.02
dt_21:0.02
dt_22:0.02
dt_23:0.02
dt_24:0.02
dt_25:0.02
dt_26:0.02
dt_27:0.02
dt_28:0.02
dt_29:0.02
dt_30:0.02
dt_31:0.02
dt_32:0.02
dt_33:0.02
dt_34:0.02
dt_35:0.02
dt_36:0.02
dt_37:0.02
dt_38:0.02
dt_39:0.02
dt_40:0.02
dt_41:0.02
dt_42:0.02
dt_43:0.02
dt_44:0.02
dt_45:0.02
dt_46:0.02
dt_47:0.02
dt_48:0.02
dt_49:0.02
dt_50:0.02
dt_51:0.02
dt_52:0.02
dt_53:0.02
dt_54:0.02
dt_55:0.02
dt_56:0.02
dt_57:0.02
dt_58:0.02
dt_59:0.02
dt_60:0.02
dt_61:0.02
dt_62:0.02
dt_63:0.02
dt_64:0.02
dt_65:0.02
dt_66:0.02
dt_67:0.02
dt_68:0.02
dt_69:0.02
dt_70:0.02
dt_71:0.02
dt_72:0.02
dt_73:0.02
dt_74:0.02
dt_75:0.02
dt_76:0.02
dt_77:0.02
dt_78:0.02
dt_79:0.02
dt_80:0.02
dt_81:0.02
dt_82:0.02
dt_83:0.02
dt_84:0.02
dt_85:0.02
dt_86:0.02
dt_87:0.02
dt_88:0.02
dt_89:0.02
dt_90:0.02
dt_91:0.02
dt_92:0.02
dt_93:0.02
dt_94:0.02
dt_95:0.02
dt_96:0.02
dt_97:0.02
dt_98:0.02
dt_99:0.02
[Control]
u_0:0
u_1:0
u_2:0
u_3:0.1417285017
u_4:0.3872652509
u_5:0.472640048
u_6:0.6333433808
u_7:0.710228588
u_8:0.7322491882
u_9:0.7512709914
u_10:0.7885239338
u_11:0.8324294198
u_12:0.8090319375
u_13:0.7931093426
u_14:0.8585588539
u_15:0.7433453603
u_16:0.7837706481
u_17:0.6947531175
u_18:0.7150185518
u_19:0.647649735
u_20:0.5795561112
u_21:0.5942582495
u_22:0.4923372182
u_23:0.4593414073
u_24:0.4279005668
u_25:0.3646033932
u_26:0.3372291693
u_27:0.3197417925
u_28:0.3570546719
u_29:0.2051822514
u_30:0.2451958436
u_31:0.2519594099
u_32:0.217439409
u_33:0.2319827015
u_34:0.2453842844
u_35:0.2820929549
u_36:0.310497953
u_37:0.2781750497
u_38:0.26427563
u_39:0.2463032513
u_40:0.3363987557
u_41:0.3272186192
u_42:0.3243692019
u_43:0.3863591105
u_44:0.3701743298
u_45:0.2966053349
u_46:0.2578601529
u_47:0.2434035314
u_48:0.3295789135
u_49:0.3368605854
u_50:0.3296409924
u_51:0.4056037323
u_52:0.4221713709
u_53:0.4741749805
u_54:0.5261994736
u_55:0.4957480853
u_56:0.5852754224
u_57:0.6288863035
u_58:0.6585912873
u_59:0.6995290838
u_60:0.6854143726
u_61:0.7410253958
u_62:0.7592988795
u_63:0.7753394581
u_64:0.7357304348
u_65:0.7732925174
u_66:0.7599810635
u_67:0.7548027565
u_68:0.798312786
u_69:0.8365657641
u_70:0.7788763322
u_71:0.7950911222
u_72:0.7565546782
u_73:0.7563975351
u_74:0.7460180637
u_75:0.7694239198
u_76:0.7502505765
u_77:0.6620876154
u_78:0.6303345525
u_79:0.619340475
u_80:0.5215160162
u_81:0.4706380214
u_82:0.4743574462
u_83:0.42496771
u_84:0.369313624
u_85:0.3660799441
u_86:0.3394629293
u_87:0.2893362277
u_88:0.311173126
u_89:0.3002717994
u_90:0.2862696908
u_91:0.2816363571
u_92:0.3007881124
u_93:0.2665205927
u_94:0.301974985
u_95:0.2591776104
u_96:0.2731183891
u_97:0.2381033223
u_98:0.1671893485
u_99:0.1478584015
[Objective]
0.01154256298
