[Grid]
nodes:100
dt_0:0.02
dt_1:0.02
dt_2:0.02
dt_3:0.02
dt_4:0.02
dt_5:0.02
dt_6:0.02
dt_7:0.02
dt_8:0.02
dt_9:0.02
dt_10:0.02
dt_11:0.02
dt_12:0.02
dt_13:0.02
dt_14:0.02
dt_15:0.02
dt_16:0.02
dt_17:0.02
dt_18:0.02
dt_19:0.02
dt_20:0.02
dt_21:0.02
dt_22:0.02
dt_23:0.02
dt_24:0.02
dt_25:0.02
dt_26:0.02
dt_27:0.02
dt_28:0.02
dt_29:0.02
dt_30:0.02
dt_31:0.02
dt_32:0.02
dt_33:0.02
dt_34:0.02
dt_35:0.02
dt_36:0.02
dt_37:0.02
dt_38:0.02
dt_39:0.02
dt_40:0.02
dt_41:0.02
dt_42:0.02
dt_43:0.02
dt_44:0.02
dt_45:0.02
dt_46:0.02
dt_47:0.02
dt_48:0.02
dt_49:0.02
dt_50:0.02
dt_51:0.02
dt_52:0.02
dt_53:0.02
dt_54:0.02
dt_55:0.02
dt_56:0.02
dt_57:0.02
dt_58:0.02
dt_59:0.02
dt_60:0.02
dt_61:0.02
dt_62:0.02
dt_63:0.02
dt_64:0.02
dt_65:0.02
dt_66:0.02
dt_67:0.02
dt_68:0.02
dt_69:0.02
dt_70:0.02
dt_71:0.02
dt_72:0.02
dt_73:0.02
dt_74:0.02
dt_75:0.02
dt_76:0.02
dt_77:0.02
dt_78:0.02
dt_79:0.02
dt_80:0.02
dt_81:0.02
dt_82:0.02
dt_83:0.02
dt_84:0.02
dt_85:0.02
dt_86:0.02
dt_87:0.02
dt_88:0.02
dt_89:0.02
dt_90:0.02
dt_91:0.02
dt_92:0.02
dt_93:0.02
dt_94:0.02
dt_95:0.02
dt_96:0.02
dt_97:0.02
dt_98:0.02
dt_99:0.02
[Control]
u_0:0
u_1:0
u_2:0
u_3:0.1328167617
u_4:0.3741801744
u_5:0.6292348363
u_6:0.5892730497
u_7:0.7150768844
u_8:0.8036045534
u_9:0.8339309749
u_10:0.8755110617
u_11:0.9350061477
u_12:0.8784887965
u_13:0.9205422845
u_14:0.780606176
u_15:0.6941155677
u_16:0.6789223171
u_17:0.6449618718
u_18:0.6717720386
u_19:0.7059701711
u_20:0.621901286
u_21:0.6366944353
u_22:0.5172361257
u_23:0.5363731992
u_24:0.404957041
u_25:0.2807205273
u_26:0.3021697367
u_27:0.2798006804
u_28:0.1682134539
u_29:0.2237434352
u_30:0.1871340016
u_31:0.1601250676
u_32:0.2205161728
u_33:0.2395898642
u_34:0.2151712062
u_35:0.2496612407
u_36:0.2801171476
u_37:0.3077451694
u_38:0.3089474639
u_39:0.2708975083
u_40:0.2756692078
u_41:0.3039829403
u_42:0.3144193832
u_43:0.2923610629
u_44:0.3345912284
u_45:0.298722349
u_46:0.3474063702
u_47:0.2418287227
u_48:0.286594982
u_49:0.3481778889
u_50:0.3964733712
u_51:0.3509606644
u_52:0.3899312624
u_53:0.4184825652
u_54:0.5006044352
u_55:0.5483342624
u_56:0.6132403168
u_57:0.7175163577
u_58:0.7424889145
u_59:0.7493777922
u_60:0.7150207757
u_61:0.782432615
u_62:0.7937383196
u_63:0.8524419433
u_64:0.8238018714
u_65:0.8229616835
u_66:0.7907291351
u_67:0.7483398356
u_68:0.8018334901
u_69:0.7961226897
u_70:0.8134567061
u_71:0.8006191193
u_72:0.7803643471
u_73:0.8190681515
u_74:0.7924220786
u_75:0.6857778056
u_76:0.7078907655
u_77:0.6698703753
u_78:0.6161432467
u_79:0.650772291
u_80:0.5753921212
u_81:0.5551499508
u_82:0.4951254148
u_83:0.4375221716
u_84:0.3955837878
u_85:0.3952146965
u_86:0.3476397376
u_87:0.2888964036
u_88:0.2621165903
u_89:0.2618244068
u_90:0.2702949075
u_91:0.2436904592
u_92:0.2962529387
u_93:0.3611060799
u_94:0.2318977563
u_95:0.2537432068
u_96:0.1951974212
u_97:0.2064783014
u_98:0.1742016604
u_99:0.001672109781
[Objective]
0.0114964956
