[Grid]
nodes:100
dt_0:0.02
dt_1:0.02
dt_2:0.02
dt_3:0.02
dt_4:0.02
dt_5:0.02
dt_6:0.02
dt_7:0.02
dt_8:0.02
dt_9:0.02
dt_10:0.02
dt_11:0.02
dt_12:0.02
dt_13:0.02
dt_14:0.02
dt_15:0.02
dt_16:0.02
dt_17:0.02
dt_18:0.02
dt_19:0.02
dt_20:0.02
dt_21:0.02
dt_22:0.02
dt_23:0.02
dt_24:0.02
dt_25:0.02
dt_26:0.02
dt_27:0.02
dt_28:0.02
dt_29:0.02
dt_30:0.02
dt_31:0.02
dt_32:0.02
dt_33:0.02
dt_34:0.02
dt_35:0.02
dt_36:0.02
dt_37:0.02
dt_38:0.02
dt_39:0.02
dt_40:0.02
dt_41:0.02
dt_42:0.02
dt_43:0.02
dt_44:0.02
dt_45:0.02
dt_46:0.02
dt_47:0.02
dt_48:0.02
dt_49:0.02
dt_50:0.02
dt_51:0.02
dt_52:0.02
dt_53:0.02
dt_54:0.02
dt_55:0.02
dt_56:0.02
dt_57:0.02
dt_58:0.02
dt_59:0.02
dt_60:0.02
dt_61:0.02
dt_62:0.02
dt_63:0.02
dt_64:0.02
dt_65:0.02
dt_66:0.02
dt_67:0.02
dt_68:0.02
dt_69:0.02
dt_70:0.02
dt_71:0.02
dt_72:0.02
dt_73:0.02
dt_74:0.02
dt_75:0.02
dt_76:0.02
dt_77:0.02
dt_78:0.02
dt_79:0.02
dt_80:0.02
dt_81:0.02
dt_82:0.02
dt_83:0.02
dt_84:0.02
dt_85:0.02
dt_86:0.02
dt_87:0.02
dt_88:0.02
dt_89:0.02
dt_90:0.02
dt_91:0.02
dt_92:0.02
dt_93:0.02
dt_94:0.02
dt_95:0.02
dt_96:0.02
dt_97:0.02
dt_98:0.02
dt_99:0.02
[Control]
u_0:0
u_1:0
u_2:0
u_3:0.1396461958
u_4:0.384211031
u_5:0.49955508
u_6:0.6234692252
u_7:0.6743623578
u_8:0.8086662449
u_9:0.8076932254
u_10:0.7994957679
u_11:0.8079025189
u_12:0.8576796487
u_13:0.8319375335
u_14:0.8401698358
u_15:0.770632559
u_16:0.7814399681
u_17:0.7165668095
u_18:0.6348040095
u_19:0.5963989416
u_20:0.6367033556
u_21:0.5612580835
u_22:0.5206295314
u_23:0.4620281977
u_24:0.4598185867
u_25:0.3602890667
u_26:0.2742184017
u_27:0.3287194064
u_28:0.2778698309
u_29:0.2343716529
u_30:0.2451181104
u_31:0.2496136369
u_32:0.2118530051
u_33:0.2082602176
u_34:0.2363009885
u_35:0.2211380281
u_36:0.2451664513
u_37:0.2674617254
u_38:0.2775353579
u_39:0.3259299267
u_40:0.3446920748
u_41:0.3215167931
u_42:0.3407931498
u_43:0.3207716343
u_44:0.3460498419
u_45:0.2957153784
u_46:0.2950444791
u_47:0.2870522393
u_48:0.3115616943
u_49:0.3213153144
u_50:0.3096868244
u_51:0.3725089036
u_52:0.439004163
u_53:0.4784362902
u_54:0.504272597
u_55:0.551519108
u_56:0.6332702793
u_57:0.6302625487
u_58:0.6856581845
u_59:0.6970181071
u_60:0.7599759153
u_61:0.7508180753
u_62:0.7313653678
u_63:0.7381760354
u_64:0.7824469748
u_65:0.7656748037
u_66:0.8076583316
u_67:0.8164932887
u_68:0.7790739048
u_69:0.800034454
u_70:0.8060255426
u_71:0.7809374663
u_72:0.812892224
u_73:0.7495558484
u_74:0.76998399
u_75:0.7203292977
u_76:0.6914658127
u_77:0.6995579287
u_78:0.6603779656
u_79:0.5696703627
u_80:0.5455966612
u_81:0.5137256971
u_82:0.4378926826
u_83:0.4435639543
u_84:0.4076424721
u_85:0.389107659
u_86:0.3625402642
u_87:0.3092832881
u_88:0.3005462893
u_89:0.2466451477
u_90:0.2532905282
u_91:0.2563687013
u_92:0.2952502539
u_93:0.2557414956
u_94:0.2710742977
u_95:0.2977862205
u_96:0.2919394314
u_97:0.2229904659
u_98:0.1215888165
u_99:0.1301071143
[Objective]
0.01152696726
