[Grid]
nodes:100
dt_0:0.02
dt_1:0.02
dt_2:0.02
dt_3:0.02
dt_4:0.02
dt_5:0.02
dt_6:0.02
dt_7:0.02
dt_8:0.02
dt_9:0.02
dt_10:0.02
dt_11:0.02
dt_12:0.02
dt_13:0.02
dt_14:0.02
dt_15:0.02
dt_16:0.02
dt_17:0.02
dt_18:0.02
dt_19:0.02
dt_20:0.02
dt_21:0.02
dt_22:0.02
dt_23:0.02
dt_24:0.02
dt_25:0.02
dt_26:0.02
dt_27:0.02
dt_28:0.02
dt_29:0.02
dt_30:0.02
dt_31:0.02
dt_32:0.02
dt_33:0.02
dt_34:0.02
dt_35:0.02
dt_36:0.02
dt_37:0.02
dt_38:0.02
dt_39:0.02
dt_40:0.02
dt_41:0.02
dt_42:0.02
dt_43:0.02
dt_44:0.02
dt_45:0.02
dt_46:0.02
dt_47:0.02
dt_48:0.02
dt_49:0.02
dt_50:0.02
dt_51:0.02
dt_52:0.02
dt_53:0.02
dt_54:0.02
dt_55:0.02
dt_56:0.02
dt_57:0.02
dt_58:0.02
dt_59:0.02
dt_60:0.02
dt_61:0.02
dt_62:0.02
dt_63:0.02
dt_64:0.02
dt_65:0.02
dt_66:0.02
dt_67:0.02
dt_68:0.02
dt_69:0.02
dt_70:0.02
dt_71:0.02
dt_72:0.02
dt_73:0.02
dt_74:0.02
dt_75:0.02
dt_76:0.02
dt_77:0.02
dt_78:0.02
dt_79:0.02
dt_80:0.02
dt_81:0.02
dt_82:0.02
dt_83:0.02
dt_84:0.02
dt_85:0.02
dt_86:0.02
dt_87:0.02
dt_88:0.02
dt_89:0.02
dt_90:0.02
dt_91:0.02
dt_92:0.02
dt_93:0.02
dt_94:0.02
dt_95:0.02
dt_96:0.02
dt_97:0.02
dt_98:0.02
dt_99:0.02
[Control]
u_0:0
u_1:0
u_2:0
u_3:0.1423652448
u_4:0.3882018077
u_5:0.4567343148
u_6:0.63287779
u_7:0.7007744516
u_8:0.7386066036
u_9:0.7551181031
u_10:0.7994682638
u_11:0.8241125258
u_12:0.8210951278
u_13:0.8265281266
u_14:0.7795052716
u_15:0.7967786856
u_16:0.7751574735
u_17:0.7279370822
u_18:0.7270911847
u_19:0.5924394697
u_20:0.6022854286
u_21:0.58820493
u_22:0.4959371219
u_23:0.4726182537
u_24:0.4321195877
u_25:0.3343593665
u_26:0.3590270729
u_27:0.3277241429
u_28:0.3262818776
u_29:0.2301775907
u_30:0.2179983568
u_31:0.2661797824
u_32:0.2312686502
u_33:0.2139004553
u_34:0.2693710812
u_35:0.2535750426
u_36:0.3181506614
u_37:0.2485557849
u_38:0.2573596632
u_39:0.2706071949
u_40:0.3285082509
u_41:0.330983295
u_42:0.3389172642
u_43:0.3997337924
u_44:0.3326362713
u_45:0.3052863841
u_46:0.2782180421
u_47:0.2798630517
u_48:0.2671623491
u_49:0.3571514715
u_50:0.3407526088
u_51:0.3701459265
u_52:0.4016314669
u_53:0.4860338956
u_54:0.5255362063
u_55:0.5539799059
u_56:0.5587105976
u_57:0.6421019813
u_58:0.6787019122
u_59:0.6461809771
u_60:0.6774808366
u_61:0.7876927775
u_62:0.755121999
u_63:0.7041940805
u_64:0.796823918
u_65:0.7555053325
u_66:0.7598967577
u_67:0.7845851193
u_68:0.8298301761
u_69:0.7785036872
u_70:0.8001052414
u_71:0.7862743383
u_72:0.7761590811
u_73:0.7575625684
u_74:0.7571615598
u_75:0.7529049678
u_76:0.7420411609
u_77:0.6830507585
u_78:0.6271679526
u_79:0.6066834815
u_80:0.5104220964
u_81:0.4765320125
u_82:0.4736039871
u_83:0.4365758211
u_84:0.3897830637
u_85:0.3407919818
u_86:0.2929682848
u_87:0.3313297085
u_88:0.3245266934
u_89:0.2831642404
u_90:0.271078198
u_91:0.2981582528
u_92:0.2771760026
u_93:0.2898547328
u_94:0.2998822376
u_95:0.2862121928
u_96:0.2840453074
u_97:0.2043209692
u_98:0.1717860046
u_99:0.1388946781
[Objective]
0.01154036863
