[Grid]
nodes:100
dt_0:0.02
dt_1:0.02
dt_2:0.02
dt_3:0.02
dt_4:0.02
dt_5:0.02
dt_6:0.02
dt_7:0.02
dt_8:0.02
dt_9:0.02
dt_10:0.02
dt_11:0.02
dt_12:0.02
dt_13:0.02
dt_14:0.02
dt_15:0.02
dt_16:0.02
dt_17:0.02
dt_18:0.02
dt_19:0.02
dt_20:0.02
dt_21:0.02
dt_22:0.02
dt_23:0.02
dt_24:0.02
dt_25:0.02
dt_26:0.02
dt_27:0.02
dt_28:0.02
dt_29:0.02
dt_30:0.02
dt_31:0.02
dt_32:0.02
dt_33:0.02
dt_34:0.02
dt_35:0.02
dt_36:0.02
dt_37:0.02
dt_38:0.02
dt_39:0.02
dt_40:0.02
dt_41:0.02
dt_42:0.02
dt_43:0.02
dt_44:0.02
dt_45:0.02
dt_46:0.02
dt_47:0.02
dt_48:0.02
dt_49:0.02
dt_50:0.02
dt_51:0.02
dt_52:0.02
dt_53:0.02
dt_54:0.02
dt_55:0.02
dt_56:0.02
dt_57:0.02
dt_58:0.02
dt_59:0.02
dt_60:0.02
dt_61:0.02
dt_62:0.02
dt_63:0.02
dt_64:0.02
dt_65:0.02
dt_66:0.02
dt_67:0.02
dt_68:0.02
dt_69:0.02
dt_70:0.02
dt_71:0.02
dt_72:0.02
dt_73:0.02
dt_74:0.02
dt_75:0.02
dt_76:0.02
dt_77:0.02
dt_78:0.02
dt_79:0.02
dt_80:0.02
dt_81:0.02
dt_82:0.02
dt_83:0.02
dt_84:0.02
dt_85:0.02
dt_86:0.02
dt_87:0.02
dt_88:0.02
dt_89:0.02
dt_90:0.02
dt_91:0.02
dt_92:0.02
dt_93:0.02
dt_94:0.02
dt_95:0.02
dt_96:0.02
dt_97:0.02
dt_98:0.02
dt_99:0.02
[Control]
u_0:0
u_1:0
u_2:0
u_3:0.114493073
u_4:0.3473489762
u_5:0.5889819295
u_6:0.827547976
u_7:1
u_8:1
u_9:1
u_10:1
u_11:1
u_12:0.9758669414
u_13:0.8411908085
u_14:0.8615388862
u_15:0.8402375081
u_16:0.7360157531
u_17:0.7519689626
u_18:0.6404867817
u_19:0.6260080659
u_20:0.5856157709
u_21:0.4830721112
u_22:0.4364481355
u_23:0.3744426415
u_24:0.2384855633
u_25:0.248903259
u_26:0.0636537772
u_27:0.07753280951
u_28:0
u_29:0
u_30:0.1598451709
u_31:0.1066879618
u_32:0.2425993029
u_33:0.1592525835
u_34:0.2315257704
u_35:0.2748258889
u_36:0.2290064017
u_37:0.3897913812
u_38:0.4377826484
u_39:0.332326325
u_40:0.4921094029
u_41:0.4021158923
u_42:0.3910162976
u_43:0.3471897655
u_44:0.2741560598
u_45:0.1709721871
u_46:0
u_47:0.1330075252
u_48:0.3003198841
u_49:0.1232378016
u_50:0.2331256448
u_51:0.1904391582
u_52:0.4309788724
u_53:0.3931386709
u_54:0.474849421
u_55:0.5419172453
u_56:0.6762979767
u_57:0.8151421222
u_58:0.9303915628
u_59:1
u_60:0.858759552
u_61:0.7548345215
u_62:0.7647501628
u_63:0.7681029576
u_64:0.7639692307
u_65:0.7550279869
u_66:0.8489711894
u_67:1
u_68:1
u_69:1
u_70:1
u_71:0.9146943499
u_72:0.9375703263
u_73:0.7420862611
u_74:0.8516920042
u_75:0.7489412974
u_76:0.7608137749
u_77:0.6411611892
u_78:0.6155305609
u_79:0.5618606633
u_80:0.4445750869
u_81:0.3822379842
u_82:0.181971575
u_83:0.2207521518
u_84:0.1736900214
u_85:0.2963653352
u_86:0.1951846197
u_87:0.1255196687
u_88:0.1840166106
u_89:0.291442212
u_90:0.4059140805
u_91:0.4223317854
u_92:0.313988029
u_93:0.5486919978
u_94:0.4403778218
u_95:0.57037752
u_96:0.5801440279
u_97:0.4539170579
u_98:0.2180374836
u_99:0.06551889216
[Objective]
0.01132204768
