[Grid]
nodes:100
dt_0:0.02
dt_1:0.02
dt_2:0.02
dt_3:0.02
dt_4:0.02
dt_5:0.02
dt_6:0.02
dt_7:0.02
dt_8:0.02
dt_9:0.02
dt_10:0.02
dt_11:0.02
dt_12:0.02
dt_13:0.02
dt_14:0.02
dt_15:0.02
dt_16:0.02
dt_17:0.02
dt_18:0.02
dt_19:0.02
dt_20:0.02
dt_21:0.02
dt_22:0.02
dt_23:0.02
dt_24:0.02
dt_25:0.02
dt_26:0.02
dt_27:0.02
dt_28:0.02
dt_29:0.02
dt_30:0.02
dt_31:0.02
dt_32:0.02
dt_33:0.02
dt_34:0.02
dt_35:0.02
dt_36:0.02
dt_37:0.02
dt_38:0.02
dt_39:0.02
dt_40:0.02
dt_41:0.02
dt_42:0.02
dt_43:0.02
dt_44:0.02
dt_45:0.02
dt_46:0.02
dt_47:0.02
dt_48:0.02
dt_49:0.02
dt_50:0.02
dt_51:0.02
dt_52:0.02
dt_53:0.02
dt_54:0.02
dt_55:0.02
dt_56:0.02
dt_57:0.02
dt_58:0.02
dt_59:0.02
dt_60:0.02
dt_61:0.02
dt_62:0.02
dt_63:0.02
dt_64:0.02
dt_65:0.02
dt_66:0.02
dt_67:0.02
dt_68:0.02
dt_69:0.02
dt_70:0.02
dt_71:0.02
dt_72:0.02
dt_73:0.02
dt_74:0.02
dt_75:0.02
dt_76:0.02
dt_77:0.02
dt_78:0.02
dt_79:0.02
dt_80:0.02
dt_81:0.02
dt_82:0.02
dt_83:0.02
dt_84:0.02
dt_85:0.02
dt_86:0.02
dt_87:0.02
dt_88:0.02
dt_89:0.02
dt_90:0.02
dt_91:0.02
dt_92:0.02
dt_93:0.02
dt_94:0.02
dt_95:0.02
dt_96:0.02
dt_97:0.02
dt_98:0.02
dt_99:0.02
[Control]
u_0:0
u_1:0
u_2:0
u_3:0.1367952569
u_4:0.3800413278
u_5:0.4737572574
u_6:0.6539863068
u_7:0.7644410971
u_8:0.8277254097
u_9:0.8246706933
u_10:0.8142404106
u_11:0.9088739849
u_12:0.8663690916
u_13:0.8704410477
u_14:0.7390645103
u_15:0.7353446263
u_16:0.7209180635
u_17:0.7299174997
u_18:0.7466366702
u_19:0.6743101374
u_20:0.6312713966
u_21:0.549953339
u_22:0.5229966711
u_23:0.5044753225
u_24:0.4342786668
u_25:0.3456446579
u_26:0.2716771912
u_27:0.2295679974
u_28:0.2403865107
u_29:0.2042851565
u_30:0.1880817354
u_31:0.1943697224
u_32:0.2078366684
u_33:0.2437139504
u_34:0.2450919562
u_35:0.2435395482
u_36:0.2301553625
u_37:0.2911172146
u_38:0.3041011868
u_39:0.2935974551
u_40:0.3179109328
u_41:0.3428720801
u_42:0.3219584435
u_43:0.2952572468
u_44:0.2983430739
u_45:0.2753647077
u_46:0.3287648773
u_47:0.2803587931
u_48:0.3260237372
u_49:0.3378046437
u_50:0.3736034051
u_51:0.3741863253
u_52:0.3648468995
u_53:0.4121678477
u_54:0.4994156915
u_55:0.582732536
u_56:0.5843369182
u_57:0.6883955982
u_58:0.7205950925
u_59:0.7584990534
u_60:0.7784343181
u_61:0.7694882579
u_62:0.770974129
u_63:0.7719104574
u_64:0.808001247
u_65:0.7674323031
u_66:0.7838723422
u_67:0.7785708297
u_68:0.7743326814
u_69:0.8066821834
u_70:0.8091675543
u_71:0.8203468822
u_72:0.8072639377
u_73:0.7803288948
u_74:0.7911686556
u_75:0.7528646033
u_76:0.6897141924
u_77:0.6836887633
u_78:0.6703830001
u_79:0.6017653337
u_80:0.5678651247
u_81:0.5531526499
u_82:0.4963218428
u_83:0.4450608269
u_84:0.4049105575
u_85:0.3617208098
u_86:0.3080910498
u_87:0.2777503642
u_88:0.2979937668
u_89:0.2364772632
u_90:0.2859754238
u_91:0.2906939152
u_92:0.2851203344
u_93:0.3097605589
u_94:0.2522744877
u_95:0.2494573893
u_96:0.2092261126
u_97:0.1724990792
u_98:0.1954139007
u_99:0.07642186496
[Objective]
0.01150623446
