[Grid]
nodes:100
dt_0:0.02
dt_1:0.02
dt_2:0.02
dt_3:0.02
dt_4:0.02
dt_5:0.02
dt_6:0.02
dt_7:0.02
dt_8:0.02
dt_9:0.02
dt_10:0.02
dt_11:0.02
dt_12:0.02
dt_13:0.02
dt_14:0.02
dt_15:0.02
dt_16:0.02
dt_17:0.02
dt_18:0.02
dt_19:0.02
dt_20:0.02
dt_21:0.02
dt_22:0.02
dt_23:0.02
dt_24:0.02
dt_25:0.02
dt_26:0.02
dt_27:0.02
dt_28:0.02
dt_29:0.02
dt_30:0.02
dt_31:0.02
dt_32:0.02
dt_33:0.02
dt_34:0.02
dt_35:0.02
dt_36:0.02
dt_37:0.02
dt_38:0.02
dt_39:0.02
dt_40:0.02
dt_41:0.02
dt_42:0.02
dt_43:0.02
dt_44:0.02
dt_45:0.02
dt_46:0.02
dt_47:0.02
dt_48:0.02
dt_49:0.02
dt_50:0.02
dt_51:0.02
dt_52:0.02
dt_53:0.02
dt_54:0.02
dt_55:0.02
dt_56:0.02
dt_57:0.02
dt_58:0.02
dt_59:0.02
dt_60:0.02
dt_61:0.02
dt_62:0.02
dt_63:0.02
dt_64:0.02
dt_65:0.02
dt_66:0.02
dt_67:0.02
dt_68:0.02
dt_69:0.02
dt_70:0.02
dt_71:0.02
dt_72:0.02
dt_73:0.02
dt_74:0.02
dt_75:0.02
dt_76:0.02
dt_77:0.02
dt_78:0.02
dt_79:0.02
dt_80:0.02
dt_81:0.02
dt_82:0.02
dt_83:0.02
dt_84:0.02
dt_85:0.02
dt_86:0.02
dt_87:0.02
dt_88:0.02
dt_89:0.02
dt_90:0.02
dt_91:0.02
dt_92:0.02
dt_93:0.02
dt_94:0.02
dt_95:0.02
dt_96:0.02
dt_97:0.02
dt_98:0.02
dt_99:0.02
[Control]
u_0:0
u_1:0
u_2:0
u_3:0.1385542796
u_4:0.3826119551
u_5:0.5073398808
u_6:0.605648892
u_7:0.7090425146
u_8:0.821565335
u_9:0.8251041053
u_10:0.8307075161
u_11:0.8169883292
u_12:0.8378108928
u_13:0.801781603
u_14:0.809627044
u_15:0.8409562882
u_16:0.7995006241
u_17:0.6550777941
u_18:0.6542846082
u_19:0.6214831296
u_20:0.6275581637
u_21:0.5873711597
u_22:0.5531023084
u_23:0.4179502747
u_24:0.4280247626
u_25:0.3450594856
u_26:0.3668557821
u_27:0.254658813
u_28:0.2893478872
u_29:0.2237465405
u_30:0.1969226887
u_31:0.2340923034
u_32:0.2262974972
u_33:0.2301430768
u_34:0.1967765199
u_35:0.2285198817
u_36:0.2655083544
u_37:0.2600638837
u_38:0.2757958334
u_39:0.3223098749
u_40:0.3053978508
u_41:0.3294092651
u_42:0.3157313535
u_43:0.3294155182
u_44:0.3281634763
u_45:0.3406952318
u_46:0.2951327774
u_47:0.2839080901
u_48:0.3182642726
u_49:0.2916409306
u_50:0.3866241885
u_51:0.3658350575
u_52:0.4040147906
u_53:0.4680844081
u_54:0.5060662535
u_55:0.5361436098
u_56:0.6062149527
u_57:0.6648284737
u_58:0.6946203431
u_59:0.7398715645
u_60:0.7602079506
u_61:0.7324859648
u_62:0.7883182423
u_63:0.7934098051
u_64:0.760271901
u_65:0.7418172437
u_66:0.7798919598
u_67:0.7829993402
u_68:0.7960149187
u_69:0.8304013528
u_70:0.8132152615
u_71:0.7855634318
u_72:0.8217718893
u_73:0.7590869925
u_74:0.7143857962
u_75:0.7000399935
u_76:0.7313653736
u_77:0.7009716602
u_78:0.6392186735
u_79:0.6412485895
u_80:0.555560901
u_81:0.5059840829
u_82:0.4471431277
u_83:0.4190485651
u_84:0.4033049821
u_85:0.4400469122
u_86:0.3734300799
u_87:0.3230237098
u_88:0.2864545693
u_89:0.2564228471
u_90:0.2415720688
u_91:0.1998289129
u_92:0.2504068737
u_93:0.3228123517
u_94:0.251343031
u_95:0.2614629756
u_96:0.2678665442
u_97:0.2215712479
u_98:0.1617846274
u_99:0.1191298762
[Objective]
0.01151976975
