[Grid]
nodes:100
dt_0:0.02
dt_1:0.02
dt_2:0.02
dt_3:0.02
dt_4:0.02
dt_5:0.02
dt_6:0.02
dt_7:0.02
dt_8:0.02
dt_9:0.02
dt_10:0.02
dt_11:0.02
dt_12:0.02
dt_13:0.02
dt_14:0.02
dt_15:0.02
dt_16:0.02
dt_17:0.02
dt_18:0.02
dt_19:0.02
dt_20:0.02
dt_21:0.02
dt_22:0.02
dt_23:0.02
dt_24:0.02
dt_25:0.02
dt_26:0.02
dt_27:0.02
dt_28:0.02
dt_29:0.02
dt_30:0.02
dt_31:0.02
dt_32:0.02
dt_33:0.02
dt_34:0.02
dt_35:0.02
dt_36:0.02
dt_37:0.02
dt_38:0.02
dt_39:0.02
dt_40:0.02
dt_41:0.02
dt_42:0.02
dt_43:0.02
dt_44:0.02
dt_45:0.02
dt_46:0.02
dt_47:0.02
dt_48:0.02
dt_49:0.02
dt_50:0.02
dt_51:0.02
dt_52:0.02
dt_53:0.02
dt_54:0.02
dt_55:0.02
dt_56:0.02
dt_57:0.02
dt_58:0.02
dt_59:0.02
dt_60:0.02
dt_61:0.02
dt_62:0.02
dt_63:0.02
dt_64:0.02
dt_65:0.02
dt_66:0.02
dt_67:0.02
dt_68:0.02
dt_69:0.02
dt_70:0.02
dt_71:0.02
dt_72:0.02
dt_73:0.02
dt_74:0.02
dt_75:0.02
dt_76:0.02
dt_77:0.02
dt_78:0.02
dt_79:0.02
dt_80:0.02
dt_81:0.02
dt_82:0.02
dt_83:0.02
dt_84:0.02
dt_85:0.02
dt_86:0.02
dt_87:0.02
dt_88:0.02
dt_89:0.02
dt_90:0.02
dt_91:0.02
dt_92:0.02
dt_93:0.02
dt_94:0.02
dt_95:0.02
dt_96:0.02
dt_97:0.02
dt_98:0.02
dt_99:0.02
[Control]
u_0:0
u_1:0
u_2:0
u_3:0.135756968
u_4:0.3785106493
u_5:0.5227514077
u_6:0.627073471
u_7:0.758192416
u_8:0.8242495276
u_9:0.807672457
u_10:0.8262659817
u_11:0.894015979
u_12:0.9138291525
u_13:0.8661089643
u_14:0.7668918046
u_15:0.6966715669
u_16:0.7236538254
u_17:0.71022209
u_18:0.7061600722
u_19:0.6536794163
u_20:0.6725937342
u_21:0.5517079259
u_22:0.5629007522
u_23:0.5007467925
u_24:0.4337021343
u_25:0.3167288212
u_26:0.2890186034
u_27:0.2393050729
u_28:0.2249811658
u_29:0.181747457
u_30:0.1925995722
u_31:0.1943985894
u_32:0.2022454551
u_33:0.2387646479
u_34:0.2568408354
u_35:0.231446795
u_36:0.2937534823
u_37:0.2750501994
u_38:0.3027698474
u_39:0.2849005895
u_40:0.2976376231
u_41:0.2971980615
u_42:0.3129910088
u_43:0.3343700533
u_44:0.3143719398
u_45:0.2969575622
u_46:0.2785552819
u_47:0.303193127
u_48:0.3111898693
u_49:0.3434293857
u_50:0.3733956212
u_51:0.3666177434
u_52:0.4006766244
u_53:0.3764867024
u_54:0.5130738589
u_55:0.5709258891
u_56:0.6050031039
u_57:0.7194948232
u_58:0.6986092401
u_59:0.7724618338
u_60:0.7176111316
u_61:0.7938142895
u_62:0.7654835253
u_63:0.8123643362
u_64:0.8015530134
u_65:0.8084737182
u_66:0.7658709943
u_67:0.8049134996
u_68:0.781438957
u_69:0.7775764808
u_70:0.7994323667
u_71:0.7893265662
u_72:0.8248298443
u_73:0.8207660001
u_74:0.7786730691
u_75:0.7275942501
u_76:0.6894855996
u_77:0.6697004626
u_78:0.6595753021
u_79:0.5901079185
u_80:0.5975710139
u_81:0.5766787635
u_82:0.4953228457
u_83:0.435491121
u_84:0.4078437874
u_85:0.3677035274
u_86:0.335058078
u_87:0.2505232084
u_88:0.268201506
u_89:0.2887881852
u_90:0.2813796614
u_91:0.2803777143
u_92:0.2692794833
u_93:0.3154426213
u_94:0.2641815853
u_95:0.2437046666
u_96:0.1828759389
u_97:0.2067227875
u_98:0.1642451846
u_99:0.05812503174
[Objective]
0.01150312368
