[Grid]
nodes:100
dt_0:0.02
dt_1:0.02
dt_2:0.02
dt_3:0.02
dt_4:0.02
dt_5:0.02
dt_6:0.02
dt_7:0.02
dt_8:0.02
dt_9:0.02
dt_10:0.02
dt_11:0.02
dt_12:0.02
dt_13:0.02
dt_14:0.02
dt_15:0.02
dt_16:0.02
dt_17:0.02
dt_18:0.02
dt_19:0.02
dt_20:0.02
dt_21:0.02
dt_22:0.02
dt_23:0.02
dt_24:0.02
dt_25:0.02
dt_26:0.02
dt_27:0.02
dt_28:0.02
dt_29:0.02
dt_30:0.02
dt_31:0.02
dt_32:0.02
dt_33:0.02
dt_34:0.02
dt_35:0.02
dt_36:0.02
dt_37:0.02
dt_38:0.02
dt_39:0.02
dt_40:0.02
dt_41:0.02
dt_42:0.02
dt_43:0.02
dt_44:0.02
dt_45:0.02
dt_46:0.02
dt_47:0.02
dt_48:0.02
dt_49:0.02
dt_50:0.02
dt_51:0.02
dt_52:0.02
dt_53:0.02
dt_54:0.02
dt_55:0.02
dt_56:0.02
dt_57:0.02
dt_58:0.02
dt_59:0.02
dt_60:0.02
dt_61:0.02
dt_62:0.02
dt_63:0.02
dt_64:0.02
dt_65:0.02
dt_66:0.02
dt_67:0.02
dt_68:0.02
dt_69:0.02
dt_70:0.02
dt_71:0.02
dt_72:0.02
dt_73:0.02
dt_74:0.02
dt_75:0.02
dt_76:0.02
dt_77:0.02
dt_78:0.02
dt_79:0.02
dt_80:0.02
dt_81:0.02
dt_82:0.02
dt_83:0.02
dt_84:0.02
dt_85:0.02
dt_86:0.02
dt_87:0.02
dt_88:0.02
dt_89:0.02
dt_90:0.02
dt_91:0.02
dt_92:0.02
dt_93:0.02
dt_94:0.02
dt_95:0.02
dt_96:0.02
dt_97:0.02
dt_98:0.02
dt_99:0.02
[Control]
u_0:0
u_1:0
u_2:0
u_3:0.128992408
u_4:0.3685757736
u_5:0.6208130197
u_6:0.7031407506
u_7:0.7223876087
u_8:0.8098736867
u_9:0.8486966167
u_10:0.9371486367
u_11:0.8778811866
u_12:0.9536804428
u_13:0.8720383312
u_14:0.7945461589
u_15:0.7093505584
u_16:0.6637444195
u_17:0.6854872706
u_18:0.6451738773
u_19:0.6320138986
u_20:0.614098198
u_21:0.6587652162
u_22:0.5137719851
u_23:0.4884130442
u_24:0.3329600938
u_25:0.3131295154
u_26:0.3172659054
u_27:0.2820853623
u_28:0.1726422933
u_29:0.2050796
u_30:0.1943481471
u_31:0.2018148562
u_32:0.1965804269
u_33:0.2435390386
u_34:0.1963542129
u_35:0.2754391415
u_36:0.207813828
u_37:0.2894505178
u_38:0.301179413
u_39:0.3244155939
u_40:0.2768741706
u_41:0.2693231917
u_42:0.2514606374
u_43:0.338197571
u_44:0.3376025238
u_45:0.3326159397
u_46:0.3173222996
u_47:0.2760418712
u_48:0.274412316
u_49:0.2963725802
u_50:0.3853418553
u_51:0.409173451
u_52:0.4167302914
u_53:0.4372358186
u_54:0.4400401236
u_55:0.5115677427
u_56:0.6107055782
u_57:0.7136952547
u_58:0.7259479383
u_59:0.7659724747
u_60:0.8050172841
u_61:0.8243424546
u_62:0.8167472653
u_63:0.8749457147
u_64:0.8583498008
u_65:0.8275263781
u_66:0.7607736391
u_67:0.7818290429
u_68:0.7686184419
u_69:0.8526246029
u_70:0.8101209139
u_71:0.8175685683
u_72:0.7986750257
u_73:0.7501059829
u_74:0.728054693
u_75:0.7506172938
u_76:0.6735740903
u_77:0.6375197459
u_78:0.6610441874
u_79:0.6202442733
u_80:0.5791321082
u_81:0.5202930978
u_82:0.4380574233
u_83:0.4498921506
u_84:0.4062148534
u_85:0.4330400154
u_86:0.346730058
u_87:0.3391531326
u_88:0.283962186
u_89:0.2423235733
u_90:0.2661301566
u_91:0.3063534294
u_92:0.3020057382
u_93:0.236788502
u_94:0.2931116274
u_95:0.2514483519
u_96:0.2260270033
u_97:0.1928411039
u_98:0.1521724121
u_99:0
[Objective]
0.01148824895
