[Grid]
nodes:100
dt_0:0.02
dt_1:0.02
dt_2:0.02
dt_3:0.02
dt_4:0.02
dt_5:0.02
dt_6:0.02
dt_7:0.02
dt_8:0.02
dt_9:0.02
dt_10:0.02
dt_11:0.02
dt_12:0.02
dt_13:0.02
dt_14:0.02
dt_15:0.02
dt_16:0.02
dt_17:0.02
dt_18:0.02
dt_19:0.02
dt_20:0.02
dt_21:0.02
dt_22:0.02
dt_23:0.02
dt_24:0.02
dt_25:0.02
dt_26:0.02
dt_27:0.02
dt_28:0.02
dt_29:0.02
dt_30:0.02
dt_31:0.02
dt_32:0.02
dt_33:0.02
dt_34:0.02
dt_35:0.02
dt_36:0.02
dt_37:0.02
dt_38:0.02
dt_39:0.02
dt_40:0.02
dt_41:0.02
dt_42:0.02
dt_43:0.02
dt_44:0.02
dt_45:0.02
dt_46:0.02
dt_47:0.02
dt_48:0.02
dt_49:0.02
dt_50:0.02
dt_51:0.02
dt_52:0.02
dt_53:0.02
dt_54:0.02
dt_55:0.02
dt_56:0.02
dt_57:0.02
dt_58:0.02
dt_59:0.02
dt_60:0.02
dt_61:0.02
dt_62:0.02
dt_63:0.02
dt_64:0.02
dt_65:0.02
dt_66:0.02
dt_67:0.02
dt_68:0.02
dt_69:0.02
dt_70:0.02
dt_71:0.02
dt_72:0.02
dt_73:0.02
dt_74:0.02
dt_75:0.02
dt_76:0.02
dt_77:0.02
dt_78:0.02
dt_79:0.02
dt_80:0.02
dt_81:0.02
dt_82:0.02
dt_83:0.02
dt_84:0.02
dt_85:0.02
dt_86:0.02
dt_87:0.02
dt_88:0.02
dt_89:0.02
dt_90:0.02
dt_91:0.02
dt_92:0.02
dt_93:0.02
dt_94:0.02
dt_95:0.02
dt_96:0.02
dt_97:0.02
dt_98:0.02
dt_99:0.02
[Control]
u_0:0
u_1:0
u_2:0
u_3:0.1163288382
u_4:0.350033045
u_5:0.5929961078
u_6:0.8336151574
u_7:1
u_8:1
u_9:0.9943822476
u_10:0.921254921
u_11:0.7996150008
u_12:0.8928744165
u_13:0.9009759336
u_14:0.7928288856
u_15:0.7135627315
u_16:0.7978592609
u_17:0.7579824315
u_18:0.7222492333
u_19:0.6200613375
u_20:0.5859093658
u_21:0.4717492968
u_22:0.3826385335
u_23:0.3207112179
u_24:0.3187576749
u_25:0.3139201851
u_26:0.2596370485
u_27:0.2006485817
u_28:0.2123445858
u_29:0.1897250327
u_30:0.1559079493
u_31:0.2091972549
u_32:0.1892669096
u_33:0.2071891527
u_34:0.2281726742
u_35:0.2165581371
u_36:0.2067981323
u_37:0.2641372397
u_38:0.2920598212
u_39:0.2083569464
u_40:0.3081136621
u_41:0.3602981646
u_42:0.2607439565
u_43:0.3092029803
u_44:0.3375419455
u_45:0.3127393141
u_46:0.2402475559
u_47:0.2216850916
u_48:0.2984630282
u_49:0.3656949713
u_50:0.3525549693
u_51:0.337567059
u_52:0.3718758034
u_53:0.4581317255
u_54:0.4560922196
u_55:0.5337010789
u_56:0.5632369068
u_57:0.6712986351
u_58:0.7498400448
u_59:0.8067297288
u_60:0.8143812368
u_61:0.9281148728
u_62:0.9653410413
u_63:0.9719355859
u_64:0.8952142113
u_65:0.9153704803
u_66:0.8707605786
u_67:0.8131965678
u_68:0.8371155726
u_69:0.791580541
u_70:0.9063283767
u_71:0.8640516926
u_72:0.7992901343
u_73:0.7856917432
u_74:0.7800565533
u_75:0.7444418495
u_76:0.6844587059
u_77:0.53523432
u_78:0.5926127759
u_79:0.5076393006
u_80:0.575354447
u_81:0.4489763573
u_82:0.3627912275
u_83:0.3979825897
u_84:0.3364500693
u_85:0.3899906874
u_86:0.3156258867
u_87:0.3250461726
u_88:0.3149401071
u_89:0.2758043931
u_90:0.3319700846
u_91:0.3322614273
u_92:0.3948451207
u_93:0.4066735881
u_94:0.3375792581
u_95:0.2011372338
u_96:0.1690174931
u_97:0.1980007834
u_98:0.1218802388
u_99:0.1785020646
[Objective]
0.01144582944
