[Grid]
nodes:100
dt_0:0.02
dt_1:0.02
dt_2:0.02
dt_3:0.02
dt_4:0.02
dt_5:0.02
dt_6:0.02
dt_7:0.02
dt_8:0.02
dt_9:0.02
dt_10:0.02
dt_11:0.02
dt_12:0.02
dt_13:0.02
dt_14:0.02
dt_15:0.02
dt_16:0.02
dt_17:0.02
dt_18:0.02
dt_19:0.02
dt_20:0.02
dt_21:0.02
dt_22:0.02
dt_23:0.02
dt_24:0.02
dt_25:0.02
dt_26:0.02
dt_27:0.02
dt_28:0.02
dt_29:0.02
dt_30:0.02
dt_31:0.02
dt_32:0.02
dt_33:0.02
dt_34:0.02
dt_35:0.02
dt_36:0.02
dt_37:0.02
dt_38:0.02
dt_39:0.02
dt_40:0.02
dt_41:0.02
dt_42:0.02
dt_43:0.02
dt_44:0.02
dt_45:0.02
dt_46:0.02
dt_47:0.02
dt_48:0.02
dt_49:0.02
dt_50:0.02
dt_51:0.02
dt_52:0.02
dt_53:0.02
dt_54:0.02
dt_55:0.02
dt_56:0.02
dt_57:0.02
dt_58:0.02
dt_59:0.02
dt_60:0.02
dt_61:0.02
dt_62:0.02
dt_63:0.02
dt_64:0.02
dt_65:0.02
dt_66:0.02
dt_67:0.02
dt_68:0.02
dt_69:0.02
dt_70:0.02
dt_71:0.02
dt_72:0.02
dt_73:0.02
dt_74:0.02
dt_75:0.02
dt_76:0.02
dt_77:0.02
dt_78:0.02
dt_79:0.02
dt_80:0.02
dt_81:0.02
dt_82:0.02
dt_83:0.02
dt_84:0.02
dt_85:0.02
dt_86:0.02
dt_87:0.02
dt_88:0.02
dt_89:0.02
dt_90:0.02
dt_91:0.02
dt_92:0.02
dt_93:0.02
dt_94:0.02
dt_95:0.02
dt_96:0.02
dt_97:0.02
dt_98:0.02
dt_99:0.02
[Control]
u_0:0
u_1:0
u_2:0
u_3:0.1152698198
u_4:0.3484846223
u_5:0.5906802794
u_6:0.8301147424
u_7:1
u_8:1
u_9:1
u_10:1
u_11:0.9035956408
u_12:0.8353419765
u_13:0.9312648272
u_14:0.8824566476
u_15:0.7728715223
u_16:0.7441801477
u_17:0.662807516
u_18:0.6663072584
u_19:0.6918824345
u_20:0.5896614545
u_21:0.4824142496
u_22:0.3859355915
u_23:0.3424112536
u_24:0.2599624589
u_25:0.2196013141
u_26:0.2134241724
u_27:0.2293380464
u_28:0.1552295248
u_29:0.07318178177
u_30:0.1640237265
u_31:0.1189050842
u_32:0.1609492249
u_33:0.2574782922
u_34:0.2424419582
u_35:0.3180585579
u_36:0.2514629292
u_37:0.3106759374
u_38:0.3236436814
u_39:0.3073165551
u_40:0.3290734104
u_41:0.2377067467
u_42:0.1837335487
u_43:0.2891781674
u_44:0.2950086572
u_45:0.364042023
u_46:0.3406396599
u_47:0.2142138434
u_48:0.2370182135
u_49:0.2414891675
u_50:0.2106846222
u_51:0.3045447074
u_52:0.3654508342
u_53:0.3995804514
u_54:0.6248171427
u_55:0.6060682026
u_56:0.6940503306
u_57:0.6698713404
u_58:0.7684840043
u_59:0.7018892201
u_60:0.8311787912
u_61:0.8376396925
u_62:0.878870003
u_63:0.937247925
u_64:0.9375694387
u_65:0.9442789114
u_66:0.964764486
u_67:0.9649219775
u_68:0.8535081066
u_69:0.8568876265
u_70:0.9046836549
u_71:0.9300784169
u_72:0.8401205828
u_73:0.8325400684
u_74:0.7378833507
u_75:0.7160753873
u_76:0.6905353458
u_77:0.5993057409
u_78:0.612163854
u_79:0.4997978763
u_80:0.3570327646
u_81:0.3801973437
u_82:0.4687202551
u_83:0.3926697308
u_84:0.295847686
u_85:0.191541905
u_86:0.2775226428
u_87:0.3394410052
u_88:0.2633431583
u_89:0.3133471075
u_90:0.3753233816
u_91:0.437367708
u_92:0.4206453614
u_93:0.3598236612
u_94:0.3551973003
u_95:0.2750270579
u_96:0.3834298042
u_97:0.1712849281
u_98:0.1986073554
u_99:0.1297196762
[Objective]
0.01141651921
