[Grid]
nodes:100
dt_0:0.02
dt_1:0.02
dt_2:0.02
dt_3:0.02
dt_4:0.02
dt_5:0.02
dt_6:0.02
dt_7:0.02
dt_8:0.02
dt_9:0.02
dt_10:0.02
dt_11:0.02
dt_12:0.02
dt_13:0.02
dt_14:0.02
dt_15:0.02
dt_16:0.02
dt_17:0.02
dt_18:0.02
dt_19:0.02
dt_20:0.02
dt_21:0.02
dt_22:0.02
dt_23:0.02
dt_24:0.02
dt_25:0.02
dt_26:0.02
dt_27:0.02
dt_28:0.02
dt_29:0.02
dt_30:0.02
dt_31:0.02
dt_32:0.02
dt_33:0.02
dt_34:0.02
dt_35:0.02
dt_36:0.02
dt_37:0.02
dt_38:0.02
dt_39:0.02
dt_40:0.02
dt_41:0.02
dt_42:0.02
dt_43:0.02
dt_44:0.02
dt_45:0.02
dt_46:0.02
dt_47:0.02
dt_48:0.02
dt_49:0.02
dt_50:0.02
dt_51:0.02
dt_52:0.02
dt_53:0.02
dt_54:0.02
dt_55:0.02
dt_56:0.02
dt_57:0.02
dt_58:0.02
dt_59:0.02
dt_60:0.02
dt_61:0.02
dt_62:0.02
dt_63:0.02
dt_64:0.02
dt_65:0.02
dt_66:0.02
dt_67:0.02
dt_68:0.02
dt_69:0.02
dt_70:0.02
dt_71:0.02
dt_72:0.02
dt_73:0.02
dt_74:0.02
dt_75:0.02
dt_76:0.02
dt_77:0.02
dt_78:0.02
dt_79:0.02
dt_80:0.02
dt_81:0.02
dt_82:0.02
dt_83:0.02
dt_84:0.02
dt_85:0.02
dt_86:0.02
dt_87:0.02
dt_88:0.02
dt_89:0.02
dt_90:0.02
dt_91:0.02
dt_92:0.02
dt_93:0.02
dt_94:0.02
dt_95:0.02
dt_96:0.02
dt_97:0.02
dt_98:0.02
dt_99:0.02
[Control]
u_0:0
u_1:0
u_2:0
u_3:0.1383674836
u_4:0.3823337663
u_5:0.5266261878
u_6:0.5870393827
u_7:0.7044648999
u_8:0.8196658642
u_9:0.8428823022
u_10:0.7834146399
u_11:0.8560834449
u_12:0.8473412706
u_13:0.8142890231
u_14:0.8008008784
u_15:0.8099201511
u_16:0.7993551586
u_17:0.6785109558
u_18:0.6453062859
u_19:0.6359410466
u_20:0.5890652529
u_21:0.586417231
u_22:0.5473765567
u_23:0.4660842094
u_24:0.4178610648
u_25:0.3434651841
u_26:0.320616242
u_27:0.2945645777
u_28:0.2729759244
u_29:0.2199974678
u_30:0.2128714498
u_31:0.2213248363
u_32:0.2614165139
u_33:0.2016397906
u_34:0.2177136913
u_35:0.2369063589
u_36:0.2318356239
u_37:0.2780590088
u_38:0.2772253148
u_39:0.3075003712
u_40:0.3234024504
u_41:0.3361267279
u_42:0.3529429152
u_43:0.3054544598
u_44:0.3174593163
u_45:0.31959139
u_46:0.2855629278
u_47:0.3163852771
u_48:0.2809052148
u_49:0.311602205
u_50:0.380185101
u_51:0.3626442818
u_52:0.4131053394
u_53:0.465850897
u_54:0.510032298
u_55:0.5291054034
u_56:0.620518121
u_57:0.6984958758
u_58:0.6773552392
u_59:0.7394181569
u_60:0.7244243195
u_61:0.7559362508
u_62:0.7914863032
u_63:0.7417632737
u_64:0.7395903772
u_65:0.7705836485
u_66:0.7902130358
u_67:0.8170792765
u_68:0.7995065127
u_69:0.8087174723
u_70:0.7854149903
u_71:0.8295775154
u_72:0.7961982295
u_73:0.7610541819
u_74:0.7201676887
u_75:0.7109238397
u_76:0.7237755572
u_77:0.7047871002
u_78:0.6690522017
u_79:0.5935564428
u_80:0.5474058477
u_81:0.5074806873
u_82:0.4329375117
u_83:0.4278749694
u_84:0.4109711079
u_85:0.4235674289
u_86:0.3565211029
u_87:0.335563207
u_88:0.3031096151
u_89:0.2304062152
u_90:0.2397992368
u_91:0.2181884528
u_92:0.2605811493
u_93:0.308699322
u_94:0.2814158442
u_95:0.2629901533
u_96:0.2651133144
u_97:0.2408599639
u_98:0.1468875829
u_99:0.1188840803
[Objective]
0.01152207988
