[Grid]
nodes:100
dt_0:0.02
dt_1:0.02
dt_2:0.02
dt_3:0.02
dt_4:0.02
dt_5:0.02
dt_6:0.02
dt_7:0.02
dt_8:0.02
dt_9:0.02
dt_10:0.02
dt_11:0.02
dt_12:0.02
dt_13:0.02
dt_14:0.02
dt_15:0.02
dt_16:0.02
dt_17:0.02
dt_18:0.02
dt_19:0.02
dt_20:0.02
dt_21:0.02
dt_22:0.02
dt_23:0.02
dt_24:0.02
dt_25:0.02
dt_26:0.02
dt_27:0.02
dt_28:0.02
dt_29:0.02
dt_30:0.02
dt_31:0.02
dt_32:0.02
dt_33:0.02
dt_34:0.02
dt_35:0.02
dt_36:0.02
dt_37:0.02
dt_38:0.02
dt_39:0.02
dt_40:0.02
dt_41:0.02
dt_42:0.02
dt_43:0.02
dt_44:0.02
dt_45:0.02
dt_46:0.02
dt_47:0.02
dt_48:0.02
dt_49:0.02
dt_50:0.02
dt_51:0.02
dt_52:0.02
dt_53:0.02
dt_54:0.02
dt_55:0.02
dt_56:0.02
dt_57:0.02
dt_58:0.02
dt_59:0.02
dt_60:0.02
dt_61:0.02
dt_62:0.02
dt_63:0.02
dt_64:0.02
dt_65:0.02
dt_66:0.02
dt_67:0.02
dt_68:0.02
dt_69:0.02
dt_70:0.02
dt_71:0.02
dt_72:0.02
dt_73:0.02
dt_74:0.02
dt_75:0.02
dt_76:0.02
dt_77:0.02
dt_78:0.02
dt_79:0.02
dt_80:0.02
dt_81:0.02
dt_82:0.02
dt_83:0.02
dt_84:0.02
dt_85:0.02
dt_86:0.02
dt_87:0.02
dt_88:0.02
dt_89:0.02
dt_90:0.02
dt_91:0.02
dt_92:0.02
dt_93:0.02
dt_94:0.02
dt_95:0.02
dt_96:0.02
dt_97:0.02
dt_98:0.02
dt_99:0.02
[Control]
u_0:0
u_1:0
u_2:0
u_3:0.1308305214
u_4:0.371269407
u_5:0.6248597287
u_6:0.6498861506
u_7:0.7254235433
u_8:0.7937953516
u_9:0.841132185
u_10:0.8960084538
u_11:0.9219517606
u_12:0.9316541415
u_13:0.8824707038
u_14:0.7904934569
u_15:0.7048904055
u_16:0.6857874022
u_17:0.6507731191
u_18:0.6182105816
u_19:0.6602405878
u_20:0.6651007723
u_21:0.6282371183
u_22:0.5191709309
u_23:0.5160551312
u_24:0.3221734601
u_25:0.3540668618
u_26:0.2899673343
u_27:0.2848368493
u_28:0.1933824232
u_29:0.1694982636
u_30:0.2296603813
u_31:0.1566469358
u_32:0.2065484771
u_33:0.2416243185
u_34:0.2417994349
u_35:0.2286499318
u_36:0.2450639767
u_37:0.3190286453
u_38:0.3072181886
u_39:0.2912250594
u_40:0.2621392199
u_41:0.268827834
u_42:0.302524946
u_43:0.3202948418
u_44:0.3098713161
u_45:0.3361062612
u_46:0.3324507415
u_47:0.2342352702
u_48:0.3028851776
u_49:0.3100601538
u_50:0.4050270921
u_51:0.408683962
u_52:0.3862942084
u_53:0.4511818919
u_54:0.4301032106
u_55:0.5458108584
u_56:0.6048668701
u_57:0.7148430483
u_58:0.7405322754
u_59:0.75211379
u_60:0.7747375928
u_61:0.7906723273
u_62:0.8462736534
u_63:0.8392886583
u_64:0.8346745696
u_65:0.829276682
u_66:0.784440248
u_67:0.722712262
u_68:0.8109863863
u_69:0.8227552746
u_70:0.8413119883
u_71:0.7984723057
u_72:0.7938664356
u_73:0.7708159149
u_74:0.7605880479
u_75:0.7046121005
u_76:0.700411794
u_77:0.6321699323
u_78:0.6467804877
u_79:0.6354992238
u_80:0.5755349006
u_81:0.5360514098
u_82:0.4796034781
u_83:0.4158674112
u_84:0.4444169002
u_85:0.3858643422
u_86:0.3204019119
u_87:0.3627190458
u_88:0.2755570079
u_89:0.2572268056
u_90:0.2491805421
u_91:0.2715209716
u_92:0.3236754559
u_93:0.2712721662
u_94:0.2739355614
u_95:0.2557891647
u_96:0.2023836458
u_97:0.1967108974
u_98:0.1650862989
u_99:0
[Objective]
0.01149191275
