[Grid]
nodes:100
dt_0:0.02
dt_1:0.02
dt_2:0.02
dt_3:0.02
dt_4:0.02
dt_5:0.02
dt_6:0.02
dt_7:0.02
dt_8:0.02
dt_9:0.02
dt_10:0.02
dt_11:0.02
dt_12:0.02
dt_13:0.02
dt_14:0.02
dt_15:0.02
dt_16:0.02
dt_17:0.02
dt_18:0.02
dt_19:0.02
dt_20:0.02
dt_21:0.02
dt_22:0.02
dt_23:0.02
dt_24:0.02
dt_25:0.02
dt_26:0.02
dt_27:0.02
dt_28:0.02
dt_29:0.02
dt_30:0.02
dt_31:0.02
dt_32:0.02
dt_33:0.02
dt_34:0.02
dt_35:0.02
dt_36:0.02
dt_37:0.02
dt_38:0.02
dt_39:0.02
dt_40:0.02
dt_41:0.02
dt_42:0.02
dt_43:0.02
dt_44:0.02
dt_45:0.02
dt_46:0.02
dt_47:0.02
dt_48:0.02
dt_49:0.02
dt_50:0.02
dt_51:0.02
dt_52:0.02
dt_53:0.02
dt_54:0.02
dt_55:0.02
dt_56:0.02
dt_57:0.02
dt_58:0.02
dt_59:0.02
dt_60:0.02
dt_61:0.02
dt_62:0.02
dt_63:0.02
dt_64:0.02
dt_65:0.02
dt_66:0.02
dt_67:0.02
dt_68:0.02
dt_69:0.02
dt_70:0.02
dt_71:0.02
dt_72:0.02
dt_73:0.02
dt_74:0.02
dt_75:0.02
dt_76:0.02
dt_77:0.02
dt_78:0.02
dt_79:0.02
dt_80:0.02
dt_81:0.02
dt_82:0.02
dt_83:0.02
dt_84:0.02
dt_85:0.02
dt_86:0.02
dt_87:0.02
dt_88:0.02
dt_89:0.02
dt_90:0.02
dt_91:0.02
dt_92:0.02
dt_93:0.02
dt_94:0.02
dt_95:0.02
dt_96:0.02
dt_97:0.02
dt_98:0.02
dt_99:0.02
[Control]
u_0:0
u_1:0
u_2:0
u_3:0.1181258829
u_4:0.3526618596
u_5:0.5969315738
u_6:0.839574811
u_7:1
u_8:0.8874305349
u_9:0.9320885703
u_10:0.9181895605
u_11:0.9239350706
u_12:0.8312420542
u_13:0.8037781996
u_14:0.8339972967
u_15:0.7844342009
u_16:0.7624367979
u_17:0.7248788218
u_18:0.6738288591
u_19:0.6227204452
u_20:0.587957631
u_21:0.4901058525
u_22:0.4799512299
u_23:0.3825015352
u_24:0.3684559796
u_25:0.2307542066
u_26:0.2570336161
u_27:0.2693067536
u_28:0.2341787371
u_29:0.2610723276
u_30:0.2083339696
u_31:0.1837658231
u_32:0.1762943879
u_33:0.2161536761
u_34:0.1924604634
u_35:0.180875622
u_36:0.1923010341
u_37:0.2313581977
u_38:0.270536705
u_39:0.2769665197
u_40:0.3063600569
u_41:0.3324194556
u_42:0.3063218268
u_43:0.3081189957
u_44:0.3062988561
u_45:0.3119530218
u_46:0.3230816532
u_47:0.2693829412
u_48:0.2989158756
u_49:0.3108091598
u_50:0.3166451195
u_51:0.4088545234
u_52:0.4167764094
u_53:0.4211083611
u_54:0.452210788
u_55:0.4731282315
u_56:0.5674790556
u_57:0.7063462275
u_58:0.7328965613
u_59:0.8463302166
u_60:0.8355504415
u_61:0.9185246121
u_62:0.9647339836
u_63:0.8907738301
u_64:0.8589318086
u_65:0.8156125957
u_66:0.8530081103
u_67:0.8629054528
u_68:0.7934960838
u_69:0.8174848373
u_70:0.7715217181
u_71:0.805359477
u_72:0.8507804875
u_73:0.7778546258
u_74:0.760958207
u_75:0.7302296297
u_76:0.6850292871
u_77:0.6530566507
u_78:0.5716905066
u_79:0.5547239417
u_80:0.5196882744
u_81:0.519864721
u_82:0.4429621578
u_83:0.4362820405
u_84:0.3702946653
u_85:0.3532491385
u_86:0.3443488178
u_87:0.3942896525
u_88:0.2744152919
u_89:0.3271085375
u_90:0.2942040501
u_91:0.317471606
u_92:0.3005483897
u_93:0.2881928901
u_94:0.2515850432
u_95:0.2779956098
u_96:0.2348788034
u_97:0.1787107573
u_98:0.08732579833
u_99:0.1036329055
[Objective]
0.01146705257
