[Grid]
nodes:100
dt_0:0.02
dt_1:0.02
dt_2:0.02
dt_3:0.02
dt_4:0.02
dt_5:0.02
dt_6:0.02
dt_7:0.02
dt_8:0.02
dt_9:0.02
dt_10:0.02
dt_11:0.02
dt_12:0.02
dt_13:0.02
dt_14:0.02
dt_15:0.02
dt_16:0.02
dt_17:0.02
dt_18:0.02
dt_19:0.02
dt_20:0.02
dt_21:0.02
dt_22:0.02
dt_23:0.02
dt_24:0.02
dt_25:0.02
dt_26:0.02
dt_27:0.02
dt_28:0.02
dt_29:0.02
dt_30:0.02
dt_31:0.02
dt_32:0.02
dt_33:0.02
dt_34:0.02
dt_35:0.02
dt_36:0.02
dt_37:0.02
dt_38:0.02
dt_39:0.02
dt_40:0.02
dt_41:0.02
dt_42:0.02
dt_43:0.02
dt_44:0.02
dt_45:0.02
dt_46:0.02
dt_47:0.02
dt_48:0.02
dt_49:0.02
dt_50:0.02
dt_51:0.02
dt_52:0.02
dt_53:0.02
dt_54:0.02
dt_55:0.02
dt_56:0.02
dt_57:0.02
dt_58:0.02
dt_59:0.02
dt_60:0.02
dt_61:0.02
dt_62:0.02
dt_63:0.02
dt_64:0.02
dt_65:0.02
dt_66:0.02
dt_67:0.02
dt_68:0.02
dt_69:0.02
dt_70:0.02
dt_71:0.02
dt_72:0.02
dt_73:0.02
dt_74:0.02
dt_75:0.02
dt_76:0.02
dt_77:0.02
dt_78:0.02
dt_79:0.02
dt_80:0.02
dt_81:0.02
dt_82:0.02
dt_83:0.02
dt_84:0.02
dt_85:0.02
dt_86:0.02
dt_87:0.02
dt_88:0.02
dt_89:0.02
dt_90:0.02
dt_91:0.02
dt_92:0.02
dt_93:0.02
dt_94:0.02
dt_95:0.02
dt_96:0.02
dt_97:0.02
dt_98:0.02
dt_99:0.02
[Control]
u_0:0
u_1:0
u_2:0
u_3:0.1139047377
u_4:0.3464888422
u_5:0.5876957183
u_6:0.8256043753
u_7:1
u_8:1
u_9:1
u_10:1
u_11:1
u_12:1
u_13:1
u_14:0.788872932
u_15:0.921209085
u_16:0.8403032036
u_17:0.8170880597
u_18:0.6648162625
u_19:0.5696341892
u_20:0.467478399
u_21:0.5152017116
u_22:0.5995999358
u_23:0.483697489
u_24:0.3735137812
u_25:0.2679889754
u_26:0.1666028587
u_27:0.06901886101
u_28:0
u_29:0
u_30:0
u_31:0
u_32:0.2692321947
u_33:0.2654022832
u_34:0.05681836047
u_35:0.1569522981
u_36:0.2716585799
u_37:0.03519570067
u_38:0.2592438843
u_39:0.647261262
u_40:0.685364274
u_41:0.6491965244
u_42:0.4758005082
u_43:0.5965301749
u_44:0.312476515
u_45:0.2097216567
u_46:0.1114654149
u_47:0
u_48:0
u_49:0.1643691312
u_50:0.2369715482
u_51:0.3022324054
u_52:0.2488982873
u_53:0.3631934165
u_54:0.3967561369
u_55:0.5138196485
u_56:0.7187312586
u_57:0.679565465
u_58:0.8384785439
u_59:0.9874147989
u_60:1
u_61:1
u_62:1
u_63:0.646778142
u_64:0.6447031635
u_65:0.902789762
u_66:0.676550269
u_67:0.5713439406
u_68:0.8496255927
u_69:1
u_70:1
u_71:1
u_72:1
u_73:0.7920644961
u_74:0.9334069155
u_75:0.8540387101
u_76:0.826930447
u_77:0.6668463846
u_78:0.5611095806
u_79:0.4466193609
u_80:0.4810547903
u_81:0.5519510582
u_82:0.4230169608
u_83:0.3009214728
u_84:0.1852312098
u_85:0.07603200904
u_86:0
u_87:0
u_88:0.009045221042
u_89:0.1203619664
u_90:0.3140997922
u_91:0.3134688164
u_92:0.6081445882
u_93:0.590907868
u_94:0.6164801834
u_95:0.6820754286
u_96:0.6545045563
u_97:0.6360563358
u_98:0.5120790025
u_99:0.1923727005
[Objective]
0.01116696139
