[Grid]
nodes:100
dt_0:0.02
dt_1:0.02
dt_2:0.02
dt_3:0.02
dt_4:0.02
dt_5:0.02
dt_6:0.02
dt_7:0.02
dt_8:0.02
dt_9:0.02
dt_10:0.02
dt_11:0.02
dt_12:0.02
dt_13:0.02
dt_14:0.02
dt_15:0.02
dt_16:0.02
dt_17:0.02
dt_18:0.02
dt_19:0.02
dt_20:0.02
dt_21:0.02
dt_22:0.02
dt_23:0.02
dt_24:0.02
dt_25:0.02
dt_26:0.02
dt_27:0.02
dt_28:0.02
dt_29:0.02
dt_30:0.02
dt_31:0.02
dt_32:0.02
dt_33:0.02
dt_34:0.02
dt_35:0.02
dt_36:0.02
dt_37:0.02
dt_38:0.02
dt_39:0.02
dt_40:0.02
dt_41:0.02
dt_42:0.02
dt_43:0.02
dt_44:0.02
dt_45:0.02
dt_46:0.02
dt_47:0.02
dt_48:0.02
dt_49:0.02
dt_50:0.02
dt_51:0.02
dt_52:0.02
dt_53:0.02
dt_54:0.02
dt_55:0.02
dt_56:0.02
dt_57:0.02
dt_58:0.02
dt_59:0.02
dt_60:0.02
dt_61:0.02
dt_62:0.02
dt_63:0.02
dt_64:0.02
dt_65:0.02
dt_66:0.02
dt_67:0.02
dt_68:0.02
dt_69:0.02
dt_70:0.02
dt_71:0.02
dt_72:0.02
dt_73:0.02
dt_74:0.02
dt_75:0.02
dt_76:0.02
dt_77:0.02
dt_78:0.02
dt_79:0.02
dt_80:0.02
dt_81:0.02
dt_82:0.02
dt_83:0.02
dt_84:0.02
dt_85:0.02
dt_86:0.02
dt_87:0.02
dt_88:0.02
dt_89:0.02
dt_90:0.02
dt_91:0.02
dt_92:0.02
dt_93:0.02
dt_94:0.02
dt_95:0.02
dt_96:0.02
dt_97:0.02
dt_98:0.02
dt_99:0.02
[Control]
u_0:0
u_1:0
u_2:0
u_3:0.1228092673
u_4:0.3595174696
u_5:0.6072080849
u_6:0.8551787002
u_7:0.7646862124
u_8:0.8609570812
u_9:0.9100271333
u_10:0.9048450204
u_11:0.9311252554
u_12:0.8981469131
u_13:0.8301493497
u_14:0.7968836048
u_15:0.7579305734
u_16:0.7288754852
u_17:0.697240441
u_18:0.6507335085
u_19:0.5912512704
u_20:0.6321561498
u_21:0.5709325507
u_22:0.4619970541
u_23:0.4823287418
u_24:0.3558766022
u_25:0.2931611312
u_26:0.2681102882
u_27:0.2484094927
u_28:0.234935787
u_29:0.2091655149
u_30:0.2065470315
u_31:0.1950046223
u_32:0.1851677437
u_33:0.1983951968
u_34:0.2361473788
u_35:0.2225576753
u_36:0.2005158635
u_37:0.2673185341
u_38:0.2608251265
u_39:0.2760296864
u_40:0.3062327084
u_41:0.3398739465
u_42:0.2241704238
u_43:0.332924697
u_44:0.3292315292
u_45:0.3429027184
u_46:0.3352474839
u_47:0.3021882656
u_48:0.2708997567
u_49:0.2644237832
u_50:0.3444051528
u_51:0.4026638734
u_52:0.4292371138
u_53:0.45438822
u_54:0.4828873951
u_55:0.3974403539
u_56:0.630474494
u_57:0.6984774274
u_58:0.7297323396
u_59:0.7890794017
u_60:0.8607071844
u_61:0.8800453979
u_62:0.8540276815
u_63:0.8756175748
u_64:0.8572521804
u_65:0.8581403943
u_66:0.8030524696
u_67:0.8071744393
u_68:0.82691675
u_69:0.7939119043
u_70:0.8253443864
u_71:0.8115962089
u_72:0.7737258113
u_73:0.7482931784
u_74:0.7672923877
u_75:0.7554214828
u_76:0.6332109961
u_77:0.6771380011
u_78:0.649882851
u_79:0.5773134997
u_80:0.5434506465
u_81:0.4820588055
u_82:0.494115456
u_83:0.3941057006
u_84:0.3998011128
u_85:0.4102630742
u_86:0.380474517
u_87:0.299433944
u_88:0.335166541
u_89:0.3173580913
u_90:0.2600751087
u_91:0.2511120775
u_92:0.2844984714
u_93:0.319561746
u_94:0.2661145981
u_95:0.2225610591
u_96:0.2843008243
u_97:0.1823738727
u_98:0.1167422748
u_99:0.003314655362
[Objective]
0.01147905165
