[Grid]
nodes:100
dt_0:0.02
dt_1:0.02
dt_2:0.02
dt_3:0.02
dt_4:0.02
dt_5:0.02
dt_6:0.02
dt_7:0.02
dt_8:0.02
dt_9:0.02
dt_10:0.02
dt_11:0.02
dt_12:0.02
dt_13:0.02
dt_14:0.02
dt_15:0.02
dt_16:0.02
dt_17:0.02
dt_18:0.02
dt_19:0.02
dt_20:0.02
dt_21:0.02
dt_22:0.02
dt_23:0.02
dt_24:0.02
dt_25:0.02
dt_26:0.02
dt_27:0.02
dt_28:0.02
dt_29:0.02
dt_30:0.02
dt_31:0.02
dt_32:0.02
dt_33:0.02
dt_34:0.02
dt_35:0.02
dt_36:0.02
dt_37:0.02
dt_38:0.02
dt_39:0.02
dt_40:0.02
dt_41:0.02
dt_42:0.02
dt_43:0.02
dt_44:0.02
dt_45:0.02
dt_46:0.02
dt_47:0.02
dt_48:0.02
dt_49:0.02
dt_50:0.02
dt_51:0.02
dt_52:0.02
dt_53:0.02
dt_54:0.02
dt_55:0.02
dt_56:0.02
dt_57:0.02
dt_58:0.02
dt_59:0.02
dt_60:0.02
dt_61:0.02
dt_62:0.02
dt_63:0.02
dt_64:0.02
dt_65:0.02
dt_66:0.02
dt_67:0.02
dt_68:0.02
dt_69:0.02
dt_70:0.02
dt_71:0.02
dt_72:0.02
dt_73:0.02
dt_74:0.02
dt_75:0.02
dt_76:0.02
dt_77:0.02
dt_78:0.02
dt_79:0.02
dt_80:0.02
dt_81:0.02
dt_82:0.02
dt_83:0.02
dt_84:0.02
dt_85:0.02
dt_86:0.02
dt_87:0.02
dt_88:0.02
dt_89:0.02
dt_90:0.02
dt_91:0.02
dt_92:0.02
dt_93:0.02
dt_94:0.02
dt_95:0.02
dt_96:0.02
dt_97:0.02
dt_98:0.02
dt_99:0.02
[Control]
u_0:0
u_1:0
u_2:0
u_3:0.1383623731
u_4:0.3823367232
u_5:0.4772089923
u_6:0.6363757865
u_7:0.7160767788
u_8:0.8294324629
u_9:0.8412377733
u_10:0.8577894385
u_11:0.8096266568
u_12:0.8025971527
u_13:0.819910935
u_14:0.8198855246
u_15:0.8059661787
u_16:0.8241420892
u_17:0.6627657718
u_18:0.6516762941
u_19:0.6383220823
u_20:0.6327291919
u_21:0.579453716
u_22:0.5364706096
u_23:0.4130065756
u_24:0.3987342808
u_25:0.3859465837
u_26:0.3711839086
u_27:0.2525031807
u_28:0.2282121562
u_29:0.2290900092
u_30:0.2362976441
u_31:0.2050451995
u_32:0.2441733522
u_33:0.1996979266
u_34:0.2077870621
u_35:0.2357714009
u_36:0.2774579024
u_37:0.2685724734
u_38:0.2604168803
u_39:0.3269734378
u_40:0.3051983564
u_41:0.3270600513
u_42:0.2834278856
u_43:0.3212649121
u_44:0.3703230744
u_45:0.3302350173
u_46:0.2989354107
u_47:0.2934803423
u_48:0.2920990041
u_49:0.3144737971
u_50:0.3674974106
u_51:0.37291253
u_52:0.4075254325
u_53:0.4660559349
u_54:0.4987258406
u_55:0.5728400758
u_56:0.567118225
u_57:0.6465171378
u_58:0.7084178949
u_59:0.7677391131
u_60:0.741100805
u_61:0.767618859
u_62:0.7581271834
u_63:0.8130982036
u_64:0.7508907295
u_65:0.7577408695
u_66:0.7867001103
u_67:0.7550288613
u_68:0.7995219005
u_69:0.8510545291
u_70:0.8081471089
u_71:0.822585791
u_72:0.8005712833
u_73:0.729023533
u_74:0.7358057529
u_75:0.7163889965
u_76:0.6871956005
u_77:0.7230760206
u_78:0.6277179342
u_79:0.6712276909
u_80:0.5526450751
u_81:0.4865587161
u_82:0.4383861349
u_83:0.4388879963
u_84:0.425446695
u_85:0.4095757565
u_86:0.3754760178
u_87:0.2996685826
u_88:0.3064105317
u_89:0.2743794931
u_90:0.2197808641
u_91:0.2486128178
u_92:0.2350266758
u_93:0.3099686771
u_94:0.239255986
u_95:0.283925457
u_96:0.2364459765
u_97:0.2256228235
u_98:0.1405005575
u_99:0.1480030869
[Objective]
0.01151732977
