[Grid]
nodes:100
dt_0:0.02
dt_1:0.02
dt_2:0.02
dt_3:0.02
dt_4:0.02
dt_5:0.02
dt_6:0.02
dt_7:0.02
dt_8:0.02
dt_9:0.02
dt_10:0.02
dt_11:0.02
dt_12:0.02
dt_13:0.02
dt_14:0.02
dt_15:0.02
dt_16:0.02
dt_17:0.02
dt_18:0.02
dt_19:0.02
dt_20:0.02
dt_21:0.02
dt_22:0.02
dt_23:0.02
dt_24:0.02
dt_25:0.02
dt_26:0.02
dt_27:0.02
dt_28:0.02
dt_29:0.02
dt_30:0.02
dt_31:0.02
dt_32:0.02
dt_33:0.02
dt_34:0.02
dt_35:0.02
dt_36:0.02
dt_37:0.02
dt_38:0.02
dt_39:0.02
dt_40:0.02
dt_41:0.02
dt_42:0.02
dt_43:0.02
dt_44:0.02
dt_45:0.02
dt_46:0.02
dt_47:0.02
dt_48:0.02
dt_49:0.02
dt_50:0.02
dt_51:0.02
dt_52:0.02
dt_53:0.02
dt_54:0.02
dt_55:0.02
dt_56:0.02
dt_57:0.02
dt_58:0.02
dt_59:0.02
dt_60:0.02
dt_61:0.02
dt_62:0.02
dt_63:0.02
dt_64:0.02
dt_65:0.02
dt_66:0.02
dt_67:0.02
dt_68:0.02
dt_69:0.02
dt_70:0.02
dt_71:0.02
dt_72:0.02
dt_73:0.02
dt_74:0.02
dt_75:0.02
dt_76:0.02
dt_77:0.02
dt_78:0.02
dt_79:0.02
dt_80:0.02
dt_81:0.02
dt_82:0.02
dt_83:0.02
dt_84:0.02
dt_85:0.02
dt_86:0.02
dt_87:0.02
dt_88:0.02
dt_89:0.02
dt_90:0.02
dt_91:0.02
dt_92:0.02
dt_93:0.02
dt_94:0.02
dt_95:0.02
dt_96:0.02
dt_97:0.02
dt_98:0.02
dt_99:0.02
[Control]
u_0:0
u_1:0
u_2:0
u_3:0.1143607353
u_4:0.3471554988
u_5:0.5886926029
u_6:0.8271107507
u_7:1
u_8:1
u_9:1
u_10:1
u_11:1
u_12:1
u_13:0.8621502715
u_14:0.8595361832
u_15:0.8448661344
u_16:0.7392141431
u_17:0.6769216595
u_18:0.7344002613
u_19:0.6316927358
u_20:0.5820114166
u_21:0.4849351589
u_22:0.4190565788
u_23:0.303739057
u_24:0.3405138872
u_25:0.1676550411
u_26:0.178823774
u_27:0.07382878759
u_28:0
u_29:0
u_30:0.09204907148
u_31:0.1103947462
u_32:0.319745609
u_33:0.09464819001
u_34:0.3162129064
u_35:0.1596882917
u_36:0.1891726266
u_37:0.37771986
u_38:0.4182217495
u_39:0.4669033777
u_40:0.3961186429
u_41:0.5423731223
u_42:0.4267544666
u_43:0.3411446876
u_44:0.2864378476
u_45:0.1734133071
u_46:0
u_47:0
u_48:0.2402287356
u_49:0.2482979586
u_50:0.1625525989
u_51:0.2913972165
u_52:0.2874707163
u_53:0.3964699012
u_54:0.5699284728
u_55:0.4670406336
u_56:0.6395155006
u_57:0.8181602367
u_58:0.9208552541
u_59:1
u_60:1
u_61:0.8117946479
u_62:0.6799374518
u_63:0.717778993
u_64:0.7644430446
u_65:0.7702794785
u_66:0.8214345459
u_67:0.9958038178
u_68:1
u_69:1
u_70:1
u_71:1
u_72:0.8369881695
u_73:0.8566901632
u_74:0.8529193048
u_75:0.7499584674
u_76:0.6843922363
u_77:0.7342543095
u_78:0.6207991332
u_79:0.5581675601
u_80:0.4466554182
u_81:0.3653920105
u_82:0.2340969756
u_83:0.1321680708
u_84:0.1781361608
u_85:0.3515264221
u_86:0.0892669211
u_87:0.2044374312
u_88:0.08412246525
u_89:0.2591597457
u_90:0.3830228575
u_91:0.4294803214
u_92:0.4506840002
u_93:0.4478042626
u_94:0.4733856161
u_95:0.6329253277
u_96:0.498210569
u_97:0.5884878482
u_98:0.2581471674
u_99:0.06622231861
[Objective]
0.01129919467
