[Grid]
nodes:100
dt_0:0.02
dt_1:0.02
dt_2:0.02
dt_3:0.02
dt_4:0.02
dt_5:0.02
dt_6:0.02
dt_7:0.02
dt_8:0.02
dt_9:0.02
dt_10:0.02
dt_11:0.02
dt_12:0.02
dt_13:0.02
dt_14:0.02
dt_15:0.02
dt_16:0.02
dt_17:0.02
dt_18:0.02
dt_19:0.02
dt_20:0.02
dt_21:0.02
dt_22:0.02
dt_23:0.02
dt_24:0.02
dt_25:0.02
dt_26:0.02
dt_27:0.02
dt_28:0.02
dt_29:0.02
dt_30:0.02
dt_31:0.02
dt_32:0.02
dt_33:0.02
dt_34:0.02
dt_35:0.02
dt_36:0.02
dt_37:0.02
dt_38:0.02
dt_39:0.02
dt_40:0.02
dt_41:0.02
dt_42:0.02
dt_43:0.02
dt_44:0.02
dt_45:0.02
dt_46:0.02
dt_47:0.02
dt_48:0.02
dt_49:0.02
dt_50:0.02
dt_51:0.02
dt_52:0.02
dt_53:0.02
dt_54:0.02
dt_55:0.02
dt_56:0.02
dt_57:0.02
dt_58:0.02
dt_59:0.02
dt_60:0.02
dt_61:0.02
dt_62:0.02
dt_63:0.02
dt_64:0.02
dt_65:0.02
dt_66:0.02
dt_67:0.02
dt_68:0.02
dt_69:0.02
dt_70:0.02
dt_71:0.02
dt_72:0.02
dt_73:0.02
dt_74:0.02
dt_75:0.02
dt_76:0.02
dt_77:0.02
dt_78:0.02
dt_79:0.02
dt_80:0.02
dt_81:0.02
dt_82:0.02
dt_83:0.02
dt_84:0.02
dt_85:0.02
dt_86:0.02
dt_87:0.02
dt_88:0.02
dt_89:0.02
dt_90:0.02
dt_91:0.02
dt_92:0.02
dt_93:0.02
dt_94:0.02
dt_95:0.02
dt_96:0.02
dt_97:0.02
dt_98:0.02
dt_99:0.02
[Control]
u_0:0
u_1:0
u_2:0
u_3:0.1131541259
u_4:0.3453922614
u_5:0.5860566639
u_6:0.823126137
u_7:1
u_8:1
u_9:1
u_10:1
u_11:1
u_12:1
u_13:1
u_14:1
u_15:1
u_16:1
u_17:0.5098972402
u_18:0.9857403404
u_19:0.8774077242
u_20:0.7715464336
u_21:0.6669258614
u_22:0.5631773454
u_23:0.4604479279
u_24:0.35918606
u_25:0.2599924188
u_26:0.1635001698
u_27:0.07025772094
u_28:0
u_29:0
u_30:0
u_31:0
u_32:0
u_33:0
u_34:0
u_35:0.373632656
u_36:0.09613878009
u_37:0.3496037948
u_38:0.8079449008
u_39:0
u_40:0.3795008271
u_41:0.2636917712
u_42:0.8553801726
u_43:1
u_44:0.6060242357
u_45:0.6970471419
u_46:0.0733814614
u_47:0
u_48:0
u_49:0
u_50:0
u_51:0
u_52:0.506699992
u_53:0.07638399822
u_54:0.2350030721
u_55:0.3933598683
u_56:0.5502552108
u_57:0.7038023742
u_58:0.8518617807
u_59:0.9924051213
u_60:1
u_61:1
u_62:1
u_63:1
u_64:1
u_65:0.6959266472
u_66:0.8366322497
u_67:0.2891152844
u_68:0.5523769743
u_69:0.2639336173
u_70:1
u_71:1
u_72:1
u_73:1
u_74:1
u_75:1
u_76:0.5291740528
u_77:0.9940988175
u_78:0.8732474172
u_79:0.7538709192
u_80:0.6353515547
u_81:0.5179501855
u_82:0.402471247
u_83:0.2900637108
u_84:0.1820933597
u_85:0.08005290871
u_86:0
u_87:0
u_88:0
u_89:0
u_90:0
u_91:0
u_92:0.4886278972
u_93:0.2628367274
u_94:1
u_95:1
u_96:0.610212381
u_97:0.9343858718
u_98:0.6934076246
u_99:0.5520935228
[Objective]
0.01074846151
