[Grid]
nodes:100
dt_0:0.02
dt_1:0.02
dt_2:0.02
dt_3:0.02
dt_4:0.02
dt_5:0.02
dt_6:0.02
dt_7:0.02
dt_8:0.02
dt_9:0.02
dt_10:0.02
dt_11:0.02
dt_12:0.02
dt_13:0.02
dt_14:0.02
dt_15:0.02
dt_16:0.02
dt_17:0.02
dt_18:0.02
dt_19:0.02
dt_20:0.02
dt_21:0.02
dt_22:0.02
dt_23:0.02
dt_24:0.02
dt_25:0.02
dt_26:0.02
dt_27:0.02
dt_28:0.02
dt_29:0.02
dt_30:0.02
dt_31:0.02
dt_32:0.02
dt_33:0.02
dt_34:0.02
dt_35:0.02
dt_36:0.02
dt_37:0.02
dt_38:0.02
dt_39:0.02
dt_40:0.02
dt_41:0.02
dt_42:0.02
dt_43:0.02
dt_44:0.02
dt_45:0.02
dt_46:0.02
dt_47:0.02
dt_48:0.02
dt_49:0.02
dt_50:0.02
dt_51:0.02
dt_52:0.02
dt_53:0.02
dt_54:0.02
dt_55:0.02
dt_56:0.02
dt_57:0.02
dt_58:0.02
dt_59:0.02
dt_60:0.02
dt_61:0.02
dt_62:0.02
dt_63:0.02
dt_64:0.02
dt_65:0.02
dt_66:0.02
dt_67:0.02
dt_68:0.02
dt_69:0.02
dt_70:0.02
dt_71:0.02
dt_72:0.02
dt_73:0.02
dt_74:0.02
dt_75:0.02
dt_76:0.02
dt_77:0.02
dt_78:0.02
dt_79:0.02
dt_80:0.02
dt_81:0.02
dt_82:0.02
dt_83:0.02
dt_84:0.02
dt_85:0.02
dt_86:0.02
dt_87:0.02
dt_88:0.02
dt_89:0.02
dt_90:0.02
dt_91:0.02
dt_92:0.02
dt_93:0.02
dt_94:0.02
dt_95:0.02
dt_96:0.02
dt_97:0.02
dt_98:0.02
dt_99:0.02
[Control]
u_0:0
u_1:0
u_2:0
u_3:0.1143872212
u_4:0.3471942194
u_5:0.5887505042
u_6:0.827198256
u_7:1
u_8:1
u_9:1
u_10:1
u_11:1
u_12:1
u_13:0.8145010798
u_14:0.8572599808
u_15:0.9125841058
u_16:0.7206413163
u_17:0.7418202833
u_18:0.6558630502
u_19:0.6870655578
u_20:0.5966054434
u_21:0.4645639029
u_22:0.370098443
u_23:0.3881486765
u_24:0.2761355636
u_25:0.281923522
u_26:0.1742245763
u_27:0.07173439391
u_28:0
u_29:0
u_30:0
u_31:0.2224773731
u_32:0.203564911
u_33:0.2063034221
u_34:0.2014585735
u_35:0.2188107886
u_36:0.08725440705
u_37:0.3457092235
u_38:0.4193959964
u_39:0.4474116481
u_40:0.4993746045
u_41:0.5746871659
u_42:0.5210737782
u_43:0.3320843386
u_44:0.3004207492
u_45:0.1406011351
u_46:0.006370754561
u_47:0
u_48:0.1700243206
u_49:0.2364193618
u_50:0.3009109364
u_51:0.2446196678
u_52:0.2139124568
u_53:0.3824239626
u_54:0.5600496498
u_55:0.5719528698
u_56:0.5218339017
u_57:0.807546837
u_58:0.9522849544
u_59:1
u_60:1
u_61:0.9000552692
u_62:0.7045895715
u_63:0.631741566
u_64:0.7395951573
u_65:0.7953932239
u_66:0.8037051914
u_67:0.9432979296
u_68:0.9678897532
u_69:1
u_70:1
u_71:1
u_72:0.7911222979
u_73:0.8556020806
u_74:0.9214441326
u_75:0.7319558937
u_76:0.7497265302
u_77:0.6560960228
u_78:0.6765616945
u_79:0.5732312655
u_80:0.4269160375
u_81:0.3173355535
u_82:0.3198218549
u_83:0.1919814323
u_84:0.1815688872
u_85:0.1769735471
u_86:0.1868502494
u_87:0.1097665039
u_88:0.1686875211
u_89:0.1160864565
u_90:0.3583088677
u_91:0.4157616061
u_92:0.573899842
u_93:0.4123006247
u_94:0.5689354705
u_95:0.5376142065
u_96:0.540817435
u_97:0.6259540538
u_98:0.356010958
u_99:0.06226136783
[Objective]
0.01127881036
