[Grid]
nodes:100
dt_0:0.02
dt_1:0.02
dt_2:0.02
dt_3:0.02
dt_4:0.02
dt_5:0.02
dt_6:0.02
dt_7:0.02
dt_8:0.02
dt_9:0.02
dt_10:0.02
dt_11:0.02
dt_12:0.02
dt_13:0.02
dt_14:0.02
dt_15:0.02
dt_16:0.02
dt_17:0.02
dt_18:0.02
dt_19:0.02
dt_20:0.02
dt_21:0.02
dt_22:0.02
dt_23:0.02
dt_24:0.02
dt_25:0.02
dt_26:0.02
dt_27:0.02
dt_28:0.02
dt_29:0.02
dt_30:0.02
dt_31:0.02
dt_32:0.02
dt_33:0.02
dt_34:0.02
dt_35:0.02
dt_36:0.02
dt_37:0.02
dt_38:0.02
dt_39:0.02
dt_40:0.02
dt_41:0.02
dt_42:0.02
dt_43:0.02
dt_44:0.02
dt_45:0.02
dt_46:0.02
dt_47:0.02
dt_48:0.02
dt_49:0.02
dt_50:0.02
dt_51:0.02
dt_52:0.02
dt_53:0.02
dt_54:0.02
dt_55:0.02
dt_56:0.02
dt_57:0.02
dt_58:0.02
dt_59:0.02
dt_60:0.02
dt_61:0.02
dt_62:0.02
dt_63:0.02
dt_64:0.02
dt_65:0.02
dt_66:0.02
dt_67:0.02
dt_68:0.02
dt_69:0.02
dt_70:0.02
dt_71:0.02
dt_72:0.02
dt_73:0.02
dt_74:0.02
dt_75:0.02
dt_76:0.02
dt_77:0.02
dt_78:0.02
dt_79:0.02
dt_80:0.02
dt_81:0.02
dt_82:0.02
dt_83:0.02
dt_84:0.02
dt_85:0.02
dt_86:0.02
dt_87:0.02
dt_88:0.02
dt_89:0.02
dt_90:0.02
dt_91:0.02
dt_92:0.02
dt_93:0.02
dt_94:0.02
dt_95:0.02
dt_96:0.02
dt_97:0.02
dt_98:0.02
dt_99:0.02
[Control]
u_0:0
u_1:0
u_2:0
u_3:0.1136431231
u_4:0.3461063669
u_5:0.5871237838
u_6:0.8247401453
u_7:1
u_8:1
u_9:1
u_10:1
u_11:1
u_12:1
u_13:1
u_14:1
u_15:0.801895528
u_16:0.938529077
u_17:0.6583673829
u_18:0.7630059653
u_19:0.4502552131
u_20:0.5595730808
u_21:0.7042615347
u_22:0.5874526261
u_23:0.4761170387
u_24:0.3690859314
u_25:0.2659039026
u_26:0.1664828262
u_27:0.070843545
u_28:0
u_29:0
u_30:0
u_31:0
u_32:0
u_33:0.182519393
u_34:0.2592321833
u_35:0.2239499458
u_36:0.1576753302
u_37:0.191077592
u_38:0.05119272102
u_39:0.6571081188
u_40:0.744860307
u_41:0.5404380594
u_42:0.6593669341
u_43:0.4895684473
u_44:0.5427417618
u_45:0.2049896496
u_46:0.1087584457
u_47:0
u_48:0
u_49:0
u_50:0.1557385454
u_51:0.3057507287
u_52:0.3199211265
u_53:0.3498036297
u_54:0.410970306
u_55:0.61770457
u_56:0.5218545363
u_57:0.6866880213
u_58:0.8428814999
u_59:0.9899297796
u_60:1
u_61:1
u_62:1
u_63:0.6379016431
u_64:0.8512800755
u_65:0.8397653049
u_66:0.4973119923
u_67:0.5642815059
u_68:0.828986935
u_69:1
u_70:1
u_71:1
u_72:1
u_73:1
u_74:0.8152855306
u_75:0.9530498396
u_76:0.6687300273
u_77:0.765384773
u_78:0.4419701418
u_79:0.5388872574
u_80:0.6702524762
u_81:0.5399309517
u_82:0.4155759154
u_83:0.2966704141
u_84:0.1833925254
u_85:0.07627363063
u_86:0
u_87:0
u_88:0
u_89:0.02427753896
u_90:0.2279622949
u_91:0.3114316131
u_92:0.5648099014
u_93:0.779895723
u_94:0.6977616905
u_95:0.576413389
u_96:0.7818461387
u_97:0.6438133753
u_98:0.4951960887
u_99:0.2963233109
[Objective]
0.01111339247
