[Grid]
nodes:100
dt_0:0.02
dt_1:0.02
dt_2:0.02
dt_3:0.02
dt_4:0.02
dt_5:0.02
dt_6:0.02
dt_7:0.02
dt_8:0.02
dt_9:0.02
dt_10:0.02
dt_11:0.02
dt_12:0.02
dt_13:0.02
dt_14:0.02
dt_15:0.02
dt_16:0.02
dt_17:0.02
dt_18:0.02
dt_19:0.02
dt_20:0.02
dt_21:0.02
dt_22:0.02
dt_23:0.02
dt_24:0.02
dt_25:0.02
dt_26:0.02
dt_27:0.02
dt_28:0.02
dt_29:0.02
dt_30:0.02
dt_31:0.02
dt_32:0.02
dt_33:0.02
dt_34:0.02
dt_35:0.02
dt_36:0.02
dt_37:0.02
dt_38:0.02
dt_39:0.02
dt_40:0.02
dt_41:0.02
dt_42:0.02
dt_43:0.02
dt_44:0.02
dt_45:0.02
dt_46:0.02
dt_47:0.02
dt_48:0.02
dt_49:0.02
dt_50:0.02
dt_51:0.02
dt_52:0.02
dt_53:0.02
dt_54:0.02
dt_55:0.02
dt_56:0.02
dt_57:0.02
dt_58:0.02
dt_59:0.02
dt_60:0.02
dt_61:0.02
dt_62:0.02
dt_63:0.02
dt_64:0.02
dt_65:0.02
dt_66:0.02
dt_67:0.02
dt_68:0.02
dt_69:0.02
dt_70:0.02
dt_71:0.02
dt_72:0.02
dt_73:0.02
dt_74:0.02
dt_75:0.02
dt_76:0.02
dt_77:0.02
dt_78:0.02
dt_79:0.02
dt_80:0.02
dt_81:0.02
dt_82:0.02
dt_83:0.02
dt_84:0.02
dt_85:0.02
dt_86:0.02
dt_87:0.02
dt_88:0.02
dt_89:0.02
dt_90:0.02
dt_91:0.02
dt_92:0.02
dt_93:0.02
dt_94:0.02
dt_95:0.02
dt_96:0.02
dt_97:0.02
dt_98:0.02
dt_99:0.02
[Control]
u_0:0
u_1:0
u_2:0
u_3:0.1153217057
u_4:0.348560485
u_5:0.5907937423
u_6:0.8302862635
u_7:1
u_8:1
u_9:1
u_10:1
u_11:0.8563936869
u_12:0.9176622952
u_13:0.8910933928
u_14:0.8613054203
u_15:0.7967478968
u_16:0.7100056412
u_17:0.7326130292
u_18:0.6600909792
u_19:0.6186268539
u_20:0.6251742244
u_21:0.4810705736
u_22:0.4287280554
u_23:0.3383136596
u_24:0.2666935928
u_25:0.2046561438
u_26:0.1775850899
u_27:0.1674084055
u_28:0.101544499
u_29:0.1546398983
u_30:0.1126173882
u_31:0.1315853066
u_32:0.2110936221
u_33:0.1648548928
u_34:0.2726266047
u_35:0.3468757776
u_36:0.2833635774
u_37:0.2788881485
u_38:0.3438635323
u_39:0.3651699673
u_40:0.2990387572
u_41:0.2514712029
u_42:0.2231042363
u_43:0.2225801713
u_44:0.2927212259
u_45:0.3718446933
u_46:0.3508211523
u_47:0.2197935734
u_48:0.1802461747
u_49:0.2051101965
u_50:0.2591300125
u_51:0.2548833843
u_52:0.3372255672
u_53:0.4256475787
u_54:0.6035020274
u_55:0.6628055152
u_56:0.6410543184
u_57:0.7709204324
u_58:0.7273024953
u_59:0.7519755001
u_60:0.8146108314
u_61:0.829393394
u_62:0.8835917413
u_63:0.8707550012
u_64:0.9243912728
u_65:0.9435217017
u_66:0.9691199519
u_67:1
u_68:0.9050432429
u_69:0.8359187348
u_70:0.9482128935
u_71:0.8419930255
u_72:0.8742439253
u_73:0.8015219064
u_74:0.8093729458
u_75:0.7161026305
u_76:0.6471567141
u_77:0.668648401
u_78:0.6146074794
u_79:0.5025940649
u_80:0.3682251862
u_81:0.3268883601
u_82:0.4726266175
u_83:0.3195234029
u_84:0.3344153946
u_85:0.1385771327
u_86:0.2763132629
u_87:0.3783511434
u_88:0.2893502151
u_89:0.2780464415
u_90:0.3993587223
u_91:0.3502715839
u_92:0.3910557285
u_93:0.4235273563
u_94:0.3399870147
u_95:0.4051171425
u_96:0.3843382545
u_97:0.1922274262
u_98:0.1909880189
u_99:0.1188714037
[Objective]
0.01140704602
