[Grid]
nodes:100
dt_0:0.02
dt_1:0.02
dt_2:0.02
dt_3:0.02
dt_4:0.02
dt_5:0.02
dt_6:0.02
dt_7:0.02
dt_8:0.02
dt_9:0.02
dt_10:0.02
dt_11:0.02
dt_12:0.02
dt_13:0.02
dt_14:0.02
dt_15:0.02
dt_16:0.02
dt_17:0.02
dt_18:0.02
dt_19:0.02
dt_20:0.02
dt_21:0.02
dt_22:0.02
dt_23:0.02
dt_24:0.02
dt_25:0.02
dt_26:0.02
dt_27:0.02
dt_28:0.02
dt_29:0.02
dt_30:0.02
dt_31:0.02
dt_32:0.02
dt_33:0.02
dt_34:0.02
dt_35:0.02
dt_36:0.02
dt_37:0.02
dt_38:0.02
dt_39:0.02
dt_40:0.02
dt_41:0.02
dt_42:0.02
dt_43:0.02
dt_44:0.02
dt_45:0.02
dt_46:0.02
dt_47:0.02
dt_48:0.02
dt_49:0.02
dt_50:0.02
dt_51:0.02
dt_52:0.02
dt_53:0.02
dt_54:0.02
dt_55:0.02
dt_56:0.02
dt_57:0.02
dt_58:0.02
dt_59:0.02
dt_60:0.02
dt_61:0.02
dt_62:0.02
dt_63:0.02
dt_64:0.02
dt_65:0.02
dt_66:0.02
dt_67:0.02
dt_68:0.02
dt_69:0.02
dt_70:0.02
dt_71:0.02
dt_72:0.02
dt_73:0.02
dt_74:0.02
dt_75:0.02
dt_76:0.02
dt_77:0.02
dt_78:0.02
dt_79:0.02
dt_80:0.02
dt_81:0.02
dt_82:0.02
dt_83:0.02
dt_84:0.02
dt_85:0.02
dt_86:0.02
dt_87:0.02
dt_88:0.02
dt_89:0.02
dt_90:0.02
dt_91:0.02
dt_92:0.02
dt_93:0.02
dt_94:0.02
dt_95:0.02
dt_96:0.02
dt_97:0.02
dt_98:0.02
dt_99:0.02
[Control]
u_0:0
u_1:0
u_2:0
u_3:0.1172466122
u_4:0.3513753477
u_5:0.595004721
u_6:0.8366540533
u_7:1
u_8:1
u_9:0.8572349388
u_10:0.9374440788
u_11:0.916922077
u_12:0.8278580633
u_13:0.8327107628
u_14:0.8048178561
u_15:0.8041160857
u_16:0.7300653377
u_17:0.7262683649
u_18:0.7555586684
u_19:0.6167061648
u_20:0.5747475924
u_21:0.4699451701
u_22:0.4112813535
u_23:0.3947699161
u_24:0.279377567
u_25:0.3143610634
u_26:0.2528328209
u_27:0.2980673579
u_28:0.2148601357
u_29:0.2141722864
u_30:0.1774256964
u_31:0.2025594544
u_32:0.1853581885
u_33:0.2355885952
u_34:0.1959300332
u_35:0.151892549
u_36:0.1909386048
u_37:0.2394388364
u_38:0.2680830805
u_39:0.3074185971
u_40:0.2871042931
u_41:0.326001424
u_42:0.3087514586
u_43:0.314319508
u_44:0.3257284353
u_45:0.2773629014
u_46:0.2974664363
u_47:0.2633619275
u_48:0.2681845547
u_49:0.302949251
u_50:0.4005826598
u_51:0.4260489006
u_52:0.3870158618
u_53:0.3514211334
u_54:0.5220445829
u_55:0.5113619618
u_56:0.50746457
u_57:0.6669106106
u_58:0.7517980338
u_59:0.8245980697
u_60:0.8511609688
u_61:0.9845770741
u_62:0.9211933786
u_63:0.9623050133
u_64:0.8930442367
u_65:0.8386964892
u_66:0.8379737452
u_67:0.8139854933
u_68:0.8050307555
u_69:0.8163023928
u_70:0.8256539303
u_71:0.8048836781
u_72:0.8360203844
u_73:0.7559347977
u_74:0.7976320196
u_75:0.7747156761
u_76:0.6774388467
u_77:0.5945522218
u_78:0.5791156033
u_79:0.5435735295
u_80:0.5418410328
u_81:0.4606177336
u_82:0.4624604566
u_83:0.367080569
u_84:0.3757058431
u_85:0.3444160246
u_86:0.3950347189
u_87:0.3463794793
u_88:0.2476823543
u_89:0.3534657585
u_90:0.293962768
u_91:0.332764584
u_92:0.3187351407
u_93:0.3278320723
u_94:0.3383943626
u_95:0.2356702699
u_96:0.1422076278
u_97:0.1678587537
u_98:0.1821574855
u_99:0.1164244703
[Objective]
0.01145770473
