[Grid]
nodes:50
dt_0:0.04
dt_1:0.04
dt_2:0.04
dt_3:0.04
dt_4:0.04
dt_5:0.04
dt_6:0.04
dt_7:0.04
dt_8:0.04
dt_9:0.04
dt_10:0.04
dt_11:0.04
dt_12:0.04
dt_13:0.04
dt_14:0.04
dt_15:0.04
dt_16:0.04
dt_17:0.04
dt_18:0.04
dt_19:0.04
dt_20:0.04
dt_21:0.04
dt_22:0.04
dt_23:0.04
dt_24:0.04
dt_25:0.04
dt_26:0.04
dt_27:0.04
dt_28:0.04
dt_29:0.04
dt_30:0.04
dt_31:0.04
dt_32:0.04
dt_33:0.04
dt_34:0.04
dt_35:0.04
dt_36:0.04
dt_37:0.04
dt_38:0.04
dt_39:0.04
dt_40:0.04
dt_41:0.04
dt_42:0.04
dt_43:0.04
dt_44:0.04
dt_45:0.04
dt_46:0.04
dt_47:0.04
dt_48:0.04
dt_49:0.04
[Control]
u_0:0.2766497533
u_1:0.3796948976
u_2:0.493457927
u_3:0.6879787812
u_4:0.7007097805
u_5:0.5595071203
u_6:0.6118606339
u_7:0.585303324
u_8:0.558671104
u_9:0.4477850891
u_10:0.3763606371
u_11:0.4760775787
u_12:0.5654547426
u_13:0.5227314543
u_14:0.5307538977
u_15:0.5010110764
u_16:0.3564724709
u_17:0.4030232175
u_18:0.4501859879
u_19:0.4207284244
u_20:0.5427930355
u_21:0.6023014084
u_22:0.5518477476
u_23:0.5787512974
u_24:0.4537964941
u_25:0.3897883311
u_26:0.4320958793
u_27:0.3896797747
u_28:0.4846550011
u_29:0.3790430829
u_30:0.4041198933
u_31:0.3033791721
u_32:0.3095713831
u_33:0.2123652602
u_34:0.1835050784
u_35:0.1462067845
u_36:0.2265966525
u_37:0.3128692141
u_38:0.4034835155
u_39:0.4963015217
u_40:0.5889023468
u_41:0.6787873441
u_42:0.7635646432
u_43:0.8412011057
u_44:0.7990591557
u_45:0.7619727071
u_46:0.762785371
u_47:0.7517050217
u_48:0.7244835947
u_49:0.61480109
[Objective]
0.009279850941
