[Grid]
nodes:50
dt_0:0.04
dt_1:0.04
dt_2:0.04
dt_3:0.04
dt_4:0.04
dt_5:0.04
dt_6:0.04
dt_7:0.04
dt_8:0.04
dt_9:0.04
dt_10:0.04
dt_11:0.04
dt_12:0.04
dt_13:0.04
dt_14:0.04
dt_15:0.04
dt_16:0.04
dt_17:0.04
dt_18:0.04
dt_19:0.04
dt_20:0.04
dt_21:0.04
dt_22:0.04
dt_23:0.04
dt_24:0.04
dt_25:0.04
dt_26:0.04
dt_27:0.04
dt_28:0.04
dt_29:0.04
dt_30:0.04
dt_31:0.04
dt_32:0.04
dt_33:0.04
dt_34:0.04
dt_35:0.04
dt_36:0.04
dt_37:0.04
dt_38:0.04
dt_39:0.04
dt_40:0.04
dt_41:0.04
dt_42:0.04
dt_43:0.04
dt_44:0.04
dt_45:0.04
dt_46:0.04
dt_47:0.04
dt_48:0.04
dt_49:0.04
[Control]
u_0:0.2428032673
u_1:0.4216879572
u_2:0.5123081201
u_3:0.6180783589
u_4:0.5948488814
u_5:0.6170682214
u_6:0.5901332809
u_7:0.5788968392
u_8:0.5221239497
u_9:0.4785478122
u_10:0.4868291946
u_11:0.5189186318
u_12:0.4788302429
u_13:0.4850488109
u_14:0.5088201573
u_15:0.4913377585
u_16:0.4339233239
u_17:0.4450836937
u_18:0.3946482553
u_19:0.4929800977
u_20:0.52430472
u_21:0.5596668976
u_22:0.5162984762
u_23:0.5101351001
u_24:0.4750036857
u_25:0.4354941768
u_26:0.4358085275
u_27:0.4391785619
u_28:0.3929207879
u_29:0.408357621
u_30:0.4064810275
u_31:0.3029620795
u_32:0.2471012976
u_33:0.2302787913
u_34:0.2126899589
u_35:0.23502068
u_36:0.2561304955
u_37:0.3093829463
u_38:0.4020383197
u_39:0.4962260061
u_40:0.5901618529
u_41:0.6819679478
u_42:0.7334640434
u_43:0.7512940178
u_44:0.791697611
u_45:0.793537475
u_46:0.7760102448
u_47:0.7113211471
u_48:0.6923037052
u_49:0.6160367325
[Objective]
0.00930338519
