[Grid]
nodes:50
dt_0:0.04
dt_1:0.04
dt_2:0.04
dt_3:0.04
dt_4:0.04
dt_5:0.04
dt_6:0.04
dt_7:0.04
dt_8:0.04
dt_9:0.04
dt_10:0.04
dt_11:0.04
dt_12:0.04
dt_13:0.04
dt_14:0.04
dt_15:0.04
dt_16:0.04
dt_17:0.04
dt_18:0.04
dt_19:0.04
dt_20:0.04
dt_21:0.04
dt_22:0.04
dt_23:0.04
dt_24:0.04
dt_25:0.04
dt_26:0.04
dt_27:0.04
dt_28:0.04
dt_29:0.04
dt_30:0.04
dt_31:0.04
dt_32:0.04
dt_33:0.04
dt_34:0.04
dt_35:0.04
dt_36:0.04
dt_37:0.04
dt_38:0.04
dt_39:0.04
dt_40:0.04
dt_41:0.04
dt_42:0.04
dt_43:0.04
dt_44:0.04
dt_45:0.04
dt_46:0.04
dt_47:0.04
dt_48:0.04
dt_49:0.04
[Control]
u_0:0.3631692702
u_1:0.7547446829
u_2:0.6741518524
u_3:0.2938738769
u_4:0.4031129014
u_5:0.8451864658
u_6:0.9026323338
u_7:0.7585897806
u_8:0.5548505678
u_9:0.3509619761
u_10:0.2065111681
u_11:0.1830555317
u_12:0.3821734311
u_13:0.8127590762
u_14:0.8292674521
u_15:0.5776407739
u_16:0.2830128241
u_17:0.1091412199
u_18:0.168410784
u_19:0.4224647899
u_20:0.7174852117
u_21:0.8909972728
u_22:0.830969792
u_23:0.5756565346
u_24:0.2784135849
u_25:0.10075155
u_26:0.152825482
u_27:0.3927477673
u_28:0.6601058319
u_29:0.7796423888
u_30:0.5847152074
u_31:0.1218695229
u_32:0.01897038528
u_33:0.04671189029
u_34:0.09458699285
u_35:0.157669315
u_36:0.2323950481
u_37:0.3156889184
u_38:0.404622449
u_39:0.4962830522
u_40:0.5877183992
u_41:0.6758946592
u_42:0.7576325047
u_43:0.8294835692
u_44:0.8874869157
u_45:0.926691597
u_46:0.9402225821
u_47:0.9174446809
u_48:0.8154209106
u_49:0.6082242003
[Objective]
0.0088514549
