[Grid]
nodes:50
dt_0:0.04
dt_1:0.04
dt_2:0.04
dt_3:0.04
dt_4:0.04
dt_5:0.04
dt_6:0.04
dt_7:0.04
dt_8:0.04
dt_9:0.04
dt_10:0.04
dt_11:0.04
dt_12:0.04
dt_13:0.04
dt_14:0.04
dt_15:0.04
dt_16:0.04
dt_17:0.04
dt_18:0.04
dt_19:0.04
dt_20:0.04
dt_21:0.04
dt_22:0.04
dt_23:0.04
dt_24:0.04
dt_25:0.04
dt_26:0.04
dt_27:0.04
dt_28:0.04
dt_29:0.04
dt_30:0.04
dt_31:0.04
dt_32:0.04
dt_33:0.04
dt_34:0.04
dt_35:0.04
dt_36:0.04
dt_37:0.04
dt_38:0.04
dt_39:0.04
dt_40:0.04
dt_41:0.04
dt_42:0.04
dt_43:0.04
dt_44:0.04
dt_45:0.04
dt_46:0.04
dt_47:0.04
dt_48:0.04
dt_49:0.04
[Control]
u_0:0.3783873315
u_1:0.4641549713
u_2:0.5149864884
u_3:0.5226660247
u_4:0.5317647034
u_5:0.5508528425
u_6:0.5659649867
u_7:0.541239779
u_8:0.5352491771
u_9:0.5299198219
u_10:0.4830571736
u_11:0.4892005581
u_12:0.4673723777
u_13:0.5007261865
u_14:0.4816374435
u_15:0.4822982362
u_16:0.4582453205
u_17:0.4638675924
u_18:0.4628509617
u_19:0.4587232451
u_20:0.488132673
u_21:0.5078029079
u_22:0.5093470797
u_23:0.4865887537
u_24:0.4451728245
u_25:0.4249762847
u_26:0.4164749141
u_27:0.4066648907
u_28:0.4222444969
u_29:0.4180978089
u_30:0.410564035
u_31:0.2978609646
u_32:0.2873294458
u_33:0.2794115037
u_34:0.2706565687
u_35:0.2731276923
u_36:0.2739371401
u_37:0.3251692547
u_38:0.4000582366
u_39:0.4957774405
u_40:0.5910356036
u_41:0.6845700023
u_42:0.7149385325
u_43:0.7179431419
u_44:0.7338321908
u_45:0.7272404668
u_46:0.7503817875
u_47:0.7530895132
u_48:0.685581485
u_49:0.6162925551
[Objective]
0.009332414812
