[Grid]
nodes:50
dt_0:0.04
dt_1:0.04
dt_2:0.04
dt_3:0.04
dt_4:0.04
dt_5:0.04
dt_6:0.04
dt_7:0.04
dt_8:0.04
dt_9:0.04
dt_10:0.04
dt_11:0.04
dt_12:0.04
dt_13:0.04
dt_14:0.04
dt_15:0.04
dt_16:0.04
dt_17:0.04
dt_18:0.04
dt_19:0.04
dt_20:0.04
dt_21:0.04
dt_22:0.04
dt_23:0.04
dt_24:0.04
dt_25:0.04
dt_26:0.04
dt_27:0.04
dt_28:0.04
dt_29:0.04
dt_30:0.04
dt_31:0.04
dt_32:0.04
dt_33:0.04
dt_34:0.04
dt_35:0.04
dt_36:0.04
dt_37:0.04
dt_38:0.04
dt_39:0.04
dt_40:0.04
dt_41:0.04
dt_42:0.04
dt_43:0.04
dt_44:0.04
dt_45:0.04
dt_46:0.04
dt_47:0.04
dt_48:0.04
dt_49:0.04
[Control]
u_0:0.2764148652
u_1:0.4187265301
u_2:0.5466353885
u_3:0.5196049318
u_4:0.5790622414
u_5:0.5902539556
u_6:0.6156997263
u_7:0.5900846051
u_8:0.5355022615
u_9:0.5027978963
u_10:0.4713849916
u_11:0.4748512271
u_12:0.5119715961
u_13:0.482695322
u_14:0.4885730963
u_15:0.4834782235
u_16:0.4658602184
u_17:0.4275326788
u_18:0.4520040068
u_19:0.4884637089
u_20:0.4988852843
u_21:0.506932874
u_22:0.5158446586
u_23:0.5154873622
u_24:0.4729951067
u_25:0.4749744283
u_26:0.4237845742
u_27:0.4147262112
u_28:0.4000239887
u_29:0.4380541271
u_30:0.3741910875
u_31:0.2624683298
u_32:0.2801368623
u_33:0.2419169992
u_34:0.2344816529
u_35:0.2465227026
u_36:0.2837561557
u_37:0.30759826
u_38:0.4012847193
u_39:0.4961519351
u_40:0.5907332548
u_41:0.6834522518
u_42:0.7052789076
u_43:0.754914391
u_44:0.7883777635
u_45:0.7606469272
u_46:0.7091137745
u_47:0.7395870251
u_48:0.7263430575
u_49:0.6154938678
[Objective]
0.009312751164
