[Grid]
nodes:50
dt_0:0.04
dt_1:0.04
dt_2:0.04
dt_3:0.04
dt_4:0.04
dt_5:0.04
dt_6:0.04
dt_7:0.04
dt_8:0.04
dt_9:0.04
dt_10:0.04
dt_11:0.04
dt_12:0.04
dt_13:0.04
dt_14:0.04
dt_15:0.04
dt_16:0.04
dt_17:0.04
dt_18:0.04
dt_19:0.04
dt_20:0.04
dt_21:0.04
dt_22:0.04
dt_23:0.04
dt_24:0.04
dt_25:0.04
dt_26:0.04
dt_27:0.04
dt_28:0.04
dt_29:0.04
dt_30:0.04
dt_31:0.04
dt_32:0.04
dt_33:0.04
dt_34:0.04
dt_35:0.04
dt_36:0.04
dt_37:0.04
dt_38:0.04
dt_39:0.04
dt_40:0.04
dt_41:0.04
dt_42:0.04
dt_43:0.04
dt_44:0.04
dt_45:0.04
dt_46:0.04
dt_47:0.04
dt_48:0.04
dt_49:0.04
[Control]
u_0:0.3787413083
u_1:0.4609486153
u_2:0.5010586639
u_3:0.5314207984
u_4:0.5327899313
u_5:0.553023646
u_6:0.5655875243
u_7:0.5395469374
u_8:0.5433599193
u_9:0.5261713692
u_10:0.496456972
u_11:0.476204094
u_12:0.4799223787
u_13:0.4772703551
u_14:0.4821486057
u_15:0.50678942
u_16:0.4547629483
u_17:0.4485485045
u_18:0.4601970079
u_19:0.4616724573
u_20:0.49230742
u_21:0.504528042
u_22:0.5253225913
u_23:0.4768817957
u_24:0.4514567668
u_25:0.4091736836
u_26:0.4146512321
u_27:0.4237470949
u_28:0.4302240231
u_29:0.4098530557
u_30:0.4045098439
u_31:0.2963054489
u_32:0.2994033853
u_33:0.2680822815
u_34:0.2797819261
u_35:0.2594543843
u_36:0.2761046618
u_37:0.3280905331
u_38:0.4000537382
u_39:0.4958238346
u_40:0.5911539678
u_41:0.6848149801
u_42:0.7085641879
u_43:0.718063744
u_44:0.7291847625
u_45:0.7435494827
u_46:0.7416845947
u_47:0.7514947406
u_48:0.6915207924
u_49:0.6161836938
[Objective]
0.009331561927
