[Grid]
nodes:50
dt_0:0.04
dt_1:0.04
dt_2:0.04
dt_3:0.04
dt_4:0.04
dt_5:0.04
dt_6:0.04
dt_7:0.04
dt_8:0.04
dt_9:0.04
dt_10:0.04
dt_11:0.04
dt_12:0.04
dt_13:0.04
dt_14:0.04
dt_15:0.04
dt_16:0.04
dt_17:0.04
dt_18:0.04
dt_19:0.04
dt_20:0.04
dt_21:0.04
dt_22:0.04
dt_23:0.04
dt_24:0.04
dt_25:0.04
dt_26:0.04
dt_27:0.04
dt_28:0.04
dt_29:0.04
dt_30:0.04
dt_31:0.04
dt_32:0.04
dt_33:0.04
dt_34:0.04
dt_35:0.04
dt_36:0.04
dt_37:0.04
dt_38:0.04
dt_39:0.04
dt_40:0.04
dt_41:0.04
dt_42:0.04
dt_43:0.04
dt_44:0.04
dt_45:0.04
dt_46:0.04
dt_47:0.04
dt_48:0.04
dt_49:0.04
[Control]
u_0:0.3761298232
u_1:0.5123482437
u_2:0.5204035083
u_3:0.5316741542
u_4:0.5335648832
u_5:0.5329898122
u_6:0.5297339028
u_7:0.5301432956
u_8:0.518106343
u_9:0.500092478
u_10:0.4913759144
u_11:0.4839073048
u_12:0.478243273
u_13:0.4926375717
u_14:0.4892011601
u_15:0.4889482643
u_16:0.4791780725
u_17:0.4769804666
u_18:0.4804365095
u_19:0.4879130969
u_20:0.4927777635
u_21:0.492169901
u_22:0.4930308329
u_23:0.492789082
u_24:0.4162458824
u_25:0.4145445189
u_26:0.4100806524
u_27:0.4239931063
u_28:0.431682008
u_29:0.4318360817
u_30:0.4168859037
u_31:0.2776337376
u_32:0.2760251987
u_33:0.2787796317
u_34:0.2799108079
u_35:0.2785772568
u_36:0.2806014913
u_37:0.3060091877
u_38:0.400508575
u_39:0.4958312813
u_40:0.5907203968
u_41:0.6837388677
u_42:0.7266627798
u_43:0.7342028505
u_44:0.7373307014
u_45:0.7349005643
u_46:0.7278423539
u_47:0.7304649427
u_48:0.7205781256
u_49:0.6158498827
[Objective]
0.009337611165
