[Grid]
nodes:50
dt_0:0.04
dt_1:0.04
dt_2:0.04
dt_3:0.04
dt_4:0.04
dt_5:0.04
dt_6:0.04
dt_7:0.04
dt_8:0.04
dt_9:0.04
dt_10:0.04
dt_11:0.04
dt_12:0.04
dt_13:0.04
dt_14:0.04
dt_15:0.04
dt_16:0.04
dt_17:0.04
dt_18:0.04
dt_19:0.04
dt_20:0.04
dt_21:0.04
dt_22:0.04
dt_23:0.04
dt_24:0.04
dt_25:0.04
dt_26:0.04
dt_27:0.04
dt_28:0.04
dt_29:0.04
dt_30:0.04
dt_31:0.04
dt_32:0.04
dt_33:0.04
dt_34:0.04
dt_35:0.04
dt_36:0.04
dt_37:0.04
dt_38:0.04
dt_39:0.04
dt_40:0.04
dt_41:0.04
dt_42:0.04
dt_43:0.04
dt_44:0.04
dt_45:0.04
dt_46:0.04
dt_47:0.04
dt_48:0.04
dt_49:0.04
[Control]
u_0:0.3759015797
u_1:0.517533735
u_2:0.5245203159
u_3:0.5272061647
u_4:0.5288184528
u_5:0.5296317265
u_6:0.5314181317
u_7:0.5290627713
u_8:0.5254436656
u_9:0.489446786
u_10:0.487133229
u_11:0.4881277395
u_12:0.4886154492
u_13:0.4893441811
u_14:0.4891748726
u_15:0.4894436871
u_16:0.4820781435
u_17:0.479991689
u_18:0.4808480563
u_19:0.4845909833
u_20:0.4939964601
u_21:0.4947946607
u_22:0.4961622148
u_23:0.4995214338
u_24:0.4223068626
u_25:0.4204098847
u_26:0.4211691437
u_27:0.4205070736
u_28:0.4211411853
u_29:0.4216878792
u_30:0.418070458
u_31:0.27567103
u_32:0.2736212646
u_33:0.2746713889
u_34:0.2752247169
u_35:0.2770953845
u_36:0.2767244723
u_37:0.306318491
u_38:0.4006455041
u_39:0.4958595847
u_40:0.5906530335
u_41:0.6835439223
u_42:0.7326921887
u_43:0.7318708372
u_44:0.734566164
u_45:0.7354608699
u_46:0.734747463
u_47:0.7325903461
u_48:0.7297959688
u_49:0.6155514442
[Objective]
0.009338466697
