[Grid]
nodes:50
dt_0:0.04
dt_1:0.04
dt_2:0.04
dt_3:0.04
dt_4:0.04
dt_5:0.04
dt_6:0.04
dt_7:0.04
dt_8:0.04
dt_9:0.04
dt_10:0.04
dt_11:0.04
dt_12:0.04
dt_13:0.04
dt_14:0.04
dt_15:0.04
dt_16:0.04
dt_17:0.04
dt_18:0.04
dt_19:0.04
dt_20:0.04
dt_21:0.04
dt_22:0.04
dt_23:0.04
dt_24:0.04
dt_25:0.04
dt_26:0.04
dt_27:0.04
dt_28:0.04
dt_29:0.04
dt_30:0.04
dt_31:0.04
dt_32:0.04
dt_33:0.04
dt_34:0.04
dt_35:0.04
dt_36:0.04
dt_37:0.04
dt_38:0.04
dt_39:0.04
dt_40:0.04
dt_41:0.04
dt_42:0.04
dt_43:0.04
dt_44:0.04
dt_45:0.04
dt_46:0.04
dt_47:0.04
dt_48:0.04
dt_49:0.04
[Control]
u_0:0.3766270352
u_1:0.5011042921
u_2:0.5252491309
u_3:0.5229471959
u_4:0.5281124799
u_5:0.5378704649
u_6:0.5400072591
u_7:0.5411396227
u_8:0.5119687693
u_9:0.4931930649
u_10:0.4908828644
u_11:0.4935620234
u_12:0.4957321427
u_13:0.488208292
u_14:0.4870261575
u_15:0.4856877428
u_16:0.4713223939
u_17:0.4692379851
u_18:0.470395013
u_19:0.480308595
u_20:0.494501865
u_21:0.4979297567
u_22:0.4933157179
u_23:0.4904080267
u_24:0.4257391298
u_25:0.415368586
u_26:0.4131032378
u_27:0.4222799156
u_28:0.4310968866
u_29:0.4212511496
u_30:0.4167820558
u_31:0.2763072294
u_32:0.2780987622
u_33:0.2819750941
u_34:0.2807145345
u_35:0.2804877549
u_36:0.2923992475
u_37:0.3054300521
u_38:0.4002378249
u_39:0.4957424754
u_40:0.5907725728
u_41:0.6839566692
u_42:0.7240031725
u_43:0.7308457008
u_44:0.7332508921
u_45:0.7338304527
u_46:0.7318959375
u_47:0.7277302574
u_48:0.7122596693
u_49:0.6160764575
[Objective]
0.009336578871
