[Grid]
nodes:50
dt_0:0.04
dt_1:0.04
dt_2:0.04
dt_3:0.04
dt_4:0.04
dt_5:0.04
dt_6:0.04
dt_7:0.04
dt_8:0.04
dt_9:0.04
dt_10:0.04
dt_11:0.04
dt_12:0.04
dt_13:0.04
dt_14:0.04
dt_15:0.04
dt_16:0.04
dt_17:0.04
dt_18:0.04
dt_19:0.04
dt_20:0.04
dt_21:0.04
dt_22:0.04
dt_23:0.04
dt_24:0.04
dt_25:0.04
dt_26:0.04
dt_27:0.04
dt_28:0.04
dt_29:0.04
dt_30:0.04
dt_31:0.04
dt_32:0.04
dt_33:0.04
dt_34:0.04
dt_35:0.04
dt_36:0.04
dt_37:0.04
dt_38:0.04
dt_39:0.04
dt_40:0.04
dt_41:0.04
dt_42:0.04
dt_43:0.04
dt_44:0.04
dt_45:0.04
dt_46:0.04
dt_47:0.04
dt_48:0.04
dt_49:0.04
[Control]
u_0:0.3757757505
u_1:0.5216380586
u_2:0.5238737574
u_3:0.525973552
u_4:0.5250944496
u_5:0.5301024192
u_6:0.5309575453
u_7:0.5292221334
u_8:0.5273099532
u_9:0.4887578783
u_10:0.4889729022
u_11:0.4883580739
u_12:0.4880898967
u_13:0.4893817344
u_14:0.4864401464
u_15:0.4873045523
u_16:0.4830937749
u_17:0.4798106108
u_18:0.4818106921
u_19:0.4864302481
u_20:0.4964157912
u_21:0.4969923589
u_22:0.4959420225
u_23:0.4951079313
u_24:0.4216479209
u_25:0.4209364976
u_26:0.4210943459
u_27:0.4212060272
u_28:0.4203470139
u_29:0.4201147777
u_30:0.4202287581
u_31:0.2762825089
u_32:0.2744555294
u_33:0.2745869819
u_34:0.2737337675
u_35:0.2738442268
u_36:0.2799934728
u_37:0.3062671708
u_38:0.4006171384
u_39:0.4958406334
u_40:0.5906347815
u_41:0.6835181053
u_42:0.7335374857
u_43:0.7323934172
u_44:0.7339233551
u_45:0.7328660044
u_46:0.7333913768
u_47:0.7348078593
u_48:0.7312141664
u_49:0.6155087424
[Objective]
0.009338513063
