[Grid]
nodes:50
dt_0:0.04
dt_1:0.04
dt_2:0.04
dt_3:0.04
dt_4:0.04
dt_5:0.04
dt_6:0.04
dt_7:0.04
dt_8:0.04
dt_9:0.04
dt_10:0.04
dt_11:0.04
dt_12:0.04
dt_13:0.04
dt_14:0.04
dt_15:0.04
dt_16:0.04
dt_17:0.04
dt_18:0.04
dt_19:0.04
dt_20:0.04
dt_21:0.04
dt_22:0.04
dt_23:0.04
dt_24:0.04
dt_25:0.04
dt_26:0.04
dt_27:0.04
dt_28:0.04
dt_29:0.04
dt_30:0.04
dt_31:0.04
dt_32:0.04
dt_33:0.04
dt_34:0.04
dt_35:0.04
dt_36:0.04
dt_37:0.04
dt_38:0.04
dt_39:0.04
dt_40:0.04
dt_41:0.04
dt_42:0.04
dt_43:0.04
dt_44:0.04
dt_45:0.04
dt_46:0.04
dt_47:0.04
dt_48:0.04
dt_49:0.04
[Control]
u_0:0.2688049447
u_1:0.4159520877
u_2:0.5365361117
u_3:0.5372300763
u_4:0.601743815
u_5:0.5792774505
u_6:0.6241197847
u_7:0.5936643969
u_8:0.5197530911
u_9:0.4835974704
u_10:0.5008301537
u_11:0.4895618039
u_12:0.4889452698
u_13:0.4973665486
u_14:0.4829738472
u_15:0.4789824988
u_16:0.478239833
u_17:0.4143212248
u_18:0.4332318399
u_19:0.4934391288
u_20:0.518710609
u_21:0.5011847444
u_22:0.5297795179
u_23:0.5098088112
u_24:0.4816837514
u_25:0.4676021945
u_26:0.4228422851
u_27:0.4018827558
u_28:0.4181667084
u_29:0.4021461454
u_30:0.4086133297
u_31:0.2740454405
u_32:0.2473548783
u_33:0.2638945348
u_34:0.2161215329
u_35:0.2394328216
u_36:0.2835466
u_37:0.3079211427
u_38:0.4014079401
u_39:0.4961325468
u_40:0.5905622493
u_41:0.6830503671
u_42:0.7053411539
u_43:0.7744337239
u_44:0.7707908146
u_45:0.7790706156
u_46:0.7296935684
u_47:0.7265671247
u_48:0.7185297673
u_49:0.6156425412
[Objective]
0.009310226748
