[Grid]
nodes:50
dt_0:0.04
dt_1:0.04
dt_2:0.04
dt_3:0.04
dt_4:0.04
dt_5:0.04
dt_6:0.04
dt_7:0.04
dt_8:0.04
dt_9:0.04
dt_10:0.04
dt_11:0.04
dt_12:0.04
dt_13:0.04
dt_14:0.04
dt_15:0.04
dt_16:0.04
dt_17:0.04
dt_18:0.04
dt_19:0.04
dt_20:0.04
dt_21:0.04
dt_22:0.04
dt_23:0.04
dt_24:0.04
dt_25:0.04
dt_26:0.04
dt_27:0.04
dt_28:0.04
dt_29:0.04
dt_30:0.04
dt_31:0.04
dt_32:0.04
dt_33:0.04
dt_34:0.04
dt_35:0.04
dt_36:0.04
dt_37:0.04
dt_38:0.04
dt_39:0.04
dt_40:0.04
dt_41:0.04
dt_42:0.04
dt_43:0.04
dt_44:0.04
dt_45:0.04
dt_46:0.04
dt_47:0.04
dt_48:0.04
dt_49:0.04
[Control]
u_0:0.3500603251
u_1:0.4421193531
u_2:0.4815761264
u_3:0.5439678179
u_4:0.5354431632
u_5:0.5548548863
u_6:0.5777929867
u_7:0.593657241
u_8:0.5802713351
u_9:0.5201411476
u_10:0.4463471602
u_11:0.4450340434
u_12:0.5037241554
u_13:0.4928432456
u_14:0.5009024925
u_15:0.48368433
u_16:0.449245489
u_17:0.5013617907
u_18:0.4411632649
u_19:0.4882556081
u_20:0.4690305239
u_21:0.4759937015
u_22:0.5258886884
u_23:0.4982919793
u_24:0.4780380808
u_25:0.416276831
u_26:0.4085575412
u_27:0.4203423482
u_28:0.4611524043
u_29:0.4179168002
u_30:0.38296247
u_31:0.2706210659
u_32:0.2392412501
u_33:0.2904810357
u_34:0.2491962351
u_35:0.2901968762
u_36:0.2892581997
u_37:0.305970234
u_38:0.4006033806
u_39:0.4961020799
u_40:0.5912920804
u_41:0.684878512
u_42:0.6994005459
u_43:0.7323760008
u_44:0.7475141734
u_45:0.7159688098
u_46:0.7311563991
u_47:0.7638506955
u_48:0.7291700084
u_49:0.6152496753
[Objective]
0.009322894879
