[Grid]
nodes:50
dt_0:0.04
dt_1:0.04
dt_2:0.04
dt_3:0.04
dt_4:0.04
dt_5:0.04
dt_6:0.04
dt_7:0.04
dt_8:0.04
dt_9:0.04
dt_10:0.04
dt_11:0.04
dt_12:0.04
dt_13:0.04
dt_14:0.04
dt_15:0.04
dt_16:0.04
dt_17:0.04
dt_18:0.04
dt_19:0.04
dt_20:0.04
dt_21:0.04
dt_22:0.04
dt_23:0.04
dt_24:0.04
dt_25:0.04
dt_26:0.04
dt_27:0.04
dt_28:0.04
dt_29:0.04
dt_30:0.04
dt_31:0.04
dt_32:0.04
dt_33:0.04
dt_34:0.04
dt_35:0.04
dt_36:0.04
dt_37:0.04
dt_38:0.04
dt_39:0.04
dt_40:0.04
dt_41:0.04
dt_42:0.04
dt_43:0.04
dt_44:0.04
dt_45:0.04
dt_46:0.04
dt_47:0.04
dt_48:0.04
dt_49:0.04
[Control]
u_0:0.3759434827
u_1:0.5172488475
u_2:0.5230860231
u_3:0.5258867078
u_4:0.5307583915
u_5:0.5325799109
u_6:0.5313553998
u_7:0.5277166367
u_8:0.5246950061
u_9:0.4889966353
u_10:0.48894574
u_11:0.4874325665
u_12:0.4878405342
u_13:0.4887557891
u_14:0.4904169363
u_15:0.4896273553
u_16:0.4813658199
u_17:0.4800555249
u_18:0.4828531982
u_19:0.4826107843
u_20:0.493783779
u_21:0.4963679793
u_22:0.4958602438
u_23:0.4982320962
u_24:0.4238557982
u_25:0.4218719886
u_26:0.4182747412
u_27:0.4215022296
u_28:0.4205168055
u_29:0.4197225019
u_30:0.419779377
u_31:0.2756997618
u_32:0.2747420822
u_33:0.2742573487
u_34:0.2743802907
u_35:0.2755421613
u_36:0.2785773759
u_37:0.3062853734
u_38:0.4006301724
u_39:0.4958544342
u_40:0.5906556197
u_41:0.6835556152
u_42:0.7315630099
u_43:0.7330614832
u_44:0.7355060521
u_45:0.7346193767
u_46:0.7348772507
u_47:0.7325719742
u_48:0.7293135367
u_49:0.6155627009
[Objective]
0.009338446842
