[Grid]
nodes:50
dt_0:0.04
dt_1:0.04
dt_2:0.04
dt_3:0.04
dt_4:0.04
dt_5:0.04
dt_6:0.04
dt_7:0.04
dt_8:0.04
dt_9:0.04
dt_10:0.04
dt_11:0.04
dt_12:0.04
dt_13:0.04
dt_14:0.04
dt_15:0.04
dt_16:0.04
dt_17:0.04
dt_18:0.04
dt_19:0.04
dt_20:0.04
dt_21:0.04
dt_22:0.04
dt_23:0.04
dt_24:0.04
dt_25:0.04
dt_26:0.04
dt_27:0.04
dt_28:0.04
dt_29:0.04
dt_30:0.04
dt_31:0.04
dt_32:0.04
dt_33:0.04
dt_34:0.04
dt_35:0.04
dt_36:0.04
dt_37:0.04
dt_38:0.04
dt_39:0.04
dt_40:0.04
dt_41:0.04
dt_42:0.04
dt_43:0.04
dt_44:0.04
dt_45:0.04
dt_46:0.04
dt_47:0.04
dt_48:0.04
dt_49:0.04
[Control]
u_0:0.3765869396
u_1:0.5033308138
u_2:0.521643596
u_3:0.5245395109
u_4:0.5278590212
u_5:0.5397485407
u_6:0.5435551546
u_7:0.537390568
u_8:0.5086687735
u_9:0.4936473034
u_10:0.495360038
u_11:0.4908421173
u_12:0.4895453696
u_13:0.4875713524
u_14:0.492232743
u_15:0.4861542009
u_16:0.4750242666
u_17:0.4710675476
u_18:0.4663465305
u_19:0.4817565878
u_20:0.4984981056
u_21:0.490712678
u_22:0.4919787841
u_23:0.4963930979
u_24:0.4213937226
u_25:0.4152324006
u_26:0.4154377834
u_27:0.426883658
u_28:0.4280343765
u_29:0.4199408618
u_30:0.4181388077
u_31:0.2784175831
u_32:0.2781868475
u_33:0.274714723
u_34:0.2828438316
u_35:0.2797842764
u_36:0.2928775851
u_37:0.30543766
u_38:0.4002301536
u_39:0.4957160297
u_40:0.5907150904
u_41:0.683841524
u_42:0.7244902595
u_43:0.7377252007
u_44:0.7334243917
u_45:0.7225653942
u_46:0.7300961162
u_47:0.7335839275
u_48:0.715763457
u_49:0.6159648088
[Objective]
0.009336767979
