[Grid]
nodes:50
dt_0:0.04
dt_1:0.04
dt_2:0.04
dt_3:0.04
dt_4:0.04
dt_5:0.04
dt_6:0.04
dt_7:0.04
dt_8:0.04
dt_9:0.04
dt_10:0.04
dt_11:0.04
dt_12:0.04
dt_13:0.04
dt_14:0.04
dt_15:0.04
dt_16:0.04
dt_17:0.04
dt_18:0.04
dt_19:0.04
dt_20:0.04
dt_21:0.04
dt_22:0.04
dt_23:0.04
dt_24:0.04
dt_25:0.04
dt_26:0.04
dt_27:0.04
dt_28:0.04
dt_29:0.04
dt_30:0.04
dt_31:0.04
dt_32:0.04
dt_33:0.04
dt_34:0.04
dt_35:0.04
dt_36:0.04
dt_37:0.04
dt_38:0.04
dt_39:0.04
dt_40:0.04
dt_41:0.04
dt_42:0.04
dt_43:0.04
dt_44:0.04
dt_45:0.04
dt_46:0.04
dt_47:0.04
dt_48:0.04
dt_49:0.04
[Control]
u_0:0.377799037
u_1:0.4713633638
u_2:0.5283517614
u_3:0.526941458
u_4:0.5243569214
u_5:0.5411134455
u_6:0.5534622457
u_7:0.5416201238
u_8:0.531833473
u_9:0.518689304
u_10:0.4909663708
u_11:0.4863712917
u_12:0.486074338
u_13:0.495091231
u_14:0.4845221854
u_15:0.4711224281
u_16:0.459902468
u_17:0.4534573738
u_18:0.461333245
u_19:0.4843501582
u_20:0.4942087214
u_21:0.5045580327
u_22:0.5002546099
u_23:0.4847086443
u_24:0.4406997792
u_25:0.4206133336
u_26:0.4076308374
u_27:0.4146035948
u_28:0.4186596891
u_29:0.4198323095
u_30:0.4233570049
u_31:0.2939088488
u_32:0.2850385712
u_33:0.2706151341
u_34:0.2800294337
u_35:0.2894471057
u_36:0.2840091346
u_37:0.3056352315
u_38:0.4003876944
u_39:0.4959057172
u_40:0.5910251064
u_41:0.6844164906
u_42:0.7130502765
u_43:0.7293796506
u_44:0.7352142171
u_45:0.7382590415
u_46:0.7386838913
u_47:0.7250745038
u_48:0.7001440557
u_49:0.616340101
[Objective]
0.009334118957
