[Grid]
nodes:50
dt_0:0.04
dt_1:0.04
dt_2:0.04
dt_3:0.04
dt_4:0.04
dt_5:0.04
dt_6:0.04
dt_7:0.04
dt_8:0.04
dt_9:0.04
dt_10:0.04
dt_11:0.04
dt_12:0.04
dt_13:0.04
dt_14:0.04
dt_15:0.04
dt_16:0.04
dt_17:0.04
dt_18:0.04
dt_19:0.04
dt_20:0.04
dt_21:0.04
dt_22:0.04
dt_23:0.04
dt_24:0.04
dt_25:0.04
dt_26:0.04
dt_27:0.04
dt_28:0.04
dt_29:0.04
dt_30:0.04
dt_31:0.04
dt_32:0.04
dt_33:0.04
dt_34:0.04
dt_35:0.04
dt_36:0.04
dt_37:0.04
dt_38:0.04
dt_39:0.04
dt_40:0.04
dt_41:0.04
dt_42:0.04
dt_43:0.04
dt_44:0.04
dt_45:0.04
dt_46:0.04
dt_47:0.04
dt_48:0.04
dt_49:0.04
[Control]
u_0:0.3762048312
u_1:0.5112781434
u_2:0.5220402383
u_3:0.525213329
u_4:0.5334451263
u_5:0.5339377628
u_6:0.5410576126
u_7:0.5270566059
u_8:0.5186508016
u_9:0.4950668221
u_10:0.4796976378
u_11:0.4862982033
u_12:0.4864933858
u_13:0.4916673657
u_14:0.4942949939
u_15:0.4817326569
u_16:0.4818410264
u_17:0.4816173049
u_18:0.484520765
u_19:0.485585971
u_20:0.4948993085
u_21:0.4914678777
u_22:0.4915450539
u_23:0.4943280927
u_24:0.4240516222
u_25:0.4151189674
u_26:0.4143287643
u_27:0.4261620144
u_28:0.4250956628
u_29:0.4190734089
u_30:0.4215996635
u_31:0.2830087322
u_32:0.2764720754
u_33:0.2719266361
u_34:0.2732257322
u_35:0.2769572315
u_36:0.2845266154
u_37:0.3059981749
u_38:0.4004879234
u_39:0.4957911062
u_40:0.5906420274
u_41:0.6835854132
u_42:0.7324639001
u_43:0.7306859017
u_44:0.7348461778
u_45:0.736742593
u_46:0.7275478435
u_47:0.7301833165
u_48:0.7263249152
u_49:0.6157161501
[Objective]
0.009337872915
