[Grid]
nodes:50
dt_0:0.04
dt_1:0.04
dt_2:0.04
dt_3:0.04
dt_4:0.04
dt_5:0.04
dt_6:0.04
dt_7:0.04
dt_8:0.04
dt_9:0.04
dt_10:0.04
dt_11:0.04
dt_12:0.04
dt_13:0.04
dt_14:0.04
dt_15:0.04
dt_16:0.04
dt_17:0.04
dt_18:0.04
dt_19:0.04
dt_20:0.04
dt_21:0.04
dt_22:0.04
dt_23:0.04
dt_24:0.04
dt_25:0.04
dt_26:0.04
dt_27:0.04
dt_28:0.04
dt_29:0.04
dt_30:0.04
dt_31:0.04
dt_32:0.04
dt_33:0.04
dt_34:0.04
dt_35:0.04
dt_36:0.04
dt_37:0.04
dt_38:0.04
dt_39:0.04
dt_40:0.04
dt_41:0.04
dt_42:0.04
dt_43:0.04
dt_44:0.04
dt_45:0.04
dt_46:0.04
dt_47:0.04
dt_48:0.04
dt_49:0.04
[Control]
u_0:0.3734441379
u_1:0.4452212114
u_2:0.6759232002
u_3:0.6077549799
u_4:0.4000196666
u_5:0.8528354205
u_6:0.5954066501
u_7:0.7686804134
u_8:0.5578099383
u_9:0.3481918318
u_10:0.1966964948
u_11:0.490770215
u_12:0.3754509713
u_13:0.8176424859
u_14:0.5188680533
u_15:0.5826839394
u_16:0.2766830953
u_17:0.4176619768
u_18:0.1601876728
u_19:0.4228099229
u_20:0.7265572916
u_21:0.5838753635
u_22:0.839898068
u_23:0.5756479896
u_24:0.2694644183
u_25:0.4078394057
u_26:0.1436908369
u_27:0.3922831629
u_28:0.6680981043
u_29:0.4706743567
u_30:0.5901772695
u_31:0.1151397849
u_32:0.32608874
u_33:0.03543850664
u_34:0.08882570453
u_35:0.1547238569
u_36:0.2309048704
u_37:0.314968736
u_38:0.4043414171
u_39:0.4963118922
u_40:0.5880699463
u_41:0.6767297932
u_42:0.759334208
u_43:0.8328338845
u_44:0.8940323793
u_45:0.9394892067
u_46:0.6360696768
u_47:0.9299493668
u_48:0.8212453895
u_49:0.6100986797
[Objective]
0.009070023646
