[Grid]
nodes:50
dt_0:0.04
dt_1:0.04
dt_2:0.04
dt_3:0.04
dt_4:0.04
dt_5:0.04
dt_6:0.04
dt_7:0.04
dt_8:0.04
dt_9:0.04
dt_10:0.04
dt_11:0.04
dt_12:0.04
dt_13:0.04
dt_14:0.04
dt_15:0.04
dt_16:0.04
dt_17:0.04
dt_18:0.04
dt_19:0.04
dt_20:0.04
dt_21:0.04
dt_22:0.04
dt_23:0.04
dt_24:0.04
dt_25:0.04
dt_26:0.04
dt_27:0.04
dt_28:0.04
dt_29:0.04
dt_30:0.04
dt_31:0.04
dt_32:0.04
dt_33:0.04
dt_34:0.04
dt_35:0.04
dt_36:0.04
dt_37:0.04
dt_38:0.04
dt_39:0.04
dt_40:0.04
dt_41:0.04
dt_42:0.04
dt_43:0.04
dt_44:0.04
dt_45:0.04
dt_46:0.04
dt_47:0.04
dt_48:0.04
dt_49:0.04
[Control]
u_0:0.3777461384
u_1:0.4740283401
u_2:0.5274408044
u_3:0.5291054669
u_4:0.5162654166
u_5:0.5353583547
u_6:0.5509916756
u_7:0.5525578673
u_8:0.5368002191
u_9:0.5259542228
u_10:0.4798913621
u_11:0.4875692168
u_12:0.4820130825
u_13:0.499353776
u_14:0.4842947571
u_15:0.4656094952
u_16:0.4682094925
u_17:0.4492147314
u_18:0.4540714266
u_19:0.4937989376
u_20:0.5040085397
u_21:0.4956606252
u_22:0.4890680273
u_23:0.4934595358
u_24:0.4423874331
u_25:0.4067298571
u_26:0.4212199764
u_27:0.4120322326
u_28:0.4237765912
u_29:0.4199493261
u_30:0.4192388548
u_31:0.2843576535
u_32:0.2866456756
u_33:0.2835220734
u_34:0.2768023026
u_35:0.2846644029
u_36:0.2893287685
u_37:0.3034341327
u_38:0.4004046237
u_39:0.495922078
u_40:0.5910478866
u_41:0.6844557007
u_42:0.7156426238
u_43:0.7190078389
u_44:0.7421312831
u_45:0.7406376813
u_46:0.7343402238
u_47:0.7299650519
u_48:0.6975798042
u_49:0.6163546561
[Objective]
0.009333774535
