[Grid]
nodes:50
dt_0:0.04
dt_1:0.04
dt_2:0.04
dt_3:0.04
dt_4:0.04
dt_5:0.04
dt_6:0.04
dt_7:0.04
dt_8:0.04
dt_9:0.04
dt_10:0.04
dt_11:0.04
dt_12:0.04
dt_13:0.04
dt_14:0.04
dt_15:0.04
dt_16:0.04
dt_17:0.04
dt_18:0.04
dt_19:0.04
dt_20:0.04
dt_21:0.04
dt_22:0.04
dt_23:0.04
dt_24:0.04
dt_25:0.04
dt_26:0.04
dt_27:0.04
dt_28:0.04
dt_29:0.04
dt_30:0.04
dt_31:0.04
dt_32:0.04
dt_33:0.04
dt_34:0.04
dt_35:0.04
dt_36:0.04
dt_37:0.04
dt_38:0.04
dt_39:0.04
dt_40:0.04
dt_41:0.04
dt_42:0.04
dt_43:0.04
dt_44:0.04
dt_45:0.04
dt_46:0.04
dt_47:0.04
dt_48:0.04
dt_49:0.04
[Control]
u_0:0.376734502
u_1:0.4998722454
u_2:0.5169515961
u_3:0.5298905744
u_4:0.5371310023
u_5:0.5389710922
u_6:0.5435455776
u_7:0.5133103179
u_8:0.5223597641
u_9:0.5069765531
u_10:0.4858946748
u_11:0.5020265376
u_12:0.4952240342
u_13:0.49443948
u_14:0.4930676057
u_15:0.471843898
u_16:0.4648821131
u_17:0.4632712433
u_18:0.4608275622
u_19:0.4844806325
u_20:0.4991750482
u_21:0.5048758531
u_22:0.4877497862
u_23:0.4928193239
u_24:0.4144866757
u_25:0.4262234285
u_26:0.3954169422
u_27:0.428230628
u_28:0.4464686349
u_29:0.4280861289
u_30:0.4054259809
u_31:0.2773996132
u_32:0.2766093091
u_33:0.2886897914
u_34:0.2812189166
u_35:0.2766554934
u_36:0.2907346498
u_37:0.3055141144
u_38:0.4002355833
u_39:0.4956533727
u_40:0.590555605
u_41:0.6835111632
u_42:0.7270746876
u_43:0.7435601441
u_44:0.7391489438
u_45:0.7305325817
u_46:0.7285736822
u_47:0.715037085
u_48:0.7084539879
u_49:0.6163435527
[Objective]
0.009335586182
