[Grid]
nodes:100
dt_0:0.02
dt_1:0.02
dt_2:0.02
dt_3:0.02
dt_4:0.02
dt_5:0.02
dt_6:0.02
dt_7:0.02
dt_8:0.02
dt_9:0.02
dt_10:0.02
dt_11:0.02
dt_12:0.02
dt_13:0.02
dt_14:0.02
dt_15:0.02
dt_16:0.02
dt_17:0.02
dt_18:0.02
dt_19:0.02
dt_20:0.02
dt_21:0.02
dt_22:0.02
dt_23:0.02
dt_24:0.02
dt_25:0.02
dt_26:0.02
dt_27:0.02
dt_28:0.02
dt_29:0.02
dt_30:0.02
dt_31:0.02
dt_32:0.02
dt_33:0.02
dt_34:0.02
dt_35:0.02
dt_36:0.02
dt_37:0.02
dt_38:0.02
dt_39:0.02
dt_40:0.02
dt_41:0.02
dt_42:0.02
dt_43:0.02
dt_44:0.02
dt_45:0.02
dt_46:0.02
dt_47:0.02
dt_48:0.02
dt_49:0.02
dt_50:0.02
dt_51:0.02
dt_52:0.02
dt_53:0.02
dt_54:0.02
dt_55:0.02
dt_56:0.02
dt_57:0.02
dt_58:0.02
dt_59:0.02
dt_60:0.02
dt_61:0.02
dt_62:0.02
dt_63:0.02
dt_64:0.02
dt_65:0.02
dt_66:0.02
dt_67:0.02
dt_68:0.02
dt_69:0.02
dt_70:0.02
dt_71:0.02
dt_72:0.02
dt_73:0.02
dt_74:0.02
dt_75:0.02
dt_76:0.02
dt_77:0.02
dt_78:0.02
dt_79:0.02
dt_80:0.02
dt_81:0.02
dt_82:0.02
dt_83:0.02
dt_84:0.02
dt_85:0.02
dt_86:0.02
dt_87:0.02
dt_88:0.02
dt_89:0.02
dt_90:0.02
dt_91:0.02
dt_92:0.02
dt_93:0.02
dt_94:0.02
dt_95:0.02
dt_96:0.02
dt_97:0.02
dt_98:0.02
dt_99:0.02
[Control]
u_0:0.05244281117
u_1:0.1055801144
u_2:0.1920390768
u_3:0.3031092113
u_4:0.4302684422
u_5:0.5652951982
u_6:0.6187325164
u_7:0.5834050417
u_8:0.6681404082
u_9:0.7286948915
u_10:0.7539647364
u_11:0.7457665472
u_12:0.7419078055
u_13:0.7304290056
u_14:0.7101784011
u_15:0.8053728994
u_16:0.7611898882
u_17:0.7464687165
u_18:0.7717277594
u_19:0.7139187788
u_20:0.6547787637
u_21:0.5945672648
u_22:0.5336737447
u_23:0.4725573879
u_24:0.4117004686
u_25:0.3515649538
u_26:0.292542471
u_27:0.3165801618
u_28:0.3009474575
u_29:0.256632448
u_30:0.3531621852
u_31:0.3367166699
u_32:0.3329728546
u_33:0.3429161163
u_34:0.2709491667
u_35:0.3448803536
u_36:0.3344229252
u_37:0.322003886
u_38:0.2335678824
u_39:0.3959089468
u_40:0.480523428
u_41:0.4725103957
u_42:0.3955576769
u_43:0.4917554503
u_44:0.4413391382
u_45:0.4473870782
u_46:0.4038980037
u_47:0.4367483381
u_48:0.3649694562
u_49:0.3225494666
u_50:0.3618274453
u_51:0.283434207
u_52:0.381185461
u_53:0.3794982942
u_54:0.3502975077
u_55:0.4422706174
u_56:0.534620825
u_57:0.6258799951
u_58:0.6329186928
u_59:0.6772606097
u_60:0.6650661587
u_61:0.7119150455
u_62:0.6505936293
u_63:0.6160912146
u_64:0.6398756624
u_65:0.7294534683
u_66:0.7232191577
u_67:0.7192690296
u_68:0.6565000482
u_69:0.7117177381
u_70:0.7653620325
u_71:0.6233168071
u_72:0.6282044234
u_73:0.6617566885
u_74:0.7291107057
u_75:0.6940468278
u_76:0.7225287569
u_77:0.697731739
u_78:0.7122759922
u_79:0.6434657022
u_80:0.5733325624
u_81:0.5023618381
u_82:0.4310757715
u_83:0.4416221247
u_84:0.4115173868
u_85:0.3520271424
u_86:0.4329747757
u_87:0.4008460491
u_88:0.3816234432
u_89:0.3765828207
u_90:0.3720679263
u_91:0.4732869919
u_92:0.4889120251
u_93:0.3083964462
u_94:0.3689953577
u_95:0.3987735163
u_96:0.419869684
u_97:0.4159455656
u_98:0.4522839765
u_99:0.3337203368
[Objective]
0.01178831773
