[Grid]
nodes:100
dt_0:0.02
dt_1:0.02
dt_2:0.02
dt_3:0.02
dt_4:0.02
dt_5:0.02
dt_6:0.02
dt_7:0.02
dt_8:0.02
dt_9:0.02
dt_10:0.02
dt_11:0.02
dt_12:0.02
dt_13:0.02
dt_14:0.02
dt_15:0.02
dt_16:0.02
dt_17:0.02
dt_18:0.02
dt_19:0.02
dt_20:0.02
dt_21:0.02
dt_22:0.02
dt_23:0.02
dt_24:0.02
dt_25:0.02
dt_26:0.02
dt_27:0.02
dt_28:0.02
dt_29:0.02
dt_30:0.02
dt_31:0.02
dt_32:0.02
dt_33:0.02
dt_34:0.02
dt_35:0.02
dt_36:0.02
dt_37:0.02
dt_38:0.02
dt_39:0.02
dt_40:0.02
dt_41:0.02
dt_42:0.02
dt_43:0.02
dt_44:0.02
dt_45:0.02
dt_46:0.02
dt_47:0.02
dt_48:0.02
dt_49:0.02
dt_50:0.02
dt_51:0.02
dt_52:0.02
dt_53:0.02
dt_54:0.02
dt_55:0.02
dt_56:0.02
dt_57:0.02
dt_58:0.02
dt_59:0.02
dt_60:0.02
dt_61:0.02
dt_62:0.02
dt_63:0.02
dt_64:0.02
dt_65:0.02
dt_66:0.02
dt_67:0.02
dt_68:0.02
dt_69:0.02
dt_70:0.02
dt_71:0.02
dt_72:0.02
dt_73:0.02
dt_74:0.02
dt_75:0.02
dt_76:0.02
dt_77:0.02
dt_78:0.02
dt_79:0.02
dt_80:0.02
dt_81:0.02
dt_82:0.02
dt_83:0.02
dt_84:0.02
dt_85:0.02
dt_86:0.02
dt_87:0.02
dt_88:0.02
dt_89:0.02
dt_90:0.02
dt_91:0.02
dt_92:0.02
dt_93:0.02
dt_94:0.02
dt_95:0.02
dt_96:0.02
dt_97:0.02
dt_98:0.02
dt_99:0.02
[Control]
u_0:0.05281128732
u_1:0.1061067992
u_2:0.1928010674
u_3:0.304218646
u_4:0.4318907901
u_5:0.5423503493
u_6:0.5834687349
u_7:0.616087073
u_8:0.6462846387
u_9:0.7046983323
u_10:0.7481199095
u_11:0.726071005
u_12:0.7282339247
u_13:0.7555123185
u_14:0.7307261478
u_15:0.7418396034
u_16:0.7735241219
u_17:0.7469311975
u_18:0.7307003918
u_19:0.7154633088
u_20:0.6556968004
u_21:0.5949977113
u_22:0.5336808085
u_23:0.4721422142
u_24:0.4108012837
u_25:0.350045739
u_26:0.3336053229
u_27:0.3161683415
u_28:0.2886860007
u_29:0.3202702573
u_30:0.3327634732
u_31:0.3371710426
u_32:0.3406078077
u_33:0.3212486271
u_34:0.3094457789
u_35:0.3076065694
u_36:0.3221706167
u_37:0.3427217619
u_38:0.3121326229
u_39:0.3842011581
u_40:0.4149121082
u_41:0.4456319625
u_42:0.4420751992
u_43:0.4612378813
u_44:0.4538851038
u_45:0.4432861211
u_46:0.4082985911
u_47:0.3992291434
u_48:0.3708081158
u_49:0.3669887227
u_50:0.3421988573
u_51:0.353851091
u_52:0.3532523091
u_53:0.3674502352
u_54:0.4165894179
u_55:0.4411781147
u_56:0.5347329385
u_57:0.6018870855
u_58:0.6403477564
u_59:0.6216227386
u_60:0.6681990038
u_61:0.6706667705
u_62:0.6684164322
u_63:0.6241687892
u_64:0.6594074067
u_65:0.7043999427
u_66:0.718883455
u_67:0.7027687726
u_68:0.7143062898
u_69:0.7203394091
u_70:0.7057796928
u_71:0.6652843309
u_72:0.6434768114
u_73:0.6547813797
u_74:0.6881486121
u_75:0.6972682375
u_76:0.6921184992
u_77:0.6985133209
u_78:0.6712488314
u_79:0.6446947425
u_80:0.5735729995
u_81:0.501648993
u_82:0.4727307627
u_83:0.4416750599
u_84:0.3996618303
u_85:0.4160737902
u_86:0.3877268711
u_87:0.401047225
u_88:0.3954551635
u_89:0.3966509786
u_90:0.4038787937
u_91:0.4682897695
u_92:0.4474687298
u_93:0.3738161605
u_94:0.3785070851
u_95:0.3632037776
u_96:0.3850459418
u_97:0.4154951012
u_98:0.3892952282
u_99:0.3173835975
[Objective]
0.01179766118
