[Grid]
nodes:100
dt_0:0.02
dt_1:0.02
dt_2:0.02
dt_3:0.02
dt_4:0.02
dt_5:0.02
dt_6:0.02
dt_7:0.02
dt_8:0.02
dt_9:0.02
dt_10:0.02
dt_11:0.02
dt_12:0.02
dt_13:0.02
dt_14:0.02
dt_15:0.02
dt_16:0.02
dt_17:0.02
dt_18:0.02
dt_19:0.02
dt_20:0.02
dt_21:0.02
dt_22:0.02
dt_23:0.02
dt_24:0.02
dt_25:0.02
dt_26:0.02
dt_27:0.02
dt_28:0.02
dt_29:0.02
dt_30:0.02
dt_31:0.02
dt_32:0.02
dt_33:0.02
dt_34:0.02
dt_35:0.02
dt_36:0.02
dt_37:0.02
dt_38:0.02
dt_39:0.02
dt_40:0.02
dt_41:0.02
dt_42:0.02
dt_43:0.02
dt_44:0.02
dt_45:0.02
dt_46:0.02
dt_47:0.02
dt_48:0.02
dt_49:0.02
dt_50:0.02
dt_51:0.02
dt_52:0.02
dt_53:0.02
dt_54:0.02
dt_55:0.02
dt_56:0.02
dt_57:0.02
dt_58:0.02
dt_59:0.02
dt_60:0.02
dt_61:0.02
dt_62:0.02
dt_63:0.02
dt_64:0.02
dt_65:0.02
dt_66:0.02
dt_67:0.02
dt_68:0.02
dt_69:0.02
dt_70:0.02
dt_71:0.02
dt_72:0.02
dt_73:0.02
dt_74:0.02
dt_75:0.02
dt_76:0.02
dt_77:0.02
dt_78:0.02
dt_79:0.02
dt_80:0.02
dt_81:0.02
dt_82:0.02
dt_83:0.02
dt_84:0.02
dt_85:0.02
dt_86:0.02
dt_87:0.02
dt_88:0.02
dt_89:0.02
dt_90:0.02
dt_91:0.02
dt_92:0.02
dt_93:0.02
dt_94:0.02
dt_95:0.02
dt_96:0.02
dt_97:0.02
dt_98:0.02
dt_99:0.02
[Control]
u_0:0.05275232133
u_1:0.1060226677
u_2:0.1926795886
u_3:0.3040419224
u_4:0.4316320001
u_5:0.5455457687
u_6:0.5963707994
u_7:0.6106775212
u_8:0.6642792412
u_9:0.6998426768
u_10:0.7099226963
u_11:0.7333522779
u_12:0.7363274596
u_13:0.7338968149
u_14:0.7463780309
u_15:0.7588734202
u_16:0.7278719504
u_17:0.7271369215
u_18:0.73815517
u_19:0.716151132
u_20:0.6561054154
u_21:0.5951866588
u_22:0.5336775254
u_23:0.471946131
u_24:0.4103837283
u_25:0.3493456114
u_26:0.3261326256
u_27:0.3359353676
u_28:0.3342943718
u_29:0.3392678122
u_30:0.2921320296
u_31:0.3400799911
u_32:0.3090698757
u_33:0.3178977447
u_34:0.319157711
u_35:0.3458813064
u_36:0.31524461
u_37:0.3266992862
u_38:0.3287378062
u_39:0.3947820079
u_40:0.4340268208
u_41:0.419753577
u_42:0.4310186022
u_43:0.4424995371
u_44:0.4369022876
u_45:0.4155966983
u_46:0.4088081318
u_47:0.4145370921
u_48:0.397464276
u_49:0.3618783649
u_50:0.3473718168
u_51:0.3612149601
u_52:0.3517663437
u_53:0.4036279702
u_54:0.4058163701
u_55:0.440709806
u_56:0.53453694
u_57:0.6055131255
u_58:0.6083868787
u_59:0.668987335
u_60:0.6397125405
u_61:0.6439666134
u_62:0.6653224506
u_63:0.6656159086
u_64:0.6852503675
u_65:0.6914892423
u_66:0.689622062
u_67:0.7038638773
u_68:0.6948863022
u_69:0.7113011138
u_70:0.67797209
u_71:0.6866694684
u_72:0.6707244849
u_73:0.6681547241
u_74:0.6865087754
u_75:0.7014399576
u_76:0.6719327032
u_77:0.6683373194
u_78:0.678418712
u_79:0.6451622734
u_80:0.5737945269
u_81:0.5016580046
u_82:0.4661447059
u_83:0.4332896477
u_84:0.4392148603
u_85:0.4025367831
u_86:0.4109371381
u_87:0.4060256288
u_88:0.3976895733
u_89:0.4002540558
u_90:0.4304407507
u_91:0.3971214854
u_92:0.4192281417
u_93:0.4109612003
u_94:0.3917324389
u_95:0.3700582624
u_96:0.395331641
u_97:0.3773869203
u_98:0.3772999951
u_99:0.327336707
[Objective]
0.01180205366
