[Grid]
nodes:100
dt_0:0.02
dt_1:0.02
dt_2:0.02
dt_3:0.02
dt_4:0.02
dt_5:0.02
dt_6:0.02
dt_7:0.02
dt_8:0.02
dt_9:0.02
dt_10:0.02
dt_11:0.02
dt_12:0.02
dt_13:0.02
dt_14:0.02
dt_15:0.02
dt_16:0.02
dt_17:0.02
dt_18:0.02
dt_19:0.02
dt_20:0.02
dt_21:0.02
dt_22:0.02
dt_23:0.02
dt_24:0.02
dt_25:0.02
dt_26:0.02
dt_27:0.02
dt_28:0.02
dt_29:0.02
dt_30:0.02
dt_31:0.02
dt_32:0.02
dt_33:0.02
dt_34:0.02
dt_35:0.02
dt_36:0.02
dt_37:0.02
dt_38:0.02
dt_39:0.02
dt_40:0.02
dt_41:0.02
dt_42:0.02
dt_43:0.02
dt_44:0.02
dt_45:0.02
dt_46:0.02
dt_47:0.02
dt_48:0.02
dt_49:0.02
dt_50:0.02
dt_51:0.02
dt_52:0.02
dt_53:0.02
dt_54:0.02
dt_55:0.02
dt_56:0.02
dt_57:0.02
dt_58:0.02
dt_59:0.02
dt_60:0.02
dt_61:0.02
dt_62:0.02
dt_63:0.02
dt_64:0.02
dt_65:0.02
dt_66:0.02
dt_67:0.02
dt_68:0.02
dt_69:0.02
dt_70:0.02
dt_71:0.02
dt_72:0.02
dt_73:0.02
dt_74:0.02
dt_75:0.02
dt_76:0.02
dt_77:0.02
dt_78:0.02
dt_79:0.02
dt_80:0.02
dt_81:0.02
dt_82:0.02
dt_83:0.02
dt_84:0.02
dt_85:0.02
dt_86:0.02
dt_87:0.02
dt_88:0.02
dt_89:0.02
dt_90:0.02
dt_91:0.02
dt_92:0.02
dt_93:0.02
dt_94:0.02
dt_95:0.02
dt_96:0.02
dt_97:0.02
dt_98:0.02
dt_99:0.02
[Control]
u_0:0.05209305143
u_1:0.1050802848
u_2:0.1913161138
u_3:0.3020568595
u_4:0.4287302555
u_5:0.5630375319
u_6:0.6687668436
u_7:0.6738099812
u_8:0.6762184934
u_9:0.7026576408
u_10:0.6944348616
u_11:0.6987487571
u_12:0.709102319
u_13:0.7107412405
u_14:0.7116732395
u_15:0.7198043781
u_16:0.7131567482
u_17:0.6973343022
u_18:0.7037509958
u_19:0.6990343661
u_20:0.6584158484
u_21:0.5964477658
u_22:0.534077148
u_23:0.4715425455
u_24:0.4091142727
u_25:0.3678393588
u_26:0.3624534976
u_27:0.3498271867
u_28:0.3449233258
u_29:0.3223811458
u_30:0.3186060925
u_31:0.337928557
u_32:0.3303726097
u_33:0.3250669782
u_34:0.3297124938
u_35:0.3340511967
u_36:0.3478823672
u_37:0.3399007747
u_38:0.3413706546
u_39:0.3878374362
u_40:0.3964176563
u_41:0.3997286788
u_42:0.4121056084
u_43:0.4048187015
u_44:0.3976134161
u_45:0.3961657466
u_46:0.401529861
u_47:0.3860286733
u_48:0.3932746002
u_49:0.3875809951
u_50:0.3881210881
u_51:0.3907789165
u_52:0.3936333708
u_53:0.4128679499
u_54:0.4211017403
u_55:0.4384117907
u_56:0.5327281959
u_57:0.599934818
u_58:0.6351153729
u_59:0.6468041353
u_60:0.6686088375
u_61:0.6629932548
u_62:0.6627145598
u_63:0.6598970746
u_64:0.6792939548
u_65:0.6796639425
u_66:0.6675743726
u_67:0.6803928494
u_68:0.6814168604
u_69:0.6755057209
u_70:0.6821664859
u_71:0.6782277618
u_72:0.6754125965
u_73:0.6799171946
u_74:0.6815013526
u_75:0.6861325301
u_76:0.6849542377
u_77:0.6808085207
u_78:0.6737465789
u_79:0.5981113507
u_80:0.5751868315
u_81:0.502568367
u_82:0.4564775529
u_83:0.4470663129
u_84:0.4303089204
u_85:0.4228483197
u_86:0.4177883796
u_87:0.4207117717
u_88:0.4065729985
u_89:0.3920400532
u_90:0.3917612116
u_91:0.3818616896
u_92:0.3941686127
u_93:0.392218238
u_94:0.3918221794
u_95:0.3872262472
u_96:0.3920038588
u_97:0.3968966678
u_98:0.3799650405
u_99:0.3621092776
[Objective]
0.01181036491
