[Grid]
nodes:100
dt_0:0.02
dt_1:0.02
dt_2:0.02
dt_3:0.02
dt_4:0.02
dt_5:0.02
dt_6:0.02
dt_7:0.02
dt_8:0.02
dt_9:0.02
dt_10:0.02
dt_11:0.02
dt_12:0.02
dt_13:0.02
dt_14:0.02
dt_15:0.02
dt_16:0.02
dt_17:0.02
dt_18:0.02
dt_19:0.02
dt_20:0.02
dt_21:0.02
dt_22:0.02
dt_23:0.02
dt_24:0.02
dt_25:0.02
dt_26:0.02
dt_27:0.02
dt_28:0.02
dt_29:0.02
dt_30:0.02
dt_31:0.02
dt_32:0.02
dt_33:0.02
dt_34:0.02
dt_35:0.02
dt_36:0.02
dt_37:0.02
dt_38:0.02
dt_39:0.02
dt_40:0.02
dt_41:0.02
dt_42:0.02
dt_43:0.02
dt_44:0.02
dt_45:0.02
dt_46:0.02
dt_47:0.02
dt_48:0.02
dt_49:0.02
dt_50:0.02
dt_51:0.02
dt_52:0.02
dt_53:0.02
dt_54:0.02
dt_55:0.02
dt_56:0.02
dt_57:0.02
dt_58:0.02
dt_59:0.02
dt_60:0.02
dt_61:0.02
dt_62:0.02
dt_63:0.02
dt_64:0.02
dt_65:0.02
dt_66:0.02
dt_67:0.02
dt_68:0.02
dt_69:0.02
dt_70:0.02
dt_71:0.02
dt_72:0.02
dt_73:0.02
dt_74:0.02
dt_75:0.02
dt_76:0.02
dt_77:0.02
dt_78:0.02
dt_79:0.02
dt_80:0.02
dt_81:0.02
dt_82:0.02
dt_83:0.02
dt_84:0.02
dt_85:0.02
dt_86:0.02
dt_87:0.02
dt_88:0.02
dt_89:0.02
dt_90:0.02
dt_91:0.02
dt_92:0.02
dt_93:0.02
dt_94:0.02
dt_95:0.02
dt_96:0.02
dt_97:0.02
dt_98:0.02
dt_99:0.02
[Control]
u_0:0.05246050591
u_1:0.1056054395
u_2:0.1920757111
u_3:0.3031623133
u_4:0.4303452022
u_5:0.5589762758
u_6:0.635782722
u_7:0.6222837027
u_8:0.6824762147
u_9:0.6744249618
u_10:0.7028695955
u_11:0.7037950192
u_12:0.7331565038
u_13:0.7286068861
u_14:0.7332010897
u_15:0.7380584845
u_16:0.7372911997
u_17:0.7361705025
u_18:0.6913886751
u_19:0.7176105153
u_20:0.6569722554
u_21:0.5955932384
u_22:0.5336847623
u_23:0.4715550762
u_24:0.4095356032
u_25:0.3479102306
u_26:0.3729296129
u_27:0.3476802609
u_28:0.3377850484
u_29:0.3101040572
u_30:0.309644677
u_31:0.3224550497
u_32:0.324918565
u_33:0.3135649062
u_34:0.3286795817
u_35:0.333789791
u_36:0.3301829215
u_37:0.3395806893
u_38:0.3233466121
u_39:0.4017811697
u_40:0.4430428065
u_41:0.4389674773
u_42:0.4157701068
u_43:0.3812609981
u_44:0.3982636258
u_45:0.3985596886
u_46:0.4273269009
u_47:0.4257644624
u_48:0.3902931656
u_49:0.376164897
u_50:0.3674513535
u_51:0.3675770271
u_52:0.3852642479
u_53:0.4032915658
u_54:0.3980477954
u_55:0.4401720654
u_56:0.5341789985
u_57:0.5869276808
u_58:0.6320783417
u_59:0.6600322684
u_60:0.6564761054
u_61:0.6528857139
u_62:0.6545203639
u_63:0.6714372901
u_64:0.6933251349
u_65:0.6924410109
u_66:0.6693501031
u_67:0.6783749755
u_68:0.6631198369
u_69:0.6800040113
u_70:0.6856143046
u_71:0.6942072445
u_72:0.6980970828
u_73:0.6892642851
u_74:0.6895768546
u_75:0.6812349838
u_76:0.6875517192
u_77:0.6642486017
u_78:0.6511586905
u_79:0.6458179282
u_80:0.5741680927
u_81:0.5018076889
u_82:0.4615030645
u_83:0.4441140119
u_84:0.41871314
u_85:0.4257109182
u_86:0.4238224555
u_87:0.434552409
u_88:0.4068103453
u_89:0.403380192
u_90:0.3889181937
u_91:0.3847401186
u_92:0.3952950334
u_93:0.3784710652
u_94:0.3983583364
u_95:0.4012318211
u_96:0.3914485211
u_97:0.3807094556
u_98:0.3527575831
u_99:0.3692845111
[Objective]
0.01180594658
