[Grid]
nodes:100
dt_0:0.02
dt_1:0.02
dt_2:0.02
dt_3:0.02
dt_4:0.02
dt_5:0.02
dt_6:0.02
dt_7:0.02
dt_8:0.02
dt_9:0.02
dt_10:0.02
dt_11:0.02
dt_12:0.02
dt_13:0.02
dt_14:0.02
dt_15:0.02
dt_16:0.02
dt_17:0.02
dt_18:0.02
dt_19:0.02
dt_20:0.02
dt_21:0.02
dt_22:0.02
dt_23:0.02
dt_24:0.02
dt_25:0.02
dt_26:0.02
dt_27:0.02
dt_28:0.02
dt_29:0.02
dt_30:0.02
dt_31:0.02
dt_32:0.02
dt_33:0.02
dt_34:0.02
dt_35:0.02
dt_36:0.02
dt_37:0.02
dt_38:0.02
dt_39:0.02
dt_40:0.02
dt_41:0.02
dt_42:0.02
dt_43:0.02
dt_44:0.02
dt_45:0.02
dt_46:0.02
dt_47:0.02
dt_48:0.02
dt_49:0.02
dt_50:0.02
dt_51:0.02
dt_52:0.02
dt_53:0.02
dt_54:0.02
dt_55:0.02
dt_56:0.02
dt_57:0.02
dt_58:0.02
dt_59:0.02
dt_60:0.02
dt_61:0.02
dt_62:0.02
dt_63:0.02
dt_64:0.02
dt_65:0.02
dt_66:0.02
dt_67:0.02
dt_68:0.02
dt_69:0.02
dt_70:0.02
dt_71:0.02
dt_72:0.02
dt_73:0.02
dt_74:0.02
dt_75:0.02
dt_76:0.02
dt_77:0.02
dt_78:0.02
dt_79:0.02
dt_80:0.02
dt_81:0.02
dt_82:0.02
dt_83:0.02
dt_84:0.02
dt_85:0.02
dt_86:0.02
dt_87:0.02
dt_88:0.02
dt_89:0.02
dt_90:0.02
dt_91:0.02
dt_92:0.02
dt_93:0.02
dt_94:0.02
dt_95:0.02
dt_96:0.02
dt_97:0.02
dt_98:0.02
dt_99:0.02
[Control]
u_0:0.0505122891
u_1:0.1028217829
u_2:0.1880510458
u_3:0.2973093318
u_4:0.421806149
u_5:0.5529169913
u_6:0.6822636487
u_7:0.8018254307
u_8:0.9041057972
u_9:0.8114447224
u_10:0.6743346056
u_11:0.8126391254
u_12:0.6627076088
u_13:0.8141046755
u_14:0.947712372
u_15:0.9067953035
u_16:0.8621089479
u_17:0.8137890583
u_18:0.7621781327
u_19:0.7077537647
u_20:0.6510845462
u_21:0.5928012761
u_22:0.5335776665
u_23:0.4741172951
u_24:0.4151448006
u_25:0.3574000177
u_26:0.3016341586
u_27:0.2486073224
u_28:0.1990864246
u_29:0.1538414742
u_30:0.1136336279
u_31:0.2501291784
u_32:0.4079169966
u_33:0.2698115616
u_34:0.4231246223
u_35:0.2892929956
u_36:0.114029194
u_37:0.1492610958
u_38:0.3022295305
u_39:0.5385149953
u_40:0.5215868538
u_41:0.5578253189
u_42:0.5084552932
u_43:0.505770033
u_44:0.5028622731
u_45:0.4232962069
u_46:0.4335272233
u_47:0.3815872447
u_48:0.2078514391
u_49:0.3667955114
u_50:0.2336779197
u_51:0.1254620953
u_52:0.1969022464
u_53:0.2753746087
u_54:0.3589546575
u_55:0.4455702644
u_56:0.5330625291
u_57:0.6192268514
u_58:0.7018460506
u_59:0.7787223977
u_60:0.8477153689
u_61:0.9067967626
u_62:0.7831955803
u_63:0.6314650286
u_64:0.5973496659
u_65:0.7379960426
u_66:0.6854492463
u_67:0.5804814327
u_68:0.7929624744
u_69:0.5724047845
u_70:0.7004346044
u_71:0.6190213017
u_72:0.6437982076
u_73:0.7943741695
u_74:0.9238045148
u_75:0.8762770048
u_76:0.8232793026
u_77:0.7655520051
u_78:0.703958279
u_79:0.6394412845
u_80:0.5729996005
u_81:0.505671593
u_82:0.4385250926
u_83:0.3726504968
u_84:0.3091558094
u_85:0.2491612207
u_86:0.1937864704
u_87:0.3150649987
u_88:0.4579620947
u_89:0.3056781188
u_90:0.445916027
u_91:0.3004865699
u_92:0.1967999633
u_93:0.3920473536
u_94:0.5215056489
u_95:0.4138492261
u_96:0.6974790889
u_97:0.5730601798
u_98:0.6135024347
u_99:0.5318877442
[Objective]
0.01165057301
