[Grid]
nodes:100
dt_0:0.02
dt_1:0.02
dt_2:0.02
dt_3:0.02
dt_4:0.02
dt_5:0.02
dt_6:0.02
dt_7:0.02
dt_8:0.02
dt_9:0.02
dt_10:0.02
dt_11:0.02
dt_12:0.02
dt_13:0.02
dt_14:0.02
dt_15:0.02
dt_16:0.02
dt_17:0.02
dt_18:0.02
dt_19:0.02
dt_20:0.02
dt_21:0.02
dt_22:0.02
dt_23:0.02
dt_24:0.02
dt_25:0.02
dt_26:0.02
dt_27:0.02
dt_28:0.02
dt_29:0.02
dt_30:0.02
dt_31:0.02
dt_32:0.02
dt_33:0.02
dt_34:0.02
dt_35:0.02
dt_36:0.02
dt_37:0.02
dt_38:0.02
dt_39:0.02
dt_40:0.02
dt_41:0.02
dt_42:0.02
dt_43:0.02
dt_44:0.02
dt_45:0.02
dt_46:0.02
dt_47:0.02
dt_48:0.02
dt_49:0.02
dt_50:0.02
dt_51:0.02
dt_52:0.02
dt_53:0.02
dt_54:0.02
dt_55:0.02
dt_56:0.02
dt_57:0.02
dt_58:0.02
dt_59:0.02
dt_60:0.02
dt_61:0.02
dt_62:0.02
dt_63:0.02
dt_64:0.02
dt_65:0.02
dt_66:0.02
dt_67:0.02
dt_68:0.02
dt_69:0.02
dt_70:0.02
dt_71:0.02
dt_72:0.02
dt_73:0.02
dt_74:0.02
dt_75:0.02
dt_76:0.02
dt_77:0.02
dt_78:0.02
dt_79:0.02
dt_80:0.02
dt_81:0.02
dt_82:0.02
dt_83:0.02
dt_84:0.02
dt_85:0.02
dt_86:0.02
dt_87:0.02
dt_88:0.02
dt_89:0.02
dt_90:0.02
dt_91:0.02
dt_92:0.02
dt_93:0.02
dt_94:0.02
dt_95:0.02
dt_96:0.02
dt_97:0.02
dt_98:0.02
dt_99:0.02
[Control]
u_0:0.05282577688
u_1:0.1061274405
u_2:0.192830827
u_3:0.3042619122
u_4:0.4319541564
u_5:0.5411212446
u_6:0.584548051
u_7:0.6150971002
u_8:0.6501736621
u_9:0.7029485217
u_10:0.7281588059
u_11:0.7444447302
u_12:0.7281529095
u_13:0.7352184892
u_14:0.7572120206
u_15:0.7386158217
u_16:0.7523700075
u_17:0.7489214585
u_18:0.7294917722
u_19:0.7156978481
u_20:0.6558354204
u_21:0.5950610179
u_22:0.5336780586
u_23:0.4720728907
u_24:0.4106550384
u_25:0.3498006921
u_26:0.3347989238
u_27:0.314156281
u_28:0.3098080554
u_29:0.3234456692
u_30:0.3274501676
u_31:0.3381622531
u_32:0.3190957134
u_33:0.3227183449
u_34:0.3123678992
u_35:0.3244022412
u_36:0.322683838
u_37:0.320510234
u_38:0.333752179
u_39:0.3856564167
u_40:0.4120317175
u_41:0.4295027523
u_42:0.4584559581
u_43:0.4444043607
u_44:0.4510193112
u_45:0.4469715845
u_46:0.4048617869
u_47:0.4010597801
u_48:0.3696714533
u_49:0.3715808113
u_50:0.3576062563
u_51:0.3328060329
u_52:0.3717906749
u_53:0.3676868136
u_54:0.4191842724
u_55:0.4410596564
u_56:0.5347800036
u_57:0.6007856226
u_58:0.6220476401
u_59:0.6392666351
u_60:0.6691248919
u_61:0.6474780623
u_62:0.674571482
u_63:0.6449129806
u_64:0.6614833003
u_65:0.6958228218
u_66:0.7012267897
u_67:0.7228591391
u_68:0.7177535331
u_69:0.6998622901
u_70:0.7023374575
u_71:0.6643980806
u_72:0.6652273411
u_73:0.6594956322
u_74:0.6859684203
u_75:0.6772859919
u_76:0.7113182784
u_77:0.6793536785
u_78:0.6700793132
u_79:0.6449176964
u_80:0.5736488068
u_81:0.5015891336
u_82:0.4741001995
u_83:0.4398558423
u_84:0.4210238323
u_85:0.3983280072
u_86:0.4020665989
u_87:0.3805705633
u_88:0.4165644923
u_89:0.399387286
u_90:0.4045708271
u_91:0.4457721598
u_92:0.4442933191
u_93:0.4002162127
u_94:0.3551741583
u_95:0.386321629
u_96:0.3795959649
u_97:0.3980835179
u_98:0.3892384847
u_99:0.3180124189
[Objective]
0.01179920585
